-0.0197377502,
-0.0054167739,
0.0195664424,
0.0410424611,
0.0312478912,
0.0441008084,
0.0080609967,
0.0454312752,
-0.0105106492,
-0.0356127634,
-0.0118678919,
-0.0252735063,
0.0424513409,
0.0227220321,
-0.0047617157,
0.0444833797,
0.0330019727,
0.0166059650,
0.0371315666,
0.0156959870,
-0.0041691867,
-0.0477069254,
-0.0067676820,
-0.0378364956,
-0.0439997783,
-0.0242365484,
-0.0246258136,
-0.0036912865,
-0.0135477412,
-0.0127844129,
0.0190728992,
0.0007602678,
0.0400420133,
-0.0016349300,
-0.0279431247,
-0.0306137975,
0.0219380006,
0.0221150415,
0.0377297212,
-0.0521537830,
-0.0110809669,
-0.0217594688,
-0.0068341678,
-0.0230006450,
0.0055260800,
0.0365037708,
-0.0482609273,
-0.0227846470,
-0.0046882985,
0.0292951745,
0.0049394586,
0.0293106232,
-0.0315269228,
0.0151595854,
-0.0435675170,
-0.0413891528,
0.0048108883,
-0.0230629529,
0.0133810128,
0.0355204427,
-0.0423042893,
0.0113586519,
-0.0340807257,
0.0400382158,
-0.0511006664,
-0.0134187147,
0.0325689442,
0.0379269665,
0.0293314204,
0.0101820821,
-0.0168429735,
0.0117662868,
-0.0009449557,
-0.0344226314,
-0.0398310592,
-0.0038552163,
0.0328283585,
-0.0004338335,
-0.0030069281,
-0.0173125029,
-0.0235010999,
-0.0180642495,
0.0077568521,
0.0231020582,
-0.0134807934,
-0.0391925785,
-0.0352310585,
-0.0145956927,
-0.0024921783,
-0.0218289746,
-0.0289134032,
-0.0592971030,
-0.0556108185,
0.0239223420,
0.0243167794,
-0.0509436727,
-0.0008000318,
-0.0085779853,
0.0095165688,
0.0072770556,
-0.0168674184,
0.0179710218,
-0.0067025233,
0.0300924117,
-0.0024116883,
-0.0506196202,
-0.0556733763,
0.0228936344,
-0.0484221067,
-0.0063192497,
0.0200755412,
0.0034159108,
-0.0204205911,
-0.0476918378,
0.0196357568,
0.0249678202,
-0.0141821176,
-0.0617471113,
-0.0091990992,
0.0224822707,
-0.0478804595,
-0.0159080944,
-0.0117564113,
-0.0585650202,
0.0112862829,
-0.0089756328,
-0.0337011995,
-0.0400828063,
-0.0587325378,
-0.0608167338,
-0.0265173254,
-0.0649876303,
0.0260897322,
-0.0346698812,
-0.0322353167,
0.0228724777,
-0.0048526413,
0.0213629015,
-0.0595017946,
-0.0427785959,
-0.0666721699,
-0.0005449352,
-0.0073060657,
0.0070910071,
-0.0109388176,
-0.0155944992,
0.0121967533,
-0.0463282077,
0.0108092784,
0.0100871878,
0.0030360755,
-0.0151594316,
-0.0434202448,
-0.0487768237,
0.0160174820,
0.0125736869,
-0.0423029963,
-0.0096873332,
0.0194372898,
0.0231387411,
-0.0470674429,
-0.0058776414,
-0.0394223723,
0.0040214059,
0.0069393825,
0.0440659714,
0.0079338764,
-0.0343862853,
0.0464833395,
-0.0355061710,
-0.0131674015,
0.0231401615,
0.0078205712,
-0.0333418581,
-0.0211799750,
-0.0023467671,
0.0385659620,
0.0080228603,
0.0339913724,
-0.0308559834,
-0.0152696719,
0.0190304702,
0.0360985832,
0.0361236245,
0.0225711109,
-0.0220747501,
-0.0246913354,
-0.0445209683,
0.0133827216,
-0.0206980687,
-0.0371086662,
-0.0335542664,
0.0091173396,
0.0051436119,
0.0494363382,
0.0265432763,
-0.0329443380,
0.0171234086,
0.0315721434,
-0.0325129886,
-0.0357329994,
-0.0170536428,
0.0223596419,
-0.0265095601,
0.0346818165,
0.0453371521,
0.0347728654,
-0.0149848846,
-0.0487380882,
-0.0282204672,
0.0382735232,
-0.0411018634,
-0.0012961457,
-0.0416310708,
-0.0202544057,
0.0448643570,
-0.0136277631,
-0.0423041165,
0.0060811509,
0.0170567669,
0.0125372265,
-0.0170629020,
0.0258726064,
0.0270771437,
-0.0130495528,
-0.0490411721,
-0.0115624058,
-0.0376924340,
0.0037693525,
0.0164329699,
-0.0024772835,
0.0302485901,
-0.0200971667,
-0.0352338521,
-0.0131196831,
0.0100735824,
0.0178904434,
-0.0255976611,
-0.0207886087,
-0.0012392756,
-0.0070519412,
0.0306334528,
-0.0186072750,
-0.0138102281,
0.0186171348,
0.0097072746,
0.0118495521,
-0.0397060696,
-0.0146837676,
0.0243049896,
0.0111207109,
-0.0438291990,
0.0088689434,
0.0235331238,
-0.0327782014,
0.0041500525,
0.0116834851,
0.0197205542,
-0.0262964622,
0.0184771013,
-0.0153344514,
-0.0082183072,
-0.0199403386,
-0.0127464256,
0.0279825820,
0.0075224985,
0.0271655501,
0.0390322523,
-0.0188048793,
-0.0107947898,
-0.0083057049,
-0.0110862895,
0.0241489085,
0.0313543750,
0.0223656565,
0.0155513345,
0.0089071835,
0.0288123970,
0.0011773776,
-0.0175734645,
0.0231699054,
-0.0453356990,
-0.0233254802,
0.0384188475,
0.0336314145,
-0.0381218492,
-0.0355068461,
-0.0314359565,
-0.0068347507,
-0.0401477256,
-0.0285864984,
-0.0084405655,
-0.0051694523,
-0.0075044876,
-0.0293685256,
-0.0043233227,
-0.0413852809,
-0.0081530692,
-0.0005746445,
0.0293305913,
-0.0174376861,
0.0293004355,
0.0377151339,
-0.0183754888,
-0.0246783147,
0.0187089031,
-0.0141294537,
-0.0345202179,
0.0189417782,
-0.0154315882,
0.0556809225,
0.0357429709,
-0.0258046148,
0.0223571417,
-0.0396612651,
-0.0446962224,
-0.0383343607,
0.0260564654,
-0.0103851357,
-0.0236677131,
0.0091022462,
-0.0131172682,
0.0280049729,
-0.0067287182,
-0.0357723690,
-0.0071004707,
-0.0125460492,
0.0020996082,
0.0377952267,
0.0081218129,
-0.0361257060,
-0.0055197733,
-0.0345925389,
-0.0006717052,
-0.0030489377,
-0.0133159011,
0.0001531263,
0.0145342607,
-0.0357730280,
-0.0410954379,
-0.0252588598,
-0.0303895915,
0.0140789411,
0.0257815808,
0.0090384808,
0.0197034291,
-0.0224272533,
0.0101433095,
-0.0340651270,
0.0014249194,
-0.0180777761,
0.0361469128,
0.0215396604,
0.0252075398,
0.0053598981,
-0.0300586163,
0.0248303749,
-0.0374589136,
-0.0227020553,
-0.0170282374,
-0.0210419982,
-0.0393503725,
-0.0408854169,
0.0048668978,
-0.0158448084,
0.0192195458,
-0.0130061156,
0.0118169036,
0.0132163774,
-0.0329411927,
0.0121163599,
-0.0316488694,
-0.0215310373,
0.0297460984,
0.0158389708,
0.0101970233,
0.0006303486,
-0.0094928689,
0.0017135127,
0.0176183099,
-0.0394267997,
0.0292991754,
0.0020897454,
-0.0488989542,
-0.0125543995,
-0.0510337288,
-0.0435714043,
-0.0229480930,
0.0254409873,
-0.0231070174,
-0.0128310207,
-0.0091438245,
0.0133089820,
0.0035555726,
0.0099156623,
-0.0104358085,
0.0270057540,
-0.0276459930,
-0.0330284854,
-0.0069461401,
-0.0331835818,
0.0094553523,
0.0264852837,
-0.0014077968,
0.0202615868,
0.0390463721,
0.0058757514,
0.0285932728,
-0.0184865531,
-0.0485883511,
-0.0565368119,
-0.0107374141,
0.0016048385,
0.0097118425,
-0.0299275852,
0.0317697196,
-0.0019572792,
0.0094216057,
-0.0428017245,
0.0191199188,
0.0021491312,
-0.0182743080,
0.0255432904,
-0.0519921093,
-0.0003627309,
-0.0094895958,
-0.0255498422,
-0.0477107480,
0.0154187570,
0.0413665846,
-0.0205142240,
0.0386390037,
0.0280251371,
-0.0358339449,
-0.0503943106,
-0.0359933204,
-0.0470450551,
-0.0201273581,
0.0369697188,
0.0013913782,
0.0339235460,
-0.0212666481,
0.0125944300,
-0.0348265777,
0.0181955258,
0.0197808087,
0.0241354394,
-0.0138187044,
-0.0436012474,
0.0186106297,
0.0202585938,
0.0346743068,
-0.0295512296,
0.0450362381,
-0.0448820015,
-0.0125343587,
0.0157572415,
-0.0285783869,
-0.0432398835,
0.0185132752,
-0.0444502108,
-0.0267895823,
0.0160067151,
0.0222275619,
0.0406161100,
0.0307759813,
-0.0492995239,
-0.0012474286,
-0.0350798470,
0.0161194499,
0.0178480235,
0.0168202843,
-0.0378354824,
-0.0239527323,
0.0108216967,
0.0044588028,
0.0076625281,
-0.0117228261,
0.0048400059,
-0.0547812432,
0.0263046124,
-0.0155263998,
-0.0337777059,
0.0157074095,
-0.0107489962,
0.0228546779,
0.0147828498,
0.0267669718,
-0.0286719876,
0.0006871604,
-0.0322927054,
-0.0222359324,
0.0148670201,
-0.0446458747,
-0.0152691913,
0.0219601625,
-0.0185723330,
0.0397978999,
0.0292110733,
-0.0109134298,
-0.0176650049,
0.0172597362,
0.0482088593,
-0.0299082300,
0.0182082797,
-0.0279983502,
0.0274881353,
0.0403030488,
-0.0405328622,
0.0144251316,
0.0314758121,
0.0183518443,
0.0078359137,
0.0395013115,
0.0032596724,
0.0199576243,
-0.0039941066,
0.0123099794,
0.0011416236,
0.0499657523,
-0.0319463993,
-0.0333632073,
-0.0155954429,
-0.0171974697,
0.0195099738,
0.0224084981,
0.0450718811,
-0.0198515079,
0.0415441977,
0.0280447451,
-0.0135154511,
0.0450882178,
-0.0025917895,
-0.0128883535,
0.0187057966,
0.0171357661,
-0.0041295849,
0.0056006213,
0.0368382936,
0.0250505301,
-0.0003487556,
-0.0346856388,
0.0577987227,
0.0060648098,
0.0152938107,
0.0150575970,
-0.0401566669,
0.0197521620,
0.0055008399,
-0.0379822655,
-0.0131327440,
-0.0398838563,
-0.0220569029,
-0.0212600367,
0.0009279594,
-0.0147139691,
-0.0234686083,
-0.0189900548,
0.0251635829,
-0.0248336722,
-0.0222100494,
0.0083986251,
-0.0399712758,
-0.0463709283,
0.0085606083,
-0.0196790504,
0.0083081693,
-0.0182841654,
-0.0091393248,
0.0218767441,
-0.0271975790,
-0.0369361651,
0.0170819392,
0.0311510225,
-0.0123091911,
-0.0167257967,
0.0210323905,
0.0320620908,
-0.0021352962,
0.0225448733,
0.0037291374,
-0.0328576210,
0.0187037769,
-0.0064153785,
0.0140154395,
0.0344813113,
0.0204743760,
0.0339301098,
0.0061935857,
0.0118764604,
0.0301126768,
-0.0085986210,
0.0046681234,
-0.0116931785,
-0.0144142539,
0.0468349655,
-0.0287451217,
-0.0383212410,
0.0035838486,
-0.0166691302,
-0.0436846494,
0.0104887456,
-0.0297442588,
-0.0430057112,
0.0077293478,
0.0337776071,
0.0269255265,
-0.0161996959,
0.0256461709,
0.0034991342,
-0.0304221093,
0.0181148104,
0.0173901361,
-0.0057543055,
0.0213394138,
0.0459756524,
-0.0012724154,
0.0125217201,
0.0116990026,
-0.0314865681,
0.0212769641,
-0.0489844976,
-0.0142363306,
0.0111854132,
0.0248869825,
0.0016186801,
0.0168808491,
-0.0294195096,
0.0035643785,
-0.0076182626,
-0.0461346719,
-0.0005572079,
0.0110725708,
-0.0204519295,
0.0346733729,
-0.0261511791,
0.0345365452,
0.0159727556,
-0.0279105857,
0.0299692607,
0.0054573269,
-0.0461557298,
-0.0195814889,
0.0262472027,
-0.0372353697,
-0.0403918570,
-0.0071775025,
-0.0278366437,
0.0087493694,
0.0122417272,
-0.0230001751,
0.0129106947,
0.0098461729,
0.0073121841,
0.0114214021,
-0.0264610309,
0.0362362950,
0.0369449140,
0.0412706863,
-0.0359778029,
0.0006536690,
-0.0274929522,
-0.0172526030,
0.0400140327,
-0.0043541622,
-0.0229848952,
-0.0137564108,
0.0435294474,
0.0431733592,
-0.0048961903,
-0.0178556681,
0.0104765000,
-0.0429934954,
-0.0062712551,
0.0478268583,
-0.0007985421,
-0.0190196129,
0.0352724286,
-0.0073111444,
0.0309883406,
0.0385831146,
-0.0115607383,
-0.0265045707,
-0.0283460364,
0.0469731731,
-0.0227148163,
0.0158836745,
-0.0443084023,
-0.0246227535,
-0.0003847613,
0.0190658452,
0.0437001497,
-0.0013626011,
0.0189664538,
0.0188269084,
0.0064001168,
-0.0062101810,
-0.0034217204,
0.0096698777,
0.0036305067,
0.0517831589,
0.0339527374,
0.0351593603,
-0.0036491318,
-0.0368017694,
-0.0239453312,
0.0033861288,
0.0406915515,
0.0125733520,
0.0291616279,
0.0035820867,
0.0187821907,
0.0187978158,
0.0309781470,
-0.0033337709,
0.0381731636,
0.0002255181,
0.0146432416,
0.0450659232,
-0.0085727079,
0.0170917262,
0.0244395402,
-0.0166192416,
0.0261055398,
-0.0416629972,
-0.0296518318,
0.0423165317,
-0.0015947966,
0.0267979780,
-0.0368100782,
0.0109922407,
-0.0211896998,
0.0320350216,
0.0375194655,
-0.0225563854,
0.0007309668,
-0.0455464208,
0.0386262022,
0.0195512854,
0.0237811213,
-0.0468440574,
-0.0522724900,
0.0150357762,
-0.0182545336,
-0.0038882112,
0.0340255474,
0.0077254071,
-0.0072943848,
-0.0460917712,
0.0305894985,
-0.0241895210,
-0.0473353977,
0.0379776952,
-0.0476404319,
0.0327213726,
0.0292910524,
0.0351469780,
-0.0097143219,
0.0314615021,
-0.0030408927,
-0.0398071157,
-0.0186960832,
-0.0221430666,
-0.0292056903,
-0.0129348183,
-0.0163719418,
0.0143062196,
0.0124402788,
0.0305359605,
0.0099844104,
0.0162971542,
-0.0087447998,
0.0169209529,
-0.0476037362,
-0.0193073027,
-0.0295425733,
0.0337578865,
-0.0101862086,
-0.0227120289,
-0.0441837327,
-0.0171633309,
0.0305991820,
-0.0031292941,
-0.0091235885,
-0.0210495451,
-0.0425353127,
-0.0018654714,
-0.0104114900,
-0.0152532072,
-0.0514034680,
0.0299334516,
-0.0374689269,
-0.0362534536,
-0.0128234567,
0.0282223462,
-0.0153612606,
-0.0215174879,
-0.0525123287,
0.0038241739,
-0.0465839176,
-0.0019610961,
0.0298121425,
0.0293728663,
0.0118403225,
0.0283255241,
0.0045941336,
-0.0561577790,
-0.0550915164,
-0.0288014642,
-0.0224876296,
0.0575628548,
0.0223164330,
-0.0056254659,
0.0386155112,
0.0246991529,
0.0097716537,
0.0451493322,
0.0063000569,
-0.0195968347,
0.0536377542,
0.0222131661,
0.0159031425,
-0.0261929205,
-0.0207310044,
-0.0158325626,
0.0256886226,
-0.0184690512,
-0.0166695759,
0.0049314852,
0.0514476508,
0.0305292881,
-0.0104932983,
0.0410655655,
0.0406144123,
0.0240723854,
0.0312942587,
-0.0091676326,
0.0211169321,
0.0328331352,
0.0151753372,
0.0389119711,
0.0157225114,
0.0066012240,
-0.0236980049,
0.0492188150,
-0.0086411580,
0.0186601271,
0.0082174705,
0.0002989105,
0.0077905430,
0.0198251784,
0.0314965714,
-0.0477859610,
0.0336088496,
-0.0193673278,
0.0057708863,
0.0150439669,
-0.0069749964,
-0.0017386471,
-0.0052777155,
-0.0085286182,
0.0202721664,
0.0000072781,
-0.0227958290,
-0.0346729780,
0.0088069800,
0.0015316380,
0.0116714749,
-0.0118077908,
-0.0013147564,
0.0452566130,
0.0083821250,
0.0295706782,
0.0019516391,
-0.0193797409,
-0.0001732906,
0.0513019023,
0.0264463953,
-0.0087686435,
0.0354027273,
0.0528126638,
-0.0094681850,
0.0168237471,
-0.0079274674,
-0.0055540268,
0.0061852336,
0.0290448075,
0.0094995274,
0.0080191915,
-0.0054515644,
0.0126666769,
0.0034300512,
-0.0040351885,
0.0243500045,
-0.0165695149,
0.0143984973,
0.0194524192,
-0.0243764069,
0.0380457708,
0.0352076787,
0.0182231893,
0.0434591930,
-0.0421636114,
-0.0466306505,
0.0318731829,
0.0386477754,
-0.0242475885,
-0.0557509295,
0.0337103979,
0.0083694994,
0.0460272577,
0.0375486152,
-0.0379013048,
-0.0186495441,
-0.0366723488,
0.0147203364,
0.0234376451,
0.0220851384,
-0.0152075862,
-0.0127459522,
-0.0078359224,
0.0045804600,
0.0193752627,
-0.0483519974,
-0.0037455277,
-0.0315721092,
0.0133332447,
-0.0166093683,
0.0148381838,
0.0141558950,
0.0012896159,
-0.0322167274,
0.0255858224,
0.0403055835,
0.0098296836,
0.0107829388,
-0.0038125117,
-0.0155720593,
0.0332036675,
0.0305162290,
-0.0115658074,
0.0230863906,
0.0009192055,
0.0223520965,
-0.0314577832,
-0.0302622902,
0.0211180698,
-0.0235673936,
-0.0082360978,
-0.0443626890,
0.0192041610,
0.0203716132,
0.0228913924,
0.0213470130,
0.0521123434,
0.0123309298,
-0.0265226590,
-0.0063610937,
0.0052125037,
-0.0186119517,
-0.0257762864,
-0.0050165018,
-0.0153240287,
0.0127791995,
-0.0044801619,
-0.0196284258,
0.0362620223,
-0.0304925513,
-0.0393124676,
-0.0203859986,
-0.0438033582,
0.0295396579,
0.0017306102,
0.0551154832,
-0.0091398476,
0.0414525199,
0.0384773068,
0.0356681837,
0.0185857240,
-0.0093962211,
0.0100780706,
0.0216566794,
0.0537962983,
0.0572445940,
0.0116467069,
0.0305453896,
0.0311209487,
0.0209393541,
0.0498959262,
0.0424268613,
-0.0041955441,
-0.0211783269,
0.0406471998,
0.0701415922,
0.0149336238,
0.0040372058,
0.0520164965,
-0.0122042582,
0.0225641736,
-0.0115900671,
0.0182657323,
-0.0098845338,
0.0537691912,
0.0334443246,
0.0275057778,
0.0122430990,
0.0125451641,
0.0135456255,
0.0657151230,
0.0627740725,
0.0656034082,
0.0414798225,
0.0130507862,
-0.0141382191,
0.0643429226,
0.0856115784,
0.0846035494,
0.0867253544,
0.0437859018,
0.0021059248,
0.0059948627,
0.0360319842,
0.0387382398,
-0.0026572435,
0.0867202385,
0.0777202508,
0.0204578648,
0.0456281916,
0.0838451625,
0.0490103553,
0.0122158184,
0.0469223860,
-0.0032215782,
0.0097507227,
0.0751530216,
0.0503537457,
0.0794140079,
0.0634756014,
0.0432981154,
0.0158639663,
0.0136103014,
0.0610932726,
0.0268748246,
0.0646068917,
0.0788761817,
0.0428391522,
0.0434466477,
0.0357925876,
0.0675216671,
0.0538237325,
0.0713132796,
0.0621516830,
0.0431206127,
-0.0466278177,
0.0026504988,
-0.0212166315,
0.0173122129,
0.0374163775,
-0.0470707515,
-0.0328163266,
0.0276910916,
-0.0379597045,
-0.0093862515,
-0.0425284135,
-0.0129070799,
0.0226488587,
-0.0361800401,
-0.0423061727,
-0.0403324206,
-0.0004075551,
0.0303510790,
-0.0266017076,
-0.0035406803,
0.0070271929,
-0.0200049277,
-0.0100916900,
-0.0295900517,
-0.0064378930,
-0.0070734413,
-0.0314329333,
0.0140457924,
-0.0545079929,
0.0421774334,
0.0213637630,
-0.0233388667,
-0.0078297921,
0.0189177644,
-0.0226061631,
0.0217259618,
-0.0282183260,
0.0413795718,
-0.0260748127,
0.0195060488,
-0.0026982227,
-0.0402668161,
-0.0110696053,
0.0076134983,
0.0195073846,
-0.0039678854,
-0.0170199237,
0.0043445940,
-0.0458365743,
-0.0405485202,
-0.0450908224,
0.0416938084,
0.0216435126,
0.0155751144,
-0.0274973221,
0.0291558267,
-0.0213953440,
0.0006251717,
-0.0261094774,
-0.0199798929,
-0.0550037013,
-0.0346312153,
0.0245110605,
-0.0373961519,
-0.0113370875,
-0.0035994544,
-0.0574169408,
0.0268515679,
0.0004874540,
-0.0189408923,
-0.0387033264,
-0.0513428039,
-0.0163578421,
-0.0324319927,
0.0201510809,
0.0081434691,
0.0261268662,
-0.0484049421,
-0.0272496925,
0.0319264769,
0.0044989118,
-0.0119179973,
0.0028920232,
0.0357365903,
-0.0179310464,
0.0290094793,
-0.0312258076,
0.0407933806,
0.0158199049,
0.0183486247,
-0.0184682285,
0.0076347452,
0.0320110348,
-0.0171441425,
0.0223523058,
0.0019824557,
-0.0360395803,
0.0230652723,
-0.0009673577,
-0.0407051318,
-0.0185913458,
0.0378920197,
-0.0239359979,
-0.0162200233,
-0.0158786301,
0.0189302275,
-0.0212470080,
0.0200920693,
-0.0381400170,
0.0119535752,
-0.0042387648,
-0.0251058626,
0.0143965093,
-0.0051380565,
0.0439409520,
-0.0171745027,
-0.0144583467,
0.0292786086,
0.0085075830,
0.0104934502,
0.0450613530,
-0.0010338405,
0.0210798285,
0.0447464385,
0.0158876404,
-0.0343437476,
-0.0524603221,
0.0226946847,
-0.0408366679,
-0.0387771940,
0.0285288559,
-0.0147256015,
-0.0034361376,
0.0423834305,
0.0376214375,
-0.0314645991,
-0.0044044729,
0.0011405431,
0.0390305678,
-0.0243501569,
0.0182424418,
-0.0363449540,
-0.0034419983,
0.0189084378,
0.0320431731,
-0.0200390357,
-0.0144532415,
0.0096794149,
-0.0197847526,
-0.0148671276,
-0.0064069342,
-0.0044139474,
-0.0282106141,
0.0178821609,
0.0290871974,
0.0277288619,
0.0349716905,
-0.0046652741,
-0.0070538871,
0.0042020482,
-0.0086593210,
-0.0367706108,
0.0083289141,
0.0289117960,
-0.0170187182,
0.0053227459,
-0.0334713887,
0.0207986776,
0.0237113779,
0.0408332619,
0.0144400951,
-0.0213465667,
-0.0025752711,
0.0229226317,
0.0058506891,
0.0364886253,
0.0441013269,
-0.0212987330,
-0.0376101522,
0.0099278499,
-0.0060481546,
0.0122718689,
0.0084442170,
-0.0053955110,
-0.0260571442,
0.0334189705,
-0.0026891286,
0.0346872172,
0.0182340391,
0.0248437137,
-0.0023316486,
0.0365606121,
-0.0184805648,
0.0470017350,
0.0010101849,
0.0066828598,
0.0201899536,
0.0066220029,
-0.0216645487,
-0.0085324567,
-0.0329083445,
0.0124981840,
-0.0201591075,
-0.0335763758,
0.0170000423,
-0.0006842177,
-0.0123499840,
0.0200657101,
0.0370844954,
-0.0011351590,
-0.0101480646,
-0.0015011733,
0.0308924407,
0.0288333757,
0.0042091925,
0.0376061200,
0.0014930770,
0.0009465131,
-0.0254753558,
0.0192510481,
-0.0463452805,
0.0344555133,
0.0202326470,
0.0495293580,
0.0047297713,
0.0562726275,
0.0090111351,
-0.0161505877,
0.0503586006,
0.0224246876,
0.0278102596,
-0.0199984769,
0.0080419762,
0.0528386302,
0.0248129712,
0.0279262819,
0.0377190158,
0.0020949480,
0.0054817994,
-0.0038960070,
0.0040501120,
-0.0001906087,
0.0216405312,
0.0387636215,
0.0196523074,
0.0127390640,
0.0094435890,
0.0129016510,
0.0311664713,
-0.0311305143,
-0.0118351880,
0.0527238524,
-0.0182703496,
0.0414896167,
-0.0096330627,
0.0333014873,
-0.0216402031,
-0.0188229753,
-0.0186062536,
0.0057260474,
-0.0014659898,
-0.0000263270,
0.0226212417,
-0.0101954460,
-0.0056914606,
0.0065906856,
-0.0011586635,
-0.0506045261,
0.0000570864,
0.0040786046,
0.0153830156,
0.0346458012,
-0.0127269402,
-0.0130182618,
-0.0089191616,
0.0113324617,
-0.0364423037,
-0.0164770156,
0.0229815784,
0.0206359322,
-0.0338849895,
0.0117244990,
0.0081074120,
0.0319829658,
-0.0044164104,
-0.0326578454,
-0.0327633917,
-0.0104358892,
-0.0197448648,
0.0084495692,
0.0217568721,
0.0314947597,
0.0419411302,
-0.0313050179,
-0.0261707158,
-0.0305670111,
-0.0245690275,
-0.0440941472,
0.0124858592,
-0.0164486389,
0.0268785213,
0.0073127544,
0.0279785430,
-0.0051331555,
-0.0158310086,
-0.0171222893,
0.0242603212,
-0.0072108829,
0.0175806874,
-0.0246558538,
0.0046291904,
-0.0101590632,
0.0012230262,
0.0424721900,
0.0486430026,
-0.0099980761,
0.0329619801,
-0.0232747489,
0.0164457407,
0.0027804934,
0.0268446423,
-0.0043619648,
0.0373180840,
0.0253908365,
0.0058493956,
0.0492151862,
0.0056717913,
-0.0090350888,
-0.0214089746,
0.0047113522,
-0.0016596748,
0.0409583438,
0.0613095409,
-0.0134853942,
-0.0039654908,
0.0084467179,
0.0006410376,
0.0460215218,
-0.0055481181,
0.0262446799,
-0.0116048806,
0.0480343811,
-0.0342595842,
-0.0204189000,
0.0364776490,
0.0029237372,
0.0547381503,
-0.0049351705,
0.0486336509,
-0.0283340082,
0.0049954253,
-0.0281707854,
-0.0218030223,
0.0315619267,
0.0426788320,
-0.0203951612,
0.0283060217,
-0.0129865989,
-0.0050008578,
0.0038983935,
-0.0227005999,
-0.0204560756,
0.0419547849,
0.0537648343,
0.0042480769,
0.0175931643,
-0.0253580450,
0.0233538987,
-0.0017574057,
-0.0096072872,
0.0328777352,
0.0035221080,
0.0172191095,
0.0445819772,
-0.0050755272,
0.0191077246,
-0.0261240481,
-0.0456101533,
0.0403905779,
0.0137818698,
0.0587784666,
-0.0146423193,
0.0099552181,
0.0141033363,
0.0147258679,
-0.0217865100,
-0.0034870537,
0.0054913173,
0.0190155516,
0.0408810829,
0.0353998735,
0.0349399377,
0.0700548667,
0.0177306869,
-0.0114851612,
0.0018510387,
-0.0082860796,
-0.0257094608,
0.0205414555,
0.0213641151,
0.0425291179,
0.0212387935,
0.0263008972,
-0.0168213534,
0.0412368396,
0.0254035807,
-0.0052822314,
-0.0229090733,
0.0424943858,
-0.0145665630,
-0.0302904887,
0.0196781354,
0.0025881160,
-0.0242640687,
0.0136847930,
-0.0295545159,
0.0030136419,
0.0091662013,
-0.0165133520,
0.0015045476,
0.0204441129,
0.0445563396,
-0.0142252822,
0.0165656991,
-0.0173476852,
-0.0123271075,
-0.0118168905,
0.0407008087,
-0.0262797887,
-0.0195902807,
-0.0370637807,
-0.0370703457,
-0.0426530768,
0.0159427004,
0.0060239090,
-0.0370533133,
-0.0145425848,
-0.0245561476,
-0.0552303307,
0.0255782248,
-0.0164309475,
-0.0108592434,
0.0089776877,
0.0090288840,
-0.0385168401,
0.0251930024,
0.0126984372,
-0.0124101823,
-0.0039817511,
-0.0144796570,
-0.0400802323,
0.0079575142,
-0.0236605205,
-0.0373509622,
0.0228683199,
-0.0048710356,
-0.0552119565,
-0.0075540415,
0.0154675493,
0.0158503154,
-0.0029644191,
-0.0121082032,
-0.0381901940,
0.0289191650,
0.0048640015,
-0.0005620745,
0.0035403734,
-0.0064351929,
-0.0431566638,
-0.0355506278,
0.0183245310,
0.0106529414,
-0.0136607427,
-0.0176905909,
-0.0179780179,
0.0075506608,
-0.0353856624,
0.0311262959,
-0.0531035703,
-0.0298335422,
-0.0264936047,
0.0111779819,
-0.0192149015,
-0.0422711399,
0.0238621988,
0.0106697329,
0.0378864183,
-0.0163096334,
-0.0244427229,
0.0172624249,
-0.0167630891,
-0.0213695635,
-0.0115146578,
-0.0184537645,
-0.0146359308,
0.0060091681,
-0.0051704216,
-0.0205247951,
-0.0149596769,
-0.0021517614,
-0.0295582890,
0.0282977806,
-0.0670370787,
0.0058312852,
-0.0060515065,
-0.0417068746,
-0.0297947600,
-0.0373626614,
0.0230247870,
-0.0354622532,
-0.0334975886,
-0.0386106773,
-0.0195613525,
0.0248434446,
0.0103082867,
-0.0060064234,
-0.0403731951,
0.0164992813,
-0.0228620489,
0.0082502528,
-0.0483839058,
-0.0062177379,
-0.0143730321,
0.0078015373,
0.0259957854,
-0.0102757233,
-0.0356166625,
-0.0103092625,
0.0232289598,
0.0172173234,
0.0050688435,
-0.0067446352,
-0.0002864847,
0.0144200229,
0.0084447128,
-0.0110511138,
-0.0304930117,
0.0182958317,
-0.0399584478,
-0.0036287141,
0.0216154236,
0.0088448241,
-0.0462246817,
-0.0360702497,
-0.0536604290,
0.0078848584,
-0.0075975014,
0.0219039716,
-0.0093381733,
0.0089777882,
0.0085911932,
0.0043876703,
-0.0076654013,
-0.0270751355,
-0.0197518980,
-0.0034891215,
-0.0416221326,
-0.0071231431,
-0.0283529480,
-0.0101408237,
-0.0114514413,
-0.0115215423,
0.0272732883,
-0.0161439092,
-0.0368654582,
-0.0184983609,
-0.0537266612,
0.0101831286,
-0.0402562629,
0.0430194723,
-0.0146816357,
0.0218631916,
0.0336829902,
0.0186116503,
-0.0372778017,
-0.0324251426,
-0.0295196070,
0.0008634533,
0.0376547210,
0.0316210066,
0.0247151030,
0.0083151215,
-0.0071751765,
-0.0122169631,
-0.0365722980,
-0.0243453073,
-0.0299079856,
-0.0093010955,
0.0079033624,
-0.0264641340,
0.0256499337,
-0.0301362465,
-0.0212451704,
0.0215523814,
0.0218824818,
0.0471877563,
-0.0298824196,
0.0452592720,
-0.0261798867,
0.0320308738,
-0.0007002975,
-0.0231656800,
0.0478185852,
-0.0113462559,
-0.0019345771,
-0.0121789012,
-0.0314017201,
0.0337649595,
0.0098193774,
0.0329267065,
-0.0139025333,
-0.0270017583,
0.0123743618,
0.0193588504,
-0.0144547438,
0.0113305206,
0.0232982619,
0.0112049832,
-0.0199144494,
-0.0100340458,
0.0221708762,
-0.0235724454,
0.0452142456,
-0.0074747538,
-0.0344784125,
0.0494842718,
-0.0380747519,
-0.0042627101,
0.0002379621,
0.0178329841,
0.0019650839,
0.0387804208,
0.0217410795,
0.0132318396,
0.0174201150,
0.0078998012,
-0.0159386808,
0.0323967388,
-0.0212957844,
-0.0160393243,
0.0077284659,
0.0327637499,
0.0426313179,
0.0190118054,
-0.0152335745,
0.0070960031,
-0.0243698239,
0.0445755088,
0.0509709785,
0.0309146963,
-0.0295930940,
-0.0215688172,
-0.0178959793,
-0.0054324961,
-0.0224095353,
0.0328210240,
-0.0208292836,
-0.0083732953,
0.0253589920,
0.0408425820,
-0.0200341737,
-0.0183886844,
-0.0337676793,
-0.0247435542,
0.0472444824,
0.0297766309,
0.0139109418,
-0.0180239731,
-0.0366177464,
0.0392093033,
0.0044105088,
0.0158458306,
0.0153057989,
-0.0270190428,
0.0297311744,
-0.0159608265,
0.0058305986,
-0.0086619975,
-0.0115711819,
0.0091381063,
0.0257253307,
-0.0181087085,
0.0030674989,
-0.0036793192,
0.0256836028,
-0.0084445482,
0.0484775943,
0.0297077751,
0.0295487980,
0.0005110696,
0.0350705608,
0.0371152038,
-0.0022315046,
-0.0039189062,
0.0392169700,
0.0412879118,
-0.0128369768,
-0.0277787752,
-0.0290233878,
0.0275287885,
-0.0289102494,
0.0642475021,
-0.0104042889,
-0.0233349763,
-0.0308790451,
0.0388639583,
0.0073166004,
0.0022264196,
0.0088146146,
0.0227724356,
-0.0170569604,
0.0448392198,
-0.0019928525,
0.0465635707,
-0.0319466194,
0.0329960539,
0.0519987647,
-0.0007676993,
0.0438969008,
0.0605900780,
-0.0170815194,
0.0489995284,
0.0153313897,
-0.0122994917,
0.0459338893,
-0.0112278771,
0.0240881782,
0.0580316748,
0.0431291129,
-0.0284923865,
0.0235767134,
-0.0152593071,
0.0467140177,
0.0482919265,
0.0213591562,
0.0279713242,
-0.0323214796,
-0.0122751758,
0.0364707110,
-0.0388585836,
0.0005910929,
-0.0035220921,
0.0430577791,
0.0355058581,
0.0123456246,
0.0408357095,
0.0295291046,
0.0317385146,
-0.0204678787,
0.0336333726,
-0.0478112802,
0.0382859739,
0.0331022578,
-0.0286217282,
0.0372983170,
-0.0112219235,
-0.0189055814,
-0.0077948268,
0.0130699910,
0.0125780442,
0.0253146480,
-0.0280754470,
0.0162330543,
0.0315270440,
-0.0507435708,
-0.0232614861,
-0.0404322389,
-0.0340704831,
-0.0515703114,
-0.0295216575,
-0.0154310872,
-0.0039619630,
0.0249640721,
-0.0088856858,
0.0323657338,
-0.0231946430,
0.0063418285,
-0.0196120090,
-0.0335863400,
0.0162671394,
-0.0294470335,
-0.0120769889,
0.0287790640,
-0.0237116889,
-0.0442401680,
-0.0168978796,
0.0247759874,
-0.0424900209,
-0.0420614359,
0.0292281301,
-0.0251518777,
-0.0182937721,
0.0043442073,
0.0216348898,
0.0467119598,
-0.0305137361,
-0.0296822691,
-0.0092293424,
0.0058910599,
-0.0370722903,
-0.0218679556,
-0.0246928767,
-0.0350736148,
-0.0438415538,
-0.0037786915,
-0.0194825213,
-0.0225128270,
-0.0281690214,
-0.0018760668,
-0.0320940756,
0.0421308444,
-0.0212722876,
-0.0011929133,
-0.0419245337,
-0.0148424573,
0.0378095124,
0.0142663612,
0.0250540856,
0.0271313977,
0.0195803045,
-0.0395771812,
0.0179809976,
0.0217122633,
-0.0195778484,
0.0239253243,
-0.0392000515,
0.0110075158,
0.0088014709,
0.0050810959,
-0.0281971248,
0.0026985527,
0.0422862808,
-0.0067295955,
0.0261446333,
-0.0310505590,
0.0322975539,
0.0241506617,
0.0358478038,
-0.0170505554,
-0.0412960038,
0.0099936642,
-0.0337671228,
0.0347556197,
0.0222689608,
0.0178729318,
-0.0355899046,
0.0428244146,
0.0369710520,
0.0216597714,
0.0318144520,
-0.0428595137,
0.0307616482,
-0.0447417996,
-0.0402585840,
-0.0387246985,
0.0453410861,
-0.0401608399,
-0.0186033523,
0.0294887017,
-0.0021079533,
-0.0024622865,
-0.0238650139,
-0.0050180773,
0.0399145555,
0.0391326813,
-0.0487054707,
-0.0310119344,
-0.0374974400,
-0.0151504997,
-0.0141432478,
0.0086034524,
0.0117704444,
0.0194262142,
-0.0421850054,
-0.0124816970,
0.0189293765,
0.0341671749,
-0.0050444885,
-0.0040207735,
-0.0154824075,
-0.0069562728,
-0.0365006401,
0.0090000472,
-0.0287976869,
-0.0112339525,
-0.0404003916,
-0.0166847173,
0.0287596149,
-0.0383288154,
-0.0218627103,
0.0045724444,
0.0108898974,
0.0389493719,
-0.0162770898,
-0.0040853367,
0.0309258294,
0.0062280672,
-0.0493267517,
0.0248967273,
0.0313272451,
0.0045371222,
-0.0316433330,
-0.0327130505,
0.0351608284,
0.0181270489,
0.0556230009,
-0.0340955102,
-0.0445310885,
-0.0026146003,
0.0065393035,
-0.0437624351,
-0.0268898237,
-0.0136861201,
0.0140163313,
0.0524939280,
-0.0359154232,
-0.0304105642,
0.0266370196,
0.0167286339,
0.0413332186,
0.0628165708,
-0.0314607132,
-0.0326264322,
0.0543054494,
0.0438014495,
0.0312088812,
0.0034846225,
0.0092259013,
0.0615989721,
0.0198846706,
0.0387827323,
0.0032449841,
0.0402559019,
-0.0189709310,
-0.0165209055,
-0.0295427700,
0.0051608883,
0.0400969958,
0.0067539868,
-0.0058318940,
0.0608504594,
0.0497843148,
-0.0166194863,
0.0466103868,
0.0196722955,
0.0118308175,
0.0099045916,
0.0177727849,
0.0050817542,
-0.0204400333,
-0.0111362453,
-0.0313101762,
-0.0294513494,
0.0174888471,
0.0348309328,
-0.0209321410,
0.0048903139,
-0.0155728911,
0.0002562142,
-0.0083060257,
-0.0242199856,
0.0100440277,
0.0118549168,
-0.0060695667,
-0.0272951723,
-0.0185818247,
0.0326663832,
0.0574825144,
0.0197238415,
0.0230938832,
0.0093475877,
0.0006429656,
0.0349819749,
0.0171502676,
0.0154323904,
0.0347455115,
0.0025370500,
-0.0003440486,
0.0185278388,
0.0116702610,
-0.0287138855,
-0.0250050994,
-0.0615444332,
-0.0107395422,
0.0221229598,
-0.0150251969,
-0.0074679680,
-0.0073530153,
-0.0225456048,
0.0144327326,
-0.0447388683,
-0.0047996396,
-0.0136810574,
-0.0220087193,
0.0182468130,
-0.0141307556,
0.0316539656,
-0.0460542399,
0.0081650534,
0.0187733821,
0.0038055410,
0.0134922133,
-0.0423700667,
0.0050489108,
-0.0475986589,
0.0006525373,
-0.0432939611,
-0.0207479099,
-0.0536011863,
-0.0510277066,
0.0080247457,
0.0286370426,
0.0220384265,
0.0326161045,
-0.0195685403,
-0.0001736197,
-0.0015550289,
0.0136090465,
0.0132840740,
-0.0282007023,
-0.0230643890,
0.0041233053,
-0.0370669771,
0.0055820226,
-0.0198061792,
-0.0457845094,
-0.0163595265,
0.0182372963,
-0.0105125832,
0.0255338984,
-0.0268924640,
-0.0204391329,
0.0005373237,
-0.0436992723,
-0.0103005656,
0.0131500526,
-0.0451614252,
-0.0270251675,
-0.0366711751,
0.0136362252,
0.0213072283,
0.0285158505,
-0.0551498067,
-0.0591334661,
0.0089016366,
-0.0393179033,
-0.0184020212,
0.0048989011,
0.0103083502,
-0.0522769066,
-0.0430465250,
-0.0323629215,
-0.0321366156,
-0.0063843995,
0.0505401900,
-0.0285030401,
-0.0519720142,
0.0060114684,
0.0241753317,
-0.0041158062,
-0.0044888090,
0.0206665232,
0.0019621421,
0.0404470974,
-0.0213222027,
-0.0250741472,
0.0308844601,
0.0554047209,
-0.0190493478,
0.0129342409,
-0.0012026166,
0.0226826067,
0.0152155222,
0.0150887998,
-0.0072768196,
-0.0169752312,
-0.0217449944,
0.0437522460,
0.0525876904,
-0.0177709806,
-0.0013402193,
-0.0060728061,
0.0084030580,
0.0149456329,
-0.0238670693,
-0.0025914241,
0.0348541611,
0.0572706360,
0.0287928064,
-0.0017356639,
-0.0167133097,
0.0315403975,
-0.0163949935,
0.0171443750,
0.0432547188,
-0.0044503679,
0.0101684506,
0.0074333986,
-0.0166307997,
0.0180918284,
0.0367736605,
0.0104676355,
-0.0248797182,
0.0112574579,
-0.0160033771,
0.0221424387,
0.0197497996,
0.0151983520,
0.0046743624,
-0.0194671505,
0.0309993446,
0.0249312617,
-0.0158100340,
0.0022693725,
-0.0277878745,
0.0231273293,
0.0341356296,
0.0202954952,
-0.0052291369,
0.0242027364,
-0.0390391115,
-0.0046548635,
-0.0278300645,
0.0093560499,
0.0105561061,
0.0379456484,
0.0269531831,
0.0029203679,
-0.0234125970,
-0.0240289577,
0.0076472968,
0.0135540676,
0.0416203088,
0.0286898872,
-0.0031659989,
-0.0509432921,
0.0088538888,
-0.0252689618,
-0.0262435492,
-0.0315557567,
-0.0203973734,
-0.0577335107,
-0.0441667908,
-0.0131538788,
-0.0043643164,
-0.0198945111,
-0.0657440083,
0.0365713224,
-0.0491200516,
-0.0023217573,
0.0156412564,
0.0122993304,
-0.0069512329,
-0.0165836905,
-0.0395732196,
-0.0243286400,
0.0028326813,
0.0200298508,
-0.0088343833,
-0.0521662454,
-0.0127322457,
-0.0332666431,
-0.0317895228,
-0.0429569582,
0.0141844791,
0.0130377350,
0.0213427265,
0.0079679113,
-0.0307962049,
-0.0081337323,
-0.0010386095,
-0.0208030713,
0.0192116973,
-0.0196921115,
-0.0308471962,
-0.0089276173,
-0.0184129863,
-0.0367295143,
-0.0010627378,
0.0025574503,
-0.0325477515,
-0.0339442393,
-0.0201287776,
-0.0188909975,
-0.0186623327,
0.0079040466,
-0.0226207988,
0.0039444512,
-0.0042744061,
0.0123600551,
0.0335027680,
0.0235698535,
-0.0061253227,
0.0171927960,
-0.0466937001,
0.0031757782,
-0.0270012177,
0.0404460561,
-0.0141185666,
-0.0054704291,
0.0242354037,
-0.0067589882,
-0.0091347735,
0.0231012389,
0.0299029518,
0.0035533420,
-0.0340710152,
0.0480544062,
0.0002047455,
-0.0261925386,
0.0052963977,
0.0138924985,
0.0277065500,
0.0115519949,
-0.0320688818,
0.0066310347,
0.0061010396,
-0.0528211029,
0.0129709646,
0.0276571143,
-0.0109587972,
0.0206515899,
0.0414804159,
0.0117969332,
-0.0058437464,
-0.0094889572,
-0.0057625702,
0.0310203344,
-0.0355342828,
0.0271226988,
0.0518475852,
0.0213886183,
0.0300505682,
0.0151406003,
0.0174421957,
0.0232433185,
0.0157021919,
0.0064260656,
0.0090034332,
0.0171440233,
-0.0005487467,
0.0063004770,
-0.0106013976,
0.0288468212,
-0.0408312212,
0.0241783822,
0.0194087490,
-0.0220241144,
-0.0239461001,
-0.0289807511,
0.0058131338,
0.0032595313,
-0.0201264111,
0.0033167360,
0.0230892978,
0.0327131350,
-0.0301735714,
0.0052120864,
0.0073602348,
-0.0013162158,
0.0169737828,
0.0416908508,
-0.0287884732,
0.0146526021,
-0.0110000210,
0.0066317699,
0.0442886579,
-0.0280092682,
-0.0090362008,
-0.0116736377,
-0.0104276036,
-0.0221973747,
-0.0301533569,
-0.0145463736,
0.0001557590,
0.0169430384,
0.0448930751,
0.0113822392,
-0.0113862780,
0.0094328452,
0.0251914064,
0.0476150068,
0.0185119224,
0.0165520353,
0.0267667974,
-0.0362585247,
0.0013230801,
0.0392850472,
0.0080626434,
-0.0239628499,
-0.0161269403,
-0.0010392320,
-0.0163226978,
-0.0206936238,
0.0316016079,
-0.0207257970,
-0.0020003827,
-0.0172974532,
0.0193556710,
-0.0025903832,
-0.0462625269,
0.0072721586,
0.0309082585,
-0.0121307891,
0.0220269437,
-0.0091272274,
-0.0436594465,
0.0043187457,
0.0099909923,
-0.0426650744,
-0.0186012644,
-0.0250789882,
-0.0054769111,
-0.0012140946,
-0.0023530277,
-0.0285706879,
0.0155140450,
-0.0502382955,
0.0201624044,
-0.0427404409,
0.0000980419,
-0.0587988096,
0.0142275802,
-0.0613954137,
-0.0252781517,
-0.0203940812,
-0.0187834374,
-0.0480617652,
0.0168481414,
-0.0082815409,
-0.0241266328,
-0.0358757336,
-0.0158866922,
-0.0010937514,
0.0148034298,
0.0207333874,
-0.0031685448,
-0.0643413359,
-0.0451149114,
-0.0565110807,
-0.0132224722,
0.0003742561,
-0.0525502768,
0.0054005986,
-0.0315877327,
-0.0234831167,
-0.0125875028,
-0.0180456448,
-0.0278237351,
0.0142623011,
0.0221480069,
-0.0113480085,
-0.0088448139,
-0.0225981690,
-0.0010923363,
-0.0473898722,
0.0155456637,
0.0048971757,
-0.0400058793,
-0.0226825781,
0.0157408172,
0.0076334583,
-0.0051822355,
-0.0293073705,
-0.0305735344,
-0.0116051371,
-0.0483832955,
0.0111708224,
0.0007192744,
0.0217489906,
-0.0396624778,
-0.0216686684,
-0.0346358682,
0.0251290574,
-0.0036625323,
0.0245437770,
-0.0060862445,
0.0027617650,
0.0346930506,
0.0136299575,
0.0319090631,
0.0014755860,
0.0256814849,
-0.0278983719,
-0.0024684356,
0.0078607826,
0.0278534904,
-0.0045017382,
0.0252576728,
-0.0045489188,
-0.0204298178,
0.0384942889,
0.0491312860,
0.0551812235,
0.0708609242,
-0.0066659702,
-0.0173349927,
0.0407603608,
0.0112936416,
-0.0128070649,
0.0306809838,
0.0380965949,
0.0342240779,
-0.0255128025,
0.0089571833,
0.0044732362,
0.0385781701,
0.0415444249,
0.0173291014,
-0.0148232901,
0.0420241949,
-0.0184679426,
0.0291716212,
-0.0110549090,
-0.0035999953,
0.0206953646,
0.0438421661,
0.0073615340,
-0.0368358111,
0.0384613162,
0.0001018337,
0.0116814549,
0.0293272153,
-0.0157789980,
-0.0111493766,
0.0045172248,
0.0332349199,
-0.0199747602,
0.0272055713,
0.0038774846,
-0.0020197169,
-0.0004329102,
0.0146936866,
-0.0098553396,
-0.0021618812,
0.0462516052,
0.0335016377,
-0.0483208679,
-0.0128692498,
0.0049584468,
0.0448683347,
-0.0298875042,
-0.0322773513,
0.0208303701,
-0.0167209753,
-0.0216595102,
-0.0125498687,
0.0100216970,
0.0334443181,
-0.0162475541,
0.0314082792,
-0.0271297513,
-0.0268356460,
-0.0124844385,
-0.0265249000,
0.0249246775,
-0.0111571770,
-0.0045402217,
0.0265111466,
0.0243439876,
-0.0095038307,
-0.0323947670,
0.0436903203,
-0.0191999665,
0.0206800222,
0.0016933531,
-0.0218656083,
-0.0012366636,
0.0321669302,
0.0330183041,
-0.0050727246,
0.0145747913,
0.0254677671,
0.0412812682,
0.0634037700,
0.0502915269,
0.0290331372,
-0.0017472897,
-0.0016385252,
0.0046464804,
-0.0259985291,
0.0197256805,
-0.0189575661,
0.0346988064,
0.0363289865,
0.0042287393,
0.0339255716,
0.0465673261,
-0.0245758024,
0.0425081918,
0.0154510538,
-0.0245185489,
0.0133997477,
0.0565072694,
0.0425198255,
0.0255996876,
0.0455402156,
0.0223575301,
0.0347676424,
0.0494000975,
-0.0177910701,
0.0081239025,
0.0426748746,
0.0480889686,
0.0490182525,
-0.0367363964,
0.0248704270,
0.0270736564,
0.0190700786,
-0.0312569492,
0.0578021448,
-0.0149823575,
0.0306219039,
0.0248484434,
0.0314245241,
0.0482728839,
0.0278579211,
0.0475648161,
0.0070764987,
-0.0164908096,
0.0437425251,
0.0138974221,
0.0210950849,
-0.0279777116,
0.0149817021,
-0.0049518206,
-0.0056888660,
-0.0150756325,
0.0496672645,
-0.0330068437,
0.0297385345,
0.0383522499,
0.0428702204,
-0.0288755170,
0.0358236567,
-0.0302325672,
0.0343275108,
0.0524442502,
0.0485563499,
-0.0339977611,
-0.0151343247,
-0.0421296763,
0.0317099551,
-0.0118993277,
0.0198950076,
-0.0482789323,
-0.0270038610,
-0.0103311494,
0.0131441065,
0.0133047053,
0.0058692904,
-0.0322054247,
-0.0190381425,
0.0097012629,
-0.0464235906,
-0.0491188359,
-0.0209948623,
0.0106308009,
-0.0499473384,
0.0216846089,
-0.0475831639,
-0.0473556346,
0.0141003463,
0.0139076730,
-0.0042403014,
0.0033012631,
-0.0295819121,
-0.0475059320,
0.0018843843,
-0.0318082952,
0.0100027431,
-0.0156732554,
-0.0013740476,
0.0191752296,
0.0076090216,
-0.0212576362,
-0.0140119122,
0.0213738939,
0.0003263620,
-0.0099719940,
-0.0446340918,
-0.0243939538,
0.0383048465,
0.0164161519,
0.0144109086,
0.0085786796,
-0.0386025208,
-0.0541836071,
-0.0327244433,
0.0347087123,
0.0155237058,
-0.0073048127,
-0.0163283113,
0.0109369542,
-0.0551476291,
-0.0133986720,
-0.0050539598,
-0.0350845204,
-0.0444941269,
-0.0441528237,
-0.0115712880,
-0.0162937743,
-0.0152145072,
0.0141228268,
-0.0324860069,
0.0333338622,
-0.0352840051,
-0.0329395667,
-0.0337098127,
-0.0443087540,
0.0017271137,
-0.0133874608,
-0.0624008340,
-0.0368216776,
0.0038262334,
0.0389706325,
0.0301517722,
-0.0041808419,
-0.0131054752,
-0.0423355460,
0.0071395388,
0.0227349334,
0.0650943535,
0.0526259098,
0.0097018036,
0.0030301858,
0.0043324227,
0.0417618004,
0.0518004272,
0.0171723502,
0.0218736954,
0.0087584434,
0.0648170154,
-0.0066349073,
0.0286152014,
0.0154977723,
0.0254734197,
-0.0109836648,
0.0137576558,
-0.0187585383,
0.0245129653,
-0.0044561359,
-0.0129370876,
0.0139428808,
0.0063602291,
-0.0105379975,
0.0593100015,
0.0564427432,
0.0634555079,
0.0151110663,
-0.0233069662,
-0.0001065973,
0.0446712160,
0.0610401556,
0.0186311518,
0.0196341353,
0.0516290200,
0.0311142570,
0.0208048377,
0.0537499394,
0.0198941827,
0.0329056689,
0.0377123784,
-0.0043687533,
0.0268019703,
-0.0091018615,
0.0158627353,
0.0034555910,
-0.0220162243,
-0.0007332402,
-0.0125168466,
0.0291839763,
-0.0079094618,
0.0103376388,
0.0066376096,
0.0334163285,
-0.0197613524,
-0.0308106455,
0.0462175218,
0.0329747287,
0.0014484266,
0.0713974201,
0.0500173433,
0.0220971223,
0.0176510917,
-0.0087588617,
0.0315190808,
0.0385993002,
0.0485351766,
0.0022201383,
0.0093720313,
0.0491856878,
0.0387018805,
-0.0255067744,
0.0160328950,
0.0278513521,
-0.0214088261,
-0.0078744652,
-0.0229736831,
0.0754426629,
0.0635664745,
-0.0010619692,
-0.0294208889,
0.0299710211,
-0.0406265081,
-0.0020379781,
0.0239457514,
0.0293113931,
0.0235347448,
-0.0079552087,
-0.0348721314,
0.0075414484,
-0.0285452172,
-0.0382150868,
-0.0182123211,
-0.0152398702,
-0.0019235154,
0.0272337663,
0.0321299837,
-0.0025253560,
0.0024698697,
-0.0640692089,
0.0117291208,
0.0242856042,
0.0084152462,
0.0237013305,
-0.0208976728,
0.0034397402,
-0.0222399219,
-0.0437838691,
0.0019096023,
-0.0020111245,
0.0298625716,
-0.0112686529,
-0.0113434258,
0.0202799927,
0.0126759522,
-0.0364586350,
-0.0071696044,
-0.0098828375,
0.0309533408,
0.0339046364,
0.0164672556,
0.0106392051,
0.0304296106,
-0.0259733555,
0.0353717392,
-0.0167245786,
0.0318766471,
0.0132702048,
0.0062991345,
0.0313772235,
0.0003934824,
0.0259931647,
0.0268193926,
-0.0115867801,
0.0163662812,
-0.0019527002,
-0.0259015186,
-0.0211098291,
0.0381476034,
0.0221781900,
0.0464886601,
-0.0150878890,
0.0466979750,
0.0014382797,
0.0212629705,
-0.0233322495,
-0.0146787224,
0.0120102206,
0.0266684363,
0.0025833964,
0.0002796140,
0.0176343145,
0.0189361787,
0.0444261653,
0.0254436719,
0.0392265209,
0.0418063020,
-0.0351166606,
0.0027862566,
-0.0487064998,
-0.0414476570,
-0.0083235548,
-0.0339802782,
-0.0173707851,
-0.0033266035,
-0.0296750559,
0.0076002774,
0.0103246698,
-0.0028269539,
0.0183811240,
0.0093327598,
0.0293922352,
-0.0321999746,
0.0244039685,
-0.0395464061,
-0.0341951228,
-0.0085147475,
-0.0015404001,
-0.0154455966,
0.0147575796,
-0.0358157630,
0.0033859618,
-0.0326182189,
0.0191436669,
0.0038464047,
-0.0005858217,
0.0263739142,
-0.0132848556,
-0.0104243307,
-0.0239706654,
0.0142318472,
0.0211636477,
0.0355662168,
-0.0005110338,
-0.0399791761,
-0.0167904451,
-0.0172920568,
-0.0032322750,
0.0362922392,
-0.0053814144,
0.0160347653,
0.0269848670,
0.0341957934,
0.0195503199,
-0.0099251245,
-0.0056454175,
-0.0031187310,
0.0271276852,
-0.0388395353,
0.0285532908,
-0.0030801242,
0.0066931780,
0.0235637038,
-0.0365870415,
-0.0313302321,
0.0119737887,
-0.0251790048,
-0.0311733590,
-0.0456659534,
-0.0449450776,
0.0481429478,
0.0058142036,
-0.0324662983,
-0.0205748001,
-0.0066392068,
0.0403879231,
-0.0493496709,
-0.0140482872,
-0.0454243312,
-0.0386551484,
0.0363269138,
-0.0039892448,
-0.0418263625,
-0.0464853744,
-0.0005768102,
-0.0311484686,
-0.0368029459,
0.0271866125,
-0.0427601591,
-0.0435970488,
0.0058353726,
-0.0488544456,
0.0426345700,
-0.0471854911,
0.0237024297,
-0.0360595018,
0.0202699503,
0.0413509317,
-0.0106193414,
-0.0310000365,
0.0021955331,
0.0293810478,
-0.0016071723,
-0.0162517910,
0.0340997903,
0.0420794159,
-0.0491541847,
-0.0267266853,
0.0238411121,
0.0093564920,
0.0086241992,
-0.0432442022,
0.0300527321,
-0.0079991211,
-0.0047431978,
0.0167172040,
0.0224417515,
-0.0233162003,
-0.0326668842,
-0.0214635126,
-0.0006741329,
-0.0026986918,
-0.0139985015,
0.0297249876,
-0.0224319293,
-0.0013698762,
-0.0465032430,
-0.0522702121,
0.0158392351,
-0.0392082098,
-0.0523624561,
0.0110845813,
0.0222257384,
-0.0037636058,
-0.0053063543,
0.0426313510,
-0.0149124226,
-0.0169693990,
0.0032333213,
-0.0061951566,
-0.0235428007,
-0.0469296489,
-0.0126609129,
0.0007154483,
-0.0161697358,
-0.0001046265,
-0.0534620352,
0.0064203953,
0.0035125800,
-0.0154856553,
0.0377883333,
-0.0091296128,
0.0195050463,
0.0101671553,
-0.0181572997,
-0.0321567420,
-0.0510323280,
0.0007015382,
-0.0181751258,
-0.0126992993,
-0.0004550366,
-0.0053757494,
0.0014275390,
0.0295219719,
0.0208864668,
0.0083647720,
-0.0551310678,
0.0049008760,
-0.0298545497,
-0.0291198691,
-0.0479584717,
-0.0303174938,
0.0362671210,
-0.0400079572,
0.0175186260,
-0.0340238789,
0.0158709783,
0.0073141543,
-0.0321946045,
-0.0196396379,
-0.0226978139,
0.0297371328,
-0.0278323338,
-0.0304858766,
-0.0108224926,
0.0335899646,
-0.0220686126,
0.0526580334,
0.0332641693,
0.0345277322,
0.0276031255,
0.0159503446,
0.0442417166,
0.0371509345,
-0.0354804557,
-0.0450072715,
-0.0169338363,
0.0126207520,
0.0393110449,
-0.0305295445,
-0.0063337617,
0.0057913768,
0.0286108035,
-0.0342873252,
0.0275507986,
-0.0273324261,
-0.0184911936,
0.0232007916,
-0.0291471738,
-0.0081064467,
-0.0227020172,
0.0044558857,
-0.0280524885,
-0.0317857703,
-0.0293035579,
-0.0100402496,
-0.0405266484,
-0.0404057636,
0.0260327103,
0.0141308277,
0.0321491351,
-0.0264299411,
-0.0060415494,
-0.0173484402,
0.0378704303,
0.0290400318,
-0.0391658038,
-0.0299995062,
0.0040654646,
0.0412756626,
-0.0382383136,
-0.0113358304,
-0.0303468900,
0.0133492054,
0.0257932959,
-0.0161012844,
-0.0007015629,
0.0130543402,
-0.0402671279,
-0.0059873275,
0.0120137453,
0.0061357196,
0.0182814423,
0.0371255375,
-0.0158120938,
-0.0174903686,
0.0112708043,
0.0288214810,
-0.0363626386,
0.0081541036,
-0.0311353417,
-0.0394713885,
0.0429934103,
0.0021216143,
-0.0201719914,
-0.0096658388,
0.0259538158,
-0.0296308541,
-0.0198771725,
-0.0066549147,
-0.0290066788,
-0.0448823672,
-0.0203026824,
-0.0142245120,
-0.0042844133,
-0.0258022494,
-0.0052865333,
0.0177006230,
0.0002011172,
-0.0173259066,
-0.0189003082,
-0.0263564503,
0.0200012975,
0.0212184542,
0.0113394144,
0.0060113684,
0.0198793777,
0.0089239121,
0.0084194063,
-0.0506520642,
-0.0415865243,
0.0128666217,
0.0273558428,
-0.0173358670,
0.0108718577,
-0.0172346606,
-0.0383683416,
-0.0481611964,
-0.0524090532,
-0.0197136539,
0.0190247655,
-0.0438429611,
-0.0391230906,
0.0039738381,
-0.0129955501,
0.0397784636,
-0.0491504265,
0.0113414354,
0.0010472686,
0.0035904447,
0.0292434215,
0.0445774623,
-0.0447009954,
-0.0245353661,
0.0172907880,
-0.0078805617,
0.0218141370,
-0.0128607682,
-0.0313426892,
-0.0061087051,
-0.0045672642,
0.0298748078,
-0.0354210439,
-0.0147650383,
0.0245263216,
0.0041202090,
-0.0285004267,
-0.0111901877,
0.0257822083,
-0.0161307986,
-0.0303926765,
-0.0358880939,
-0.0033593548,
0.0064544215,
0.0088111879,
-0.0388125824,
0.0351877859,
-0.0363520487,
-0.0011435894,
0.0029204569,
0.0209583717,
-0.0133120066,
-0.0126156135,
-0.0052094591,
0.0392020605,
-0.0266775692,
0.0114991205,
-0.0238814240,
-0.0305546174,
0.0226820345,
0.0423816104,
0.0106274135,
-0.0321114607,
-0.0114649707,
0.0487669115,
0.0398863890,
-0.0162238046,
0.0394947116,
-0.0196330727,
0.0146862844,
0.0003487695,
-0.0067237427,
0.0016178041,
0.0499623056,
0.0093850895,
0.0150655759,
0.0217863471,
0.0470246910,
-0.0316105195,
0.0149491454,
-0.0054427488,
0.0321275115,
0.0400721432,
-0.0369818127,
0.0410821501,
0.0355740511,
-0.0120005561,
-0.0279006497,
0.0075137963,
0.0093269739,
0.0034569187,
0.0018803692,
0.0291791309,
0.0035533294,
-0.0230495819,
0.0154814163,
-0.0211138106,
0.0391445163,
-0.0412351893,
-0.0110088269,
-0.0194483729,
0.0262751145,
-0.0434965700,
-0.0356028251,
-0.0045383305,
-0.0176236295,
-0.0431501318,
0.0040225153,
0.0328465901,
-0.0027694866,
-0.0349641142,
0.0308651843,
0.0300517361,
-0.0095808442,
0.0381761610,
0.0179459001,
-0.0152514583,
-0.0288669661,
-0.0358491372,
-0.0138124154,
0.0148003594,
0.0406192480,
-0.0216330391,
0.0397461991,
0.0330295475,
0.0208470994,
0.0096610308,
0.0363428582,
-0.0198777304,
0.0105803388,
0.0093088718,
0.0051868001,
-0.0267066086,
0.0060933662,
-0.0683762820,
-0.0033918646,
0.0114701271,
0.0234863181,
-0.0601075924,
0.0095873343,
-0.0368884573,
-0.0231621040,
-0.0118977142,
0.0444073421,
0.0094534484,
0.0185990770,
0.0391754013,
-0.0110794916,
0.0006326917,
0.0393994009,
0.0433689204,
0.0043629598,
0.0345367570,
0.0118529225,
-0.0426215531,
-0.0175667371,
0.0366092512,
-0.0283062262,
0.0159269807,
0.0026027671,
-0.0312702501,
0.0286523208,
0.0368675479,
0.0125779128,
0.0031041390,
-0.0356463217,
0.0008685034,
-0.0225686102,
-0.0266129353,
-0.0371762162,
-0.0139984136,
0.0183381120,
0.0157677692,
-0.0553693385,
-0.0025663104,
0.0203321584,
0.0096898919,
-0.0051266108,
-0.0373029090,
-0.0235531248,
0.0021300241,
-0.0037793159,
-0.0358029398,
-0.0354931473,
-0.0104148251,
-0.0364830179,
0.0035055693,
0.0126612089,
0.0035370522,
0.0048567202,
-0.0319338242,
0.0225548569,
-0.0123928806,
-0.0174437090,
-0.0594863044,
-0.0530006804,
-0.0578950797,
0.0164797918,
0.0119499844,
-0.0200468925,
-0.0108231661,
-0.0194651648,
0.0247924430,
-0.0070234301,
-0.0056202581,
0.0392799808,
-0.0403189589,
0.0114416105,
-0.0113767302,
-0.0234810092,
-0.0533776652,
0.0136211974,
-0.0566709429,
0.0160109448,
-0.0087939472,
-0.0186482784,
0.0079153422,
-0.0024654044,
-0.0377606545,
-0.0424791288,
0.0204970004,
-0.0260209448,
-0.0495580432,
-0.0013896260,
-0.0277407498,
-0.0500074256,
-0.0494513462,
-0.0155290734,
0.0112602771,
-0.0376843058,
-0.0415618994,
-0.0035025150,
0.0042341963,
-0.0367159968,
-0.0092146733,
-0.0170197567,
-0.0077382889,
-0.0388365476,
-0.0682977353,
0.0115639928,
0.0191071400,
0.0136702663,
0.0084896583,
0.0148656332,
-0.0592555665,
-0.0202720601,
-0.0047649769,
0.0309705704,
-0.0522053269,
-0.0529500134,
0.0199973105,
-0.0396704434,
-0.0130198435,
-0.0002459892,
0.0063853034,
-0.0574008735,
-0.0128057803,
-0.0109780662,
0.0386331890,
-0.0453958381,
-0.0080098061,
-0.0422777733,
-0.0629170825,
-0.0557328658,
-0.0306850481,
-0.0385083125,
-0.0579413343,
-0.0579104140,
-0.0078768988,
0.0079784370,
0.0016239501,
-0.0274982339,
-0.0369255575,
-0.0500902252,
-0.0089067672,
-0.0539297362,
-0.0489254161,
-0.0431112857,
-0.0298066284,
0.0108216409,
-0.0283531513,
0.0051848176,
0.0043189721,
-0.0494484763,
-0.0281907271,
-0.0146036263,
-0.0278090356,
-0.0049041181,
-0.0428758193,
-0.0694575086,
-0.0222128174,
0.0333064082,
-0.0084360892,
-0.0036411576,
-0.0057531205,
0.0097098814,
-0.0487229947,
-0.0429360631,
-0.0386725020,
0.0022227615,
-0.0270893832,
-0.0032812174,
0.0105544871,
-0.0338559484,
0.0218245462,
-0.0028863214,
0.0006304563,
0.0197920725,
0.0382118755,
0.0333682200,
0.0026339301,
-0.0239074666,
0.0216743414,
-0.0071365488,
0.0053223365,
0.0079506368,
-0.0316088127,
-0.0429720296,
-0.0369468340,
0.0394514736,
-0.0391118964,
0.0276237257,
0.0448089796,
0.0101742802,
-0.0108164231,
0.0431719631,
0.0074839830,
-0.0066657997,
-0.0054242383,
-0.0108134849,
0.0357539978,
-0.0349236899,
-0.0016518843,
0.0423160109,
0.0086631229,
-0.0199168499,
0.0075986434,
-0.0219654083,
-0.0360076839,
0.0212207535,
-0.0138569676,
0.0228596770,
-0.0338448155,
0.0046696980,
0.0032127116,
0.0165764084,
-0.0280369445,
-0.0143438264,
-0.0051313233,
-0.0100849635,
0.0365210177,
0.0373044897,
-0.0304133875,
0.0110793330,
-0.0345278398,
0.0133828374,
0.0221874528,
0.0327222454,
0.0168572280,
-0.0436224782,
-0.0196823696,
-0.0225835753,
-0.0306606994,
0.0263252013,
0.0315516589,
-0.0388821593,
0.0431763556,
-0.0402865681,
-0.0458658021,
0.0061755608,
0.0288758137,
-0.0335453943,
-0.0311819089,
-0.0238976696,
0.0318205898,
-0.0211427840,
-0.0214671259,
0.0301855953,
0.0277915890,
-0.0101624701,
0.0430280165,
0.0120185368,
-0.0318458412,
-0.0273121055,
-0.0133421028,
0.0084291777,
0.0060922292,
0.0305327312,
-0.0206914859,
0.0157305240,
0.0337988790,
-0.0152969362,
-0.0311787174,
0.0437577097,
0.0042964445,
-0.0121268736,
-0.0392150676,
-0.0270616341,
-0.0188216057,
0.0494832533,
0.0357119924,
-0.0177965834,
0.0122093807,
-0.0138050056,
-0.0365617325,
0.0278598365,
-0.0490301144,
0.0500493785,
0.0057493233,
-0.0489424230,
0.0403421328,
0.0004289666,
0.0498530719,
0.0274617639,
-0.0206915884,
0.0127053984,
-0.0205384033,
-0.0190528154,
0.0141010085,
-0.0207855051,
-0.0114490745,
0.0013969476,
0.0224994450,
-0.0068759857,
-0.0340882776,
0.0281555318,
-0.0250389506,
0.0113946640,
-0.0136192867,
0.0078535567,
0.0004140496,
0.0074940862,
-0.0063330117,
0.0396678909,
0.0560851323,
-0.0190904278,
-0.0143758590,
0.0282064177,
0.0372271732,
-0.0170791617,
0.0078639271,
-0.0309991326,
0.0197988715,
-0.0086018535,
-0.0141661462,
-0.0276105153,
-0.0217114500,
0.0232820013,
-0.0086996423,
0.0191930845,
-0.0245688371,
0.0248276357,
0.0047796399,
0.0543074310,
0.0237035261,
0.0103318816,
0.0016009426,
0.0486812909,
0.0147524445,
-0.0274267468,
0.0018530069,
0.0424440362,
0.0251165741,
-0.0117594510,
-0.0272638718,
-0.0308623002,
-0.0130316691,
0.0359926183,
0.0344676864,
0.0187276972,
-0.0048304660,
0.0336666503,
0.0388884596,
0.0179205021,
-0.0269544852,
-0.0338049613,
0.0307697345,
0.0616781719,
0.0242521395,
-0.0220417570,
-0.0255259483,
0.0302283043,
0.0327639106,
-0.0274995195,
0.0325745031,
-0.0336529869,
0.0423066085,
0.0174850892,
-0.0095078241,
0.0165597709,
0.0060416466,
-0.0401870194,
0.0447104671,
0.0129525878,
0.0118446136,
-0.0131593069,
0.0148858658,
-0.0376663645,
0.0138193681,
0.0446421194,
-0.0449885504,
0.0047356036,
-0.0005467920,
-0.0440614577,
0.0494003850,
0.0229572079,
0.0092985584,
-0.0377398453,
-0.0300579786,
0.0190553017,
-0.0081508247,
0.0310847944,
0.0059737054,
0.0068453279,
0.0439453172,
0.0470111351,
0.0196446303,
0.0307675565,
0.0446055544,
0.0089651875,
-0.0328468640,
0.0501156297,
0.0427511977,
-0.0273035315,
0.0490693268,
-0.0137898662,
0.0408001657,
0.0286631868,
-0.0263739249,
-0.0234387221,
0.0124454559,
0.0307771629,
-0.0147256759,
0.0313193071,
0.0031254537,
0.0205595285,
-0.0033583549,
0.0136383878,
-0.0006753309,
0.0106357868,
-0.0130976821,
0.0019930137,
0.0448480649,
0.0263501561,
-0.0181391575,
0.0520020935,
0.0117936678,
0.0048973182,
0.0182734477,
0.0071785893,
0.0248643724,
0.0366543035,
0.0052885823,
0.0302184288,
0.0078064223,
0.0433463961,
0.0263326516,
0.0525356516,
0.0340399022,
-0.0229294524,
0.0057017172,
0.0531129944,
-0.0058461957,
-0.0364623547,
-0.0195377818,
-0.0304342701,
0.0185066519,
0.0455954874,
-0.0319217600,
-0.0109153714,
-0.0014547649,
-0.0008245670,
-0.0305955105,
0.0260842152,
0.0009119243,
-0.0255047265,
-0.0276402348,
0.0605828519,
0.0399628158,
0.0413561245,
-0.0094033530,
-0.0247897481,
0.0241208575,
-0.0117064798,
-0.0333186827,
-0.0242641426,
0.0378304734,
-0.0293311288,
-0.0262058745,
0.0313852505,
0.0284038638,
0.0030206858,
0.0128216317,
-0.0231140348,
0.0496686334,
-0.0065294840,
-0.0109917031,
0.0188123030,
0.0272129578,
0.0034612184,
-0.0030862129,
0.0315162790,
-0.0171506437,
0.0175779563,
0.0287008826,
0.0469991952,
0.0377369504,
0.0006170170,
-0.0298758982,
0.0119423247,
0.0384568692,
0.0382260742,
0.0109321768,
-0.0145952051,
-0.0108919921,
0.0493951650,
-0.0044328966,
0.0354088884,
0.0153544102,
0.0103008896,
0.0166832564,
-0.0339663257,
-0.0516136951,
0.0016016672,
0.0054235007,
-0.0070132505,
0.0229055203,
-0.0097304904,
-0.0088753846,
0.0186630597,
0.0152902280,
0.0214765166,
-0.0386427517,
0.0203140120,
-0.0155495549,
0.0262798735,
0.0386453067,
-0.0259439589,
0.0260709504,
-0.0093438917,
0.0239909079,
-0.0219215070,
-0.0337046909,
0.0338638049,
-0.0143059478,
-0.0137197872,
0.0407247817,
-0.0171439550,
-0.0264339046,
0.0370890396,
0.0271634414,
0.0503488599,
0.0165610791,
-0.0158057486,
0.0080582643,
0.0009601902,
-0.0092473362,
-0.0284972562,
-0.0249096146,
0.0369972767,
-0.0119426710,
0.0270894885,
-0.0241408519,
0.0032717298,
-0.0204349909,
0.0401457384,
-0.0112034312,
0.0159384257,
0.0432678365,
-0.0056396872,
-0.0092922985,
-0.0002708969,
0.0473231399,
0.0300512314,
-0.0398564087,
0.0174565669,
-0.0148337239,
-0.0371311141,
-0.0047392440,
0.0507535145,
-0.0091533435,
0.0332428267,
-0.0370514203,
-0.0497353318,
-0.0394275281,
0.0268453909,
-0.0283048724,
-0.0235174292,
-0.0442347411,
-0.0112020146,
0.0462545897,
-0.0083381772,
-0.0481912658,
-0.0137939231,
-0.0203338845,
0.0365781537,
-0.0292091914,
-0.0264296841,
0.0227928982,
0.0054016005,
0.0094562961,
0.0423286843,
-0.0286077368,
-0.0057521275,
0.0031863800,
-0.0190306986,
0.0285805102,
0.0042903682,
0.0174428081,
-0.0092558513,
0.0024073679,
0.0061572302,
0.0450799390,
0.0219820501,
-0.0126577838,
0.0042537904,
-0.0415616685,
-0.0199721668,
-0.0025518952,
-0.0313800516,
-0.0044733377,
-0.0272812649,
-0.0273106898,
0.0115053255,
-0.0079689425,
-0.0293944009,
-0.0224473547,
0.0072472464,
-0.0168606130,
0.0473944668,
-0.0337613661,
-0.0287325717,
0.0223843162,
-0.0346812741,
-0.0054917670,
-0.0120317247,
-0.0014610536,
-0.0420580328,
0.0338379095,
0.0499807773,
0.0057887327,
0.0008921374,
-0.0366693616,
-0.0261353324,
-0.0122790342,
-0.0000686229,
0.0182894515,
-0.0127114180,
0.0260373521,
0.0139552908,
-0.0499800580,
0.0294232967,
-0.0282686932,
0.0248592322,
0.0028662093,
-0.0338501728,
0.0358221042,
-0.0220483991,
0.0346053298,
0.0096330596,
0.0096119415,
-0.0002874880,
-0.0020017789,
0.0173566072,
-0.0004847652,
-0.0155887423,
-0.0108193000,
0.0324974058,
0.0326329712,
-0.0408216820,
0.0506088039,
0.0345758528,
-0.0151466708,
0.0155373529,
0.0242470394,
-0.0109326059,
0.0343365141,
0.0002912703,
-0.0028644849,
-0.0447945957,
0.0090914007,
0.0334982998,
0.0259016722,
-0.0190828740,
-0.0037989628,
0.0214778549,
-0.0347354399,
-0.0367959895,
0.0010995537,
-0.0013894324,
-0.0221118777,
-0.0051698623,
0.0176024611,
-0.0021548779,
-0.0102816661,
-0.0296495502,
-0.0372394372,
0.0200667267,
-0.0407004769,
-0.0519985280,
-0.0101513829,
0.0198310130,
0.0062270043,
0.0045866364,
0.0368151326,
0.0187243320,
-0.0129597813,
0.0176981244,
0.0258734007,
-0.0348909004,
0.0167599628,
0.0405203310,
0.0040178219,
-0.0291381204,
0.0290151986,
0.0384195183,
-0.0151450878,
0.0597636067,
0.0022191274,
-0.0127626719,
0.0331045117,
-0.0239627808,
-0.0147959622,
-0.0266117513,
-0.0129991767,
-0.0192116736,
-0.0155447262,
0.0129175972,
-0.0015225252,
0.0109021964,
0.0051549475,
0.0174161959,
-0.0040358537,
0.0018937916,
0.0146187456,
-0.0018039282,
0.0476623072,
0.0405780650,
0.0234485770,
-0.0041178447,
-0.0166068276,
0.0196553266,
0.0290979740,
-0.0026307080,
-0.0167324834,
-0.0074336426,
0.0402595334,
0.0261156731,
0.0437573916,
0.0374022873,
0.0304304789,
0.0035319471,
0.0480115000,
0.0543692375,
0.0125629704,
0.0090172557,
0.0322708490,
0.0228853383,
-0.0015382247,
0.0128746393,
0.0758346612,
0.0397696825,
0.0025230065,
0.0556640635,
-0.0201894664,
0.0152990256,
0.0194925224,
0.0182958016,
0.0355904242,
0.0197050594,
-0.0123696702,
-0.0515583150,
0.0065603849,
0.0095190178,
0.0317120617,
0.0145835388,
-0.0027038391,
-0.0276683287,
0.0378963086,
0.0039852296,
0.0130246376,
-0.0041550371,
0.0327256648,
0.0042369812,
-0.0446881956,
-0.0472391473,
-0.0379683592,
0.0185683623,
-0.0087674384,
0.0072341049,
0.0337736390,
-0.0144626057,
-0.0142360243,
0.0331924362,
0.0327937116,
-0.0044106668,
-0.0074044644,
-0.0197798781,
-0.0102415053,
-0.0002281137,
-0.0410150691,
0.0202870514,
-0.0132734054,
0.0230123173,
0.0022478139,
0.0112590190,
-0.0044323119,
-0.0019379221,
0.0306653368,
0.0234603499,
-0.0118136459,
0.0382048005,
-0.0281469746,
0.0267540122,
-0.0338341335,
-0.0230674398,
-0.0487082300,
-0.0270159991,
0.0292013806,
-0.0046038837,
0.0021531265,
0.0079283650,
0.0197741589,
-0.0215317342,
-0.0055670546,
-0.0599727933,
-0.0047973437,
0.0046657440,
-0.0407919122,
-0.0452161580,
-0.0242499128,
0.0022522902,
-0.0026745998,
-0.0050883905,
0.0154859152,
-0.0293451959,
-0.0192854201,
0.0127769516,
-0.0476661975,
-0.0213319715,
-0.0079855624,
-0.0056457321,
0.0171821548,
-0.0282952357,
-0.0010943304,
-0.0372088923,
-0.0242311246,
-0.0403639886,
-0.0042131880,
-0.0461774945,
0.0060550831,
-0.0287200987,
-0.0612015988,
0.0183520485,
-0.0305775512,
-0.0701168573,
-0.0451254523,
-0.0057881485,
-0.0588267136,
-0.0278984784,
-0.0190044584,
-0.0210000357,
-0.0371878491,
0.0140776263,
-0.0690186596,
-0.0219221397,
-0.0154225641,
-0.0620931688,
0.0160870147,
-0.0444335829,
0.0026599141,
-0.0008136203,
-0.0730062013,
-0.0058451367,
0.0100231199,
-0.0544505116,
-0.0627733499,
-0.0402156763,
0.0263862950,
-0.0252166712,
0.0014278047,
-0.0099111547,
-0.0481856865,
-0.0058575343,
-0.0454882709,
-0.0461488263,
-0.0432463619,
-0.0439491685,
-0.0416117137,
0.0208416944,
-0.0264538584,
-0.0052618683,
-0.0388049816,
-0.0421295926,
0.0103703380,
-0.0090738965,
-0.0141216172,
-0.0135296387,
-0.0579513165,
0.0144838063,
-0.0279849329,
-0.0207498469,
-0.0295676826,
-0.0120420413,
0.0098119238,
-0.0324443492,
-0.0288492097,
-0.0606162915,
-0.0397053869,
-0.0326213818,
-0.0414425790,
0.0052096463,
0.0042518378,
-0.0481200463,
-0.0543208022,
-0.0572518478,
-0.0649655557,
-0.0233158294,
0.0018269176,
-0.0207994656,
-0.0713755998,
-0.0334965899,
0.0172299544,
0.0160803434,
-0.0155166392,
0.0008089703,
0.0015672851,
-0.0271428236,
-0.0299580125,
0.0181258896,
-0.0542876508,
-0.0065578444,
-0.0227253532,
-0.0206573698,
-0.0075709503,
-0.0371555560,
-0.0353754689,
-0.0327404028,
-0.0107640520,
-0.0162494472,
-0.0509134982,
-0.0235836498,
-0.0091247889,
0.0005921140,
-0.0018045153,
-0.0051506126,
0.0218707135,
-0.0522918133,
0.0224318996,
-0.0186553377,
0.0021800231,
-0.0080682828,
-0.0562555713,
0.0173727752,
-0.0217364900,
0.0054389826,
-0.0354074003,
-0.0118062247,
-0.0078898115,
-0.0018706682,
-0.0545391317,
-0.0394021774,
-0.0120556861,
-0.0122912453,
0.0255504978,
-0.0504129571,
-0.0496828342,
-0.0399293036,
0.0234398633,
0.0089167352,
0.0143410369,
0.0039330488,
-0.0241059839,
0.0022973110,
0.0207248582,
-0.0160518223,
-0.0090365955,
-0.0446093530,
-0.0362606609,
-0.0211073796,
-0.0104547998,
0.0190780097,
0.0127497041,
0.0148357080,
0.0084062234,
0.0238262539,
-0.0213793530,
0.0187645305,
-0.0476015051,
-0.0280541320,
-0.0102730109,
-0.0082690687,
0.0502944527,
-0.0309213686,
-0.0003490825,
-0.0028911307,
-0.0226329892,
-0.0142758708,
0.0024600571,
0.0310917556,
-0.0177935478,
0.0428163589,
-0.0168343621,
-0.0411861053,
-0.0052820016,
0.0287392533,
0.0339245236,
-0.0001860836,
0.0274430227,
-0.0337461154,
0.0398441947,
0.0113261185,
0.0052724147,
0.0152556425,
0.0287796546,
-0.0199503154,
0.0143188943,
-0.0088278291,
-0.0206870910,
-0.0012126194,
0.0195875680,
-0.0196144561,
0.0157745270,
0.0231969230,
-0.0164072801,
0.0253873834,
0.0236367281,
0.0077323738,
-0.0208495737,
-0.0141583781,
-0.0190120777,
-0.0424692268,
0.0260997340,
-0.0223291425,
0.0272049503,
0.0128177787,
0.0104053071,
-0.0171119463,
0.0287349768,
0.0479503173,
-0.0129861378,
0.0281307356,
0.0124628420,
0.0500757872,
0.0290965491,
0.0186361148,
-0.0396712505,
-0.0412602820,
0.0208210392,
0.0100178962,
0.0290365123,
0.0022313351,
0.0113710891,
0.0236653372,
-0.0226496387,
-0.0092146327,
0.0110488897,
0.0570125077,
-0.0006858818,
-0.0058677688,
-0.0043506905,
-0.0118033126,
0.0030053789,
-0.0284062791,
0.0387298455,
0.0392958382,
-0.0329812905,
0.0380709489,
0.0002426853,
0.0411417628,
-0.0260607823,
0.0384314204,
-0.0223938945,
-0.0204020517,
0.0221924532,
-0.0105226816,
-0.0461623731,
-0.0174346969,
0.0104932288,
-0.0281190024,
-0.0056960057,
-0.0015192005,
0.0311525616,
-0.0067411812,
0.0033212460,
-0.0297816355,
0.0227306686,
0.0403496416,
0.0035992031,
-0.0070467180,
0.0118031050,
0.0247041081,
0.0394645262,
0.0052157183,
0.0281076490,
-0.0305231970,
0.0239761632,
0.0157645072,
0.0544321491,
-0.0098939088,
0.0345418237,
0.0081107269,
-0.0100178133,
-0.0105309066,
-0.0219490052,
-0.0212488694,
-0.0488620671,
-0.0334012386,
-0.0618742656,
-0.0048743505,
-0.0300595916,
0.0067994609,
-0.0390226846,
-0.0004815954,
0.0264313151,
-0.0395533940,
-0.0216364626,
-0.0362662546,
-0.0048846429,
-0.0345216472,
-0.0101250438,
0.0073702433,
-0.0078340644,
-0.0272384119,
-0.0077382272,
0.0176324139,
0.0321243513,
-0.0367278465,
-0.0292196453,
-0.0130147605,
-0.0041435648,
-0.0026900676,
0.0359623437,
-0.0520851517,
-0.0216936330,
-0.0144686846,
0.0130776509,
-0.0059403274,
-0.0129041421,
-0.0324136266,
0.0368663007,
0.0254580335,
0.0177779697,
-0.0424273984,
0.0328980349,
-0.0101930327,
-0.0061551478,
0.0128103372,
-0.0094257430,
-0.0262250494,
0.0440852360,
-0.0306865012,
-0.0130094046,
-0.0207561561,
0.0050701079,
0.0068828201,
-0.0082286203,
-0.0264460043,
0.0363508618,
0.0419815067,
-0.0083029096,
0.0165196187,
0.0133403249,
-0.0474929328,
0.0504563571,
0.0069691249,
0.0274297945,
-0.0378071749,
-0.0155924666,
-0.0021571451,
-0.0056858838,
-0.0386423719,
-0.0357894144,
0.0156713178,
-0.0545226438,
-0.0427381760,
-0.0307250531,
-0.0125603719,
0.0225466150,
-0.0056653274,
-0.0038855851,
-0.0106843006,
-0.0093387742,
0.0198591863,
0.0137422823,
-0.0358284262,
-0.0149246575,
0.0131810059,
0.0099640553,
0.0007620558,
-0.0232309288,
0.0381575359,
-0.0118367224,
-0.0023366823,
0.0116342954,
-0.0175197044,
-0.0295061146,
-0.0026531228,
-0.0378400179,
-0.0039547529,
0.0256984296,
-0.0240005129,
-0.0112980083,
0.0282872275,
0.0273033824,
-0.0061628717,
0.0256942909,
0.0392389695,
0.0290748928,
0.0146901367,
0.0414171047,
-0.0017475501,
0.0390836207,
0.0033328682,
0.0179883898,
0.0397056503,
-0.0051749194,
0.0076164478,
-0.0291071215,
-0.0454934671,
0.0377469733,
0.0042846014,
-0.0335918831,
0.0134755241,
0.0084308025,
0.0095771657,
0.0071263700,
-0.0134798089,
0.0001872058,
0.0172307995,
-0.0329444779,
0.0300089150,
-0.0118300654,
-0.0343937423,
0.0175268423,
0.0253007388,
0.0015936188,
0.0073113377,
-0.0186467162,
0.0428940819,
-0.0364549943,
-0.0294929331,
-0.0141129488,
0.0324573271,
-0.0125803251,
0.0460122069,
-0.0224043192,
0.0066314688,
-0.0076372799,
0.0036509194,
0.0049905954,
-0.0337484259,
-0.0179858570,
-0.0029403606,
0.0205973405,
-0.0615357196,
-0.0293217410,
-0.0369693493,
0.0062122891,
-0.0465533164,
-0.0063499755,
-0.0589813273,
0.0041870095,
0.0164729407,
-0.0253198515,
-0.0394501574,
-0.0482952359,
-0.0285567057,
0.0049048784,
0.0040825167,
-0.0173585065,
-0.0537123745,
0.0049672451,
-0.0559039658,
-0.0243510785,
-0.0419762723,
-0.0191626008,
-0.0507374479,
-0.0306548782,
0.0009546087,
-0.0544563934,
-0.0486646496,
0.0132278759,
-0.0408414863,
-0.0030257376,
-0.0328867391,
-0.0188582164,
-0.0587842991,
-0.0403883471,
-0.0342223101,
0.0032450092,
-0.0102834787,
-0.0060007803,
0.0102277650,
-0.0596890089,
0.0112600398,
-0.0375911757,
-0.0451648688,
0.0207267764,
-0.0330350692,
-0.0056773229,
0.0047964315,
-0.0253697209,
0.0185304780,
-0.0106939112,
-0.0750268659,
-0.0462580444,
-0.0063207038,
0.0032045146,
-0.0086476980,
-0.0249251194,
0.0018068232,
0.0167861084,
-0.0307867669,
-0.0070591817,
-0.0394031032,
0.0030284307,
-0.0049719750,
0.0083914463,
-0.0396797488,
0.0123490742,
-0.0141333703,
-0.0419195131,
-0.0143853652,
-0.0308493839,
-0.0396037859,
0.0046886715,
-0.0570772282,
-0.0274981410,
-0.0504876151,
-0.0550182709,
