0.0134304843
0.0476523566
0.0402822921
0.0417742891
-0.0390160478
-0.0068883757
0.0054208454
-0.0395790662
-0.0218092821
0.0307935361
0.0392211816
-0.0350699163
0.0440925938
0.0402777313
0.0146074777
0.0484181753
-0.0261200236
-0.0154095557
-0.0233148990
0.0090790379
0.0337678455
0.0368429883
0.0286536844
-0.0066275014
-0.0399128276
0.0233324133
0.0188680811
0.0123586862
0.0028244228
0.0065440793
0.0448839375
0.0061453430
-0.0047875238
-0.0040697090
0.0358105303
-0.0244842450
-0.0068209709
0.0370640543
-0.0015860975
0.0411485579
-0.0366957623
-0.0305884483
0.0411295400
-0.0011178568
0.0027935075
0.0498195862
0.0422062682
0.0052420199
-0.0097075364
-0.0400036643
0.0306097352
-0.0264852601
-0.0407318534
-0.0307969909
-0.0335128048
-0.0212705270
0.0437126182
-0.0315449817
-0.0041746633
0.0370754622
0.0045385001
-0.0151023619
0.0037742778
-0.0076193961
0.0253766915
-0.0051269406
-0.0175283225
-0.0117567353
-0.0441865385
0.0490871183
0.0397680086
-0.0317864580
0.0130828666
-0.0226132973
-0.0220433071
-0.0227090318
-0.0180289500
0.0185436197
-0.0206124703
0.0202807477
-0.0263015999
0.0181216786
-0.0066991634
-0.0345917368
0.0075041178
-0.0468840007
-0.0267496503
0.0115827570
0.0140572190
-0.0397441342
-0.0392662617
-0.0058956722
0.0042435205
0.0164034911
0.0197951151
0.0248709078
0.0101104359
0.0420199204
0.0197259320
-0.0467708925
0.0365717671
-0.0241584350
0.0190078142
-0.0411443544
0.0210435840
-0.0041886708
0.0254155363
-0.0180094033
0.0138089103
0.0161952712
0.0300577552
0.0453008980
-0.0172104474
0.0192526015
0.0292266120
0.0286500557
-0.0361559227
0.0268937380
-0.0300175020
0.0413776057
-0.0123505215
-0.0227735958
-0.0207753052
-0.0300965146
-0.0184203046
-0.0042401815
-0.0486090979
-0.0389908079
0.0230584327
-0.0444978323
-0.0501253461
0.0209046222
-0.0169398981
-0.0269452952
0.0335360024
-0.0312766077
0.0036637953
-0.0148105515
-0.0306909083
0.0225393728
-0.0387462909
0.0410406831
-0.0397452738
-0.0397658214
-0.0379360672
-0.0064680794
0.0402787594
-0.0262592823
-0.0255415853
0.0243225619
0.0067175517
-0.0020393442
0.0001120321
0.0049848756
-0.0017415562
-0.0135371932
0.0290717332
-0.0352876815
-0.0305969426
-0.0250722101
0.0386155235
-0.0414103572
-0.0463718353
0.0135688047
0.0115937963
-0.0165739970
-0.0389354857
0.0310197067
0.0090856859
-0.0007101210
-0.0047185351
-0.0629066173
-0.0542556082
-0.0092163253
0.0092353348
-0.0461511891
-0.0123936126
0.0250120020
-0.0353521609
0.0251355445
-0.0030928338
-0.0184062892
-0.0197500794
-0.0373387344
-0.0332371772
0.0069179163
0.0012543043
-0.0516037013
0.0003688631
-0.0118637430
0.0186397882
0.0013384426
0.0072900912
-0.0533218490
0.0100533986
-0.0237040127
0.0217003271
-0.0058252904
0.0303966825
0.0228600801
0.0182432697
0.0242904960
-0.0447984849
-0.0282287576
-0.0036400240
-0.0329650956
0.0166074880
0.0221240215
-0.0334721775
0.0206033889
-0.0292532785
0.0217483201
-0.0270250243
0.0064701678
-0.0428519572
-0.0346299783
-0.0203569088
0.0391910623
-0.0344737817
-0.0430747137
-0.0344327295
0.0149824428
-0.0432902184
-0.0204848881
-0.0309618169
-0.0010098341
-0.0441317832
0.0058910396
-0.0202291118
-0.0413494552
-0.0259940242
0.0093654058
0.0128442960
-0.0011243131
0.0236927384
-0.0231475128
-0.0359514070
-0.0548939907
0.0318182805
0.0352049943
-0.0222469601
-0.0502271817
0.0360193089
0.0248354153
-0.0262883643
0.0260469104
-0.0001494839
-0.0117434751
0.0072893612
-0.0055303676
-0.0401020986
-0.0385445056
0.0110144837
0.0516664738
-0.0189511550
0.0271411066
0.0025137436
0.0001667500
0.0061595934
-0.0170982274
0.0077125613
-0.0083465855
0.0560711685
0.0029424142
-0.0031966266
0.0113602809
0.0097933528
-0.0257549296
-0.0120549060
0.0253575119
-0.0165853224
0.0121230201
-0.0126233424
0.0292657629
0.0294935057
-0.0251881590
0.0119303904
-0.0416491235
-0.0297591054
0.0183084269
-0.0220539282
-0.0231442112
0.0295637011
-0.0099803822
-0.0296475855
-0.0349784380
-0.0305909737
0.0320920179
0.0433425956
0.0406916658
-0.0308295423
-0.0277450935
0.0082905759
0.0263223745
0.0138162515
0.0348254205
-0.0332814521
0.0252278135
-0.0326179592
0.0139766845
0.0137674259
-0.0351797358
-0.0270527706
0.0355113999
0.0368681057
0.0308347129
0.0061844755
0.0180517867
-0.0016471773
-0.0007671972
0.0220796530
0.0114110181
0.0144975592
-0.0174377430
0.0102143384
0.0318274281
0.0236119135
0.0239429813
-0.0132706054
0.0264805395
-0.0252585174
-0.0283674774
0.0194241082
-0.0035666751
-0.0298034775
0.0388460227
0.0118562080
-0.0061350997
-0.0264448294
0.0022341574
-0.0136739227
0.0152353299
0.0127712649
-0.0426359216
-0.0161211353
-0.0343945989
0.0156248384
0.0313982078
0.0264083096
0.0123699863
-0.0064092000
-0.0224220736
-0.0170845734
-0.0042173606
0.0029770568
-0.0134034110
0.0064206562
-0.0085916115
0.0338829537
-0.0279718441
0.0167996818
-0.0042897058
0.0075602841
0.0007218464
-0.0102338566
0.0292485522
-0.0032514693
-0.0112844605
-0.0264062847
-0.0269719536
-0.0280997812
-0.0299415870
0.0457294810
-0.0043664283
0.0205898652
-0.0073792709
-0.0224820649
-0.0338929983
-0.0237195061
0.0254521539
0.0255249491
0.0180225836
0.0083854700
0.0254651391
-0.0036967200
-0.0126806084
-0.0088865090
0.0302124259
0.0113734098
0.0153008914
0.0190699524
0.0279504767
-0.0220223391
0.0255846011
0.0048659540
-0.0021442777
0.0246297702
0.0070676581
-0.0354853526
-0.0019409744
0.0043384365
-0.0340329494
0.0135424984
0.0179463525
0.0084665161
-0.0106660691
-0.0306376502
-0.0198270417
-0.0048147679
-0.0231694324
0.0305789635
0.0039840242
-0.0164840746
0.0013228345
-0.0232977017
0.0260287408
0.0022315613
-0.0043711242
0.0402709790
0.0047286191
0.0279710875
0.0021487254
-0.0309770979
0.0215054805
-0.0104488725
0.0195800177
0.0009589481
-0.0294740034
-0.0478965730
0.0285945376
-0.0432029873
0.0313901861
0.0284917712
0.0217358299
-0.0280249628
-0.0197475239
-0.0089571146
0.0362379060
0.0328144625
0.0425309875
0.0267863377
0.0144565093
-0.0057635309
-0.0434987117
0.0172368471
-0.0083639625
0.0408142922
0.0051995446
0.0041597448
0.0245075747
0.0047205332
-0.0465771185
0.0070915493
0.0085051161
-0.0053832050
0.0298609508
-0.0148498980
0.0228622240
0.0094699064
-0.0458440060
0.0357448447
-0.0390301460
-0.0069078249
0.0194058264
0.0058558104
-0.0430609598
0.0363547202
0.0197628635
0.0093069258
0.0367926297
-0.0369171478
-0.0001099785
0.0097028021
-0.0378744311
-0.0301731839
0.0105831444
0.0066160435
-0.0062880071
0.0424071097
-0.0414128702
-0.0148083110
0.0096089666
-0.0419932084
-0.0031762914
-0.0099417033
0.0106069302
-0.0157020813
0.0316308246
-0.0093648236
-0.0148109806
0.0348565022
-0.0419497545
0.0306586979
-0.0298778499
-0.0300452514
-0.0179598093
0.0254692454
0.0234360154
0.0116638384
0.0280427902
0.0002720602
-0.0177841116
-0.0028821470
0.0273103820
0.0053460147
0.0277538363
0.0299970920
0.0191320850
0.0435657922
0.0338756851
-0.0101645272
0.0336305949
0.0007204976
-0.0047905660
0.0083054331
0.0011780769
-0.0118993123
0.0139051714
-0.0046242546
-0.0262454257
-0.0050938261
0.0041118539
0.0221673944
0.0105942406
0.0093981317
-0.0157117513
-0.0267357802
-0.0279364149
-0.0177553940
-0.0095114400
-0.0199165694
-0.0003592788
0.0064717154
-0.0241068029
-0.0204362980
0.0029192806
0.0049130274
0.0219533444
0.0066514303
-0.0002350146
-0.0043103583
0.0109515456
-0.0241690761
-0.0095617211
0.0020319688
-0.0219048946
0.0367842803
0.0019608233
0.0123425979
0.0202329292
0.0133309892
0.0062603737
-0.0022309754
0.0120142802
0.0220147817
-0.0057004692
-0.0287883501
0.0246963161
-0.0131628495
0.0051199616
0.0240546769
0.0216230105
-0.0004885779
-0.0146144847
-0.0217885748
-0.0079265185
0.0378067666
0.0133319829
0.0098849419
0.0332262345
0.0045239163
-0.0149005675
0.0065157841
-0.0256951731
0.0128403499
-0.0003509095
0.0207607565
-0.0216291730
0.0239846578
-0.0261715803
0.0188900240
-0.0119423763
-0.0164458965
-0.0471737140
-0.0403483409
0.0164362676
0.0122991388
0.0414829740
0.0044009626
-0.0005485489
0.0218021281
-0.0389987954
-0.0048524807
-0.0119178634
0.0213485339
0.0420660671
0.0254366356
0.0280539147
-0.0081652785
0.0005040135
0.0172273192
-0.0067767805
0.0148002318
-0.0208788531
-0.0013492026
0.0286255748
-0.0107778360
0.0220979595
0.0197422096
-0.0017035634
-0.0570255077
-0.0405303408
-0.0415091222
-0.0473190012
0.0427393380
0.0190972123
0.0047352481
0.0027253354
-0.0306922648
-0.0093162290
-0.0295794159
0.0239825867
0.0014720114
0.0046597474
-0.0370308679
-0.0117080923
-0.0132247201
-0.0131688422
-0.0406268902
0.0135680036
0.0137301925
0.0133851828
-0.0364966291
0.0381052273
-0.0325518511
-0.0092104801
0.0083126387
0.0051159187
0.0312356609
0.0304049085
0.0327313490
-0.0251126137
-0.0041873215
-0.0101390382
0.0255631710
0.0122795507
-0.0443831039
0.0298961688
0.0058397733
-0.0464906913
-0.0046492461
-0.0092412217
-0.0341337201
0.0067658207
-0.0223655262
-0.0032798299
-0.0409329784
-0.0439950743
0.0514528962
-0.0199811211
0.0263415452
-0.0080637972
0.0089959987
0.0128391639
0.0181738628
0.0395297761
-0.0308344503
-0.0014842672
-0.0122031734
-0.0030919355
0.0111760545
-0.0065972481
-0.0218567359
0.0367658350
0.0390711048
-0.0386745661
0.0306652853
-0.0161875543
-0.0218273813
-0.0237059185
-0.0417071504
0.0348389753
0.0371282529
-0.0038487912
0.0082262641
-0.0358373424
0.0252101626
-0.0054155298
-0.0120172629
0.0198047949
-0.0182715578
-0.0203987204
0.0324972866
0.0131354251
0.0007894969
-0.0315607951
-0.0084358050
0.0350358758
-0.0330889006
-0.0100828910
0.0210845110
0.0041135207
-0.0012305384
0.0229984409
-0.0081281492
-0.0157893839
0.0002181134
-0.0380887484
-0.0380498563
-0.0152694279
-0.0330485861
-0.0065832449
-0.0266233588
-0.0247706968
-0.0203401318
-0.0171604754
-0.0060962814
0.0011505726
-0.0248726866
-0.0272361824
-0.0383350367
0.0302475992
0.0330437872
-0.0129075309
-0.0260296571
-0.0317260864
-0.0181033749
-0.0356485860
0.0381361801
-0.0053998871
0.0389831444
-0.0175317195
0.0167650756
-0.0363429339
0.0170688749
0.0153499127
-0.0254852682
0.0305575684
-0.0244061483
0.0073423034
-0.0355168801
-0.0134610952
-0.0113294350
-0.0155017810
0.0247480611
-0.0244568897
0.0009825866
0.0310361728
-0.0070992232
-0.0476665588
-0.0236182125
0.0250338021
-0.0419472209
-0.0066694582
-0.0232021501
0.0010985710
0.0127115360
0.0252370749
-0.0455740175
-0.0117083296
0.0290188386
-0.0474239429
0.0132408029
-0.0281292047
-0.0409183885
0.0101654815
-0.0026569509
0.0266748218
-0.0104755320
-0.0047301375
-0.0233038047
0.0158695066
0.0451796733
0.0157358130
0.0502161116
0.0127825194
-0.0021227372
-0.0187886154
-0.0111010041
0.0072297602
0.0323592334
-0.0364815951
0.0072925666
-0.0200901485
0.0044348453
0.0112812690
-0.0123434218
-0.0371844474
0.0278301387
0.0373201631
0.0446986965
-0.0293969998
0.0094091284
-0.0159472066
-0.0323745886
-0.0421656587
0.0313449850
-0.0268562783
0.0062046077
-0.0349591864
0.0154571920
0.0302025255
-0.0401016655
0.0226261576
0.0267123006
0.0184243731
0.0206679143
-0.0458121715
0.0111332813
0.0282871237
0.0442315907
0.0479365739
-0.0102198385
0.0412797629
-0.0487022458
-0.0344873794
-0.0161042341
-0.0131909203
0.0230068870
0.0169694223
0.0267210912
0.0489225580
0.0072270304
0.0204689268
0.0031863023
-0.0000464031
0.0274589831
0.0170064399
-0.0093641980
-0.0251162165
0.0447424297
-0.0184709490
0.0129885660
-0.0332452351
0.0245529404
0.0101613627
-0.0419505461
0.0088156118
-0.0311062935
-0.0023775163
-0.0407538879
-0.0099148135
-0.0078205906
-0.0094342698
-0.0216185843
-0.0170514280
0.0014519715
-0.0100344418
-0.0143067531
0.0094185301
-0.0540557926
-0.0056703964
-0.0054509497
-0.0092467792
0.0012251372
0.0207279943
0.0343796931
-0.0162155457
0.0004558098
-0.0370462433
0.0294721031
-0.0412222710
0.0033620959
-0.0214822215
-0.0263969106
-0.0100139115
-0.0144878045
-0.0360775826
0.0092528014
0.0220078569
0.0057750489
-0.0020022333
0.0049404597
0.0218225261
-0.0415998293
0.0005442450
-0.0206162443
-0.0102632544
0.0237989489
0.0255905547
-0.0319930383
0.0190271509
0.0436512698
-0.0060723107
-0.0091568553
0.0316479518
0.0176416426
-0.0099468430
-0.0297352190
-0.0175618541
0.0194776463
0.0071048302
-0.0171806600
-0.0117927389
0.0004646950
-0.0065706153
-0.0190258639
0.0159641975
0.0007654118
0.0085929613
0.0176048535
0.0500721993
0.0048814233
0.0221337954
-0.0161286291
-0.0067376449
0.0266036965
0.0075357039
-0.0100279945
-0.0132051557
0.0366053033
0.0203973629
-0.0198605788
0.0008594260
-0.0123199854
0.0105996272
-0.0029659060
0.0195116111
0.0044332870
-0.0065240372
0.0130535511
-0.0110099767
0.0058422005
-0.0133298821
0.0019111772
-0.0003827787
0.0253577085
-0.0147632928
0.0041173605
0.0229768046
-0.0034772838
-0.0081464432
0.0220474087
0.0210154708
0.0106379634
0.0097235406
0.0327430525
-0.0065480510
-0.0040185225
0.0083121736
-0.0166557219
-0.0171229107
-0.0261557726
0.0220723590
-0.0021523693
0.0320238834
0.0241101806
-0.0227267092
0.0068077650
-0.0027374440
-0.0300065185
-0.0044594945
-0.0133845843
-0.0238528144
0.0170455532
-0.0047695175
0.0238501377
0.0192598119
0.0126989539
0.0075306317
0.0058559811
-0.0307678010
0.0102665939
0.0259696838
0.0105135674
0.0031670339
-0.0118621760
0.0182287603
0.0296153959
0.0009737037
-0.0077549818
0.0074537006
-0.0184698061
-0.0053035310
-0.0009982669
0.0234017461
0.0094310048
-0.0145116357
0.0248299003
0.0211422110
-0.0127094296
-0.0177636905
-0.0172379266
-0.0105091264
0.0097489852
-0.0344447454
-0.0029339629
0.0131885349
0.0170152062
-0.0196235872
-0.0216765912
-0.0430636216
-0.0442128756
-0.0109300063
-0.0044394023
-0.0539724872
-0.0528366731
-0.0012495306
0.0207198109
-0.0192763810
-0.0357877443
-0.0494228884
-0.0481724432
-0.0007962705
0.0004470794
0.0320603574
-0.0307979124
0.0271070500
-0.0284092113
0.0284146870
-0.0034068285
-0.0324857855
-0.0158896327
0.0185188960
0.0202158861
-0.0166249626
-0.0441534903
-0.0177116607
-0.0306195373
0.0219378125
-0.0285081613
-0.0202676746
-0.0151028962
0.0079184846
0.0230793154
0.0133153417
-0.0250497004
0.0222243244
-0.0220793291
0.0204679673
-0.0183413673
0.0185789385
0.0367668322
-0.0034264324
-0.0375333843
0.0259380149
0.0410723584
-0.0191105268
0.0017186817
-0.0245774916
-0.0267576425
-0.0277041563
0.0142966691
0.0119830703
0.0061713631
-0.0230325904
-0.0071709552
-0.0355534769
-0.0048564602
-0.0230554248
0.0271413887
0.0011047369
0.0390556713
0.0292959897
0.0198370086
0.0281997429
-0.0320603382
-0.0415127932
0.0371311164
-0.0452940031
0.0541582163
0.0198189098
-0.0040459091
0.0085635271
-0.0033694883
0.0322520462
0.0140586779
0.0127165290
-0.0394527445
-0.0025537969
-0.0357199299
-0.0222127038
-0.0210183724
0.0130956513
0.0337819172
0.0165137166
0.0300141403
0.0169623886
0.0152824839
0.0329946280
0.0291344665
-0.0425432578
-0.0134993962
0.0222151625
-0.0314193217
0.0315253432
-0.0349254990
-0.0216792883
0.0126205186
-0.0145565080
-0.0398257741
0.0367245937
0.0120570535
0.0404577672
-0.0304396838
-0.0533793495
-0.0123642717
-0.0423909286
-0.0436711396
-0.0335712866
-0.0413380169
-0.0000074983
-0.0089478548
0.0149915017
-0.0473081516
-0.0116942600
0.0056632962
-0.0150135324
-0.0426548719
0.0016161884
0.0133211618
-0.0061827663
-0.0129521103
-0.0307217292
0.0142963120
0.0317262601
0.0380313330
0.0239972939
-0.0453022207
-0.0042900271
0.0230774511
-0.0480159120
-0.0250979655
0.0056318181
-0.0142325907
0.0109334764
-0.0280832596
-0.0168265878
0.0296672100
-0.0410121921
-0.0397280987
-0.0078508259
-0.0243110709
0.0153202416
0.0396315434
0.0033013812
-0.0464630069
0.0307528278
0.0025726030
-0.0383991452
-0.0213540170
-0.0449346735
0.0411325199
0.0049434441
-0.0186046079
0.0188834276
0.0433194590
0.0141523626
0.0076848614
0.0262072943
0.0324792198
-0.0102576705
0.0192472862
0.0324943153
0.0105943236
-0.0111123656
0.0199529293
-0.0143110089
-0.0011758804
0.0290200434
0.0369567890
0.0108105838
0.0364437576
-0.0054625098
-0.0285871021
0.0400890670
-0.0174826598
0.0154674000
-0.0281273473
-0.0086125005
0.0335361402
0.0391032894
-0.0251219357
-0.0328375309
-0.0337897022
-0.0291477892
0.0128722007
-0.0046949325
0.0152526914
0.0266979364
-0.0222751307
-0.0162174611
-0.0297557597
-0.0150633411
-0.0113259660
0.0057896489
0.0244080256
0.0045871990
-0.0220664610
0.0033715614
0.0012051068
0.0030236731
-0.0185234667
0.0340461182
0.0347457745
0.0146693575
0.0138028743
-0.0135004589
0.0139317756
-0.0044639884
0.0402240252
-0.0256813593
0.0274006846
-0.0093675981
-0.0108011897
0.0086442308
0.0035462079
-0.0169778052
0.0085282304
0.0417037158
-0.0329627257
-0.0050756779
-0.0374724543
0.0252163973
0.0343125935
-0.0286390406
0.0191990043
-0.0226563221
0.0505208363
-0.0345965318
-0.0294512894
-0.0046408262
-0.0234612585
0.0047164947
-0.0349242858
-0.0103462529
-0.0219174087
-0.0227260539
-0.0549861913
0.0008351939
-0.0087875571
0.0203288645
0.0121565195
-0.0174319904
-0.0505066694
0.0092939301
-0.0287639286
0.0000766445
0.0137675918
0.0164544403
-0.0001405402
0.0057509537
0.0447948087
-0.0056802184
0.0127831023
-0.0058396531
-0.0115785980
0.0325841111
0.0038217018
0.0242368312
-0.0073884383
0.0174815244
0.0070222398
0.0191330684
0.0107663683
-0.0315234057
0.0373527470
-0.0126914519
0.0189406572
-0.0113377844
-0.0239009109
0.0072448830
0.0371338814
0.0118890894
0.0281071106
0.0323450199
0.0485210210
0.0474303380
-0.0249015212
0.0304019738
0.0161138995
0.0097035580
-0.0154375894
0.0264814659
-0.0378820466
0.0301312300
-0.0044146589
-0.0271245943
-0.0079393257
-0.0220346398
-0.0385938158
-0.0123065133
-0.0242914257
-0.0128901309
-0.0009696714
-0.0218308552
0.0003281918
-0.0205989841
0.0414963287
0.0361720357
0.0001048989
-0.0027739072
-0.0045916388
-0.0274469271
0.0235754139
0.0115198000
0.0159563475
-0.0119317149
0.0434516407
0.0289663026
0.0268550164
-0.0271771712
0.0251989896
-0.0291203672
0.0165494974
0.0247546938
0.0347997782
0.0104817029
-0.0084848198
-0.0197548999
-0.0179649157
0.0190481153
-0.0103904775
0.0230748578
-0.0001693757
0.0004011756
-0.0238822623
0.0008780889
0.0194468859
0.0176951030
-0.0041336619
-0.0086148833
-0.0173583247
0.0090062501
0.0054952513
0.0134554166
0.0045787796
-0.0202714659
0.0511355608
0.0098260188
0.0012674525
0.0039625274
0.0512417099
-0.0058295490
0.0306373764
-0.0072134583
-0.0181584124
0.0268281601
-0.0180158304
-0.0154519958
0.0364266648
-0.0071024519
0.0262741277
0.0416473580
-0.0309519088
-0.0016658242
-0.0303514662
-0.0376789902
-0.0010938467
0.0271212893
-0.0108574681
0.0175441569
0.0019416072
-0.0223913737
0.0156182785
-0.0156811424
0.0125502548
-0.0076964301
0.0221355814
0.0212142088
0.0130224696
-0.0089888526
-0.0039522706
0.0283113585
-0.0101687944
-0.0088098623
0.0172635352
-0.0224998448
-0.0220582001
0.0476365511
0.0384692542
0.0238709630
0.0104624075
0.0099259852
-0.0138805646
0.0279117342
0.0055802010
-0.0194948357
0.0021665620
-0.0007301752
0.0198866462
0.0195507258
0.0083301786
-0.0074017308
0.0127245000
0.0229844638
-0.0114454725
0.0213291540
-0.0372907869
0.0140788435
-0.0152367928
-0.0150809845
0.0338980884
-0.0197937715
-0.0336785664
-0.0217021341
0.0005297294
0.0065207108
-0.0082043801
0.0049863801
-0.0124217225
-0.0067476040
-0.0075910102
-0.0062564360
0.0202172237
-0.0298318248
0.0006541521
0.0322931844
0.0012795322
-0.0141462493
-0.0291460744
-0.0258023582
0.0347653209
-0.0012205820
0.0127327042
-0.0159671569
-0.0194893566
0.0053045930
0.0250156426
0.0070890931
-0.0371836198
0.0137172528
0.0247714803
-0.0421685539
-0.0225964841
-0.0066214790
0.0083945329
0.0185590328
-0.0029002099
0.0451240034
-0.0306742554
0.0311290744
-0.0300234766
0.0278554537
0.0102938449
0.0351348546
-0.0263119838
0.0402373425
0.0241376497
-0.0484624650
-0.0271396660
0.0302485365
-0.0180083852
-0.0185422100
-0.0079277786
0.0100213124
-0.0160404295
-0.0421964508
0.0277704600
0.0154838263
-0.0215821066
-0.0247315418
0.0219613104
-0.0458716562
0.0292551992
0.0053948878
0.0222490751
0.0372504913
-0.0378456010
0.0092661521
0.0339276027
0.0269410587
0.0067923542
-0.0321143074
-0.0178025724
-0.0194755245
-0.0151705870
-0.0078658225
0.0008626247
-0.0134239777
-0.0258196274
0.0153395965
0.0239718798
0.0164722109
-0.0074457862
0.0217161198
0.0040058110
0.0447248433
0.0274721255
0.0165889191
-0.0203351727
0.0047689592
-0.0110038367
-0.0095760557
0.0451014335
0.0086584504
0.0071967421
0.0237722040
0.0004143052
0.0153631829
0.0047993702
0.0053616627
0.0183240961
-0.0306601264
0.0388423405
-0.0134301207
-0.0069776882
0.0008871367
-0.0018567744
-0.0151273903
-0.0148340336
0.0085451902
0.0170674150
0.0076796689
0.0059582008
-0.0055110395
0.0205024423
0.0122510279
0.0155910733
-0.0274659109
-0.0068477511
0.0169787359
-0.0235830190
-0.0113823962
-0.0020758560
-0.0153658032
-0.0131914267
-0.0144452178
-0.0038075274
0.0103530343
0.0049497275
-0.0068538124
0.0115704128
-0.0154281359
-0.0309101389
-0.0221823913
-0.0216655668
0.0163311679
0.0052497624
0.0237163399
0.0086147445
0.0521372254
0.0191576769
0.0112800356
0.0293816668
0.0205692070
0.0017512048
-0.0210645238
0.0267828667
0.0125234398
0.0220644108
0.0341427420
0.0081706541
0.0115975060
0.0295982041
-0.0312215406
-0.0233365800
0.0290075901
0.0112440232
-0.0212352962
-0.0188963851
-0.0111197353
0.0169544743
0.0357664249
0.0139535550
-0.0189491967
0.0115199800
0.0170627915
0.0441060363
0.0268134997
0.0596262771
0.0045796130
-0.0316027845
0.0277472400
-0.0049752646
0.0311949203
0.0071668463
0.0421091627
0.0089974206
-0.0219449362
0.0292652625
-0.0084179104
0.0444430874
0.0319946532
0.0153337459
0.0188035634
-0.0195583433
0.0188832823
-0.0235056788
0.0225913723
-0.0203033934
-0.0037123944
0.0081930070
-0.0147800639
-0.0280855599
-0.0283336328
0.0279466379
-0.0269592755
-0.0102128855
0.0198008165
0.0418283844
-0.0104329844
0.0357063229
0.0292451717
-0.0212850637
0.0159970571
0.0128526046
-0.0208977145
-0.0157290324
0.0074815305
0.0352378405
-0.0071783420
0.0373653521
0.0170716389
0.0158978946
0.0207010412
-0.0153140633
0.0078378263
0.0277418781
0.0138090621
0.0082540733
-0.0068858506
-0.0036392795
-0.0095419068
0.0147125411
-0.0324701285
-0.0050613708
-0.0352810797
-0.0253893505
-0.0230468722
-0.0210820041
0.0138247657
0.0304743495
-0.0158718403
-0.0245262364
-0.0319398088
-0.0323695434
-0.0240187848
-0.0436657302
0.0262862232
0.0272669403
-0.0650822992
-0.0077149196
0.0399999478
-0.0528070279
-0.0520657274
0.0104001506
-0.0170101066
-0.0189884258
-0.0389147081
-0.0353822821
0.0205801792
0.0001696193
-0.0011531933
-0.0320290515
0.0093822938
-0.0022394121
0.0152572172
-0.0448734156
-0.0651166963
-0.0342688141
-0.0176316966
-0.0023318502
0.0336670523
-0.0453372451
0.0322337497
-0.0179320110
0.0182750929
-0.0607244087
-0.0165528635
-0.0187748284
0.0007940682
0.0146729708
0.0144975345
0.0103486145
0.0011752082
0.0308324520
0.0061012512
0.0116080652
0.0188481080
0.0028518145
0.0217887772
-0.0135997960
-0.0215093553
-0.0411476111
-0.0080996180
0.0149699049
-0.0044285455
0.0375173062
0.0321249700
-0.0536424968
-0.0033778368
-0.0027277815
0.0086498095
-0.0476042298
-0.0262333633
-0.0351954029
0.0131011942
0.0282178830
-0.0523776088
0.0383661234
-0.0392134874
-0.0439494620
-0.0235999913
0.0273441734
-0.0443035105
-0.0300284750
-0.0228947586
-0.0265820499
-0.0461547382
-0.0002904814
-0.0464124670
0.0196536982
-0.0406513555
0.0003898124
-0.0313355854
-0.0099609906
0.0067351221
-0.0323287506
0.0275633769
-0.0133351418
0.0206682833
0.0142582101
0.0264662893
-0.0307273956
-0.0388845780
-0.0311638182
-0.0424561751
-0.0249576828
0.0225425806
0.0033339610
0.0302716151
-0.0126933949
-0.0382018250
-0.0157981928
0.0109949880
0.0030843752
-0.0028856792
0.0259964123
-0.0340527805
-0.0381929294
0.0470691053
0.0028899259
-0.0295504899
0.0230666069
0.0370604851
0.0018958963
0.0334633626
-0.0090460381
0.0043474793
0.0317510584
0.0248829428
0.0121393378
-0.0252048495
-0.0251707496
0.0188307440
0.0408277663
-0.0245952746
0.0307695238
0.0364885943
0.0063125353
0.0066448700
-0.0030065423
-0.0086169179
0.0226074668
0.0420505477
-0.0354501117
-0.0389263897
0.0349714037
0.0348827542
0.0387916426
0.0054234686
-0.0324889150
-0.0020581710
0.0275973945
-0.0076190112
-0.0120322302
0.0026455962
-0.0093578151
0.0060617696
0.0267844233
0.0004157246
-0.0048387812
0.0417390892
-0.0201192248
-0.0257343825
0.0274033381
-0.0069483206
0.0067666869
-0.0144928042
-0.0034450029
0.0389092687
0.0249536248
-0.0152100153
0.0298498065
0.0120025895
0.0294738887
-0.0112689152
-0.0379559765
0.0143790062
-0.0126633023
-0.0375178876
0.0403022538
-0.0265971136
-0.0108707176
0.0415826760
0.0254480542
0.0012642951
0.0115084410
0.0358498303
-0.0076717326
-0.0297564927
-0.0256023342
-0.0486942905
-0.0191100897
0.0358038434
0.0079053042
0.0351671530
0.0209043936
-0.0408914304
0.0273757636
-0.0112674085
0.0222826190
-0.0272461805
-0.0403231015
0.0160595246
-0.0128808329
0.0166202445
0.0335072902
-0.0145443459
-0.0225249967
0.0423948134
0.0447558338
-0.0123214542
0.0166249017
0.0288288967
0.0020223856
0.0259392555
-0.0287227282
0.0418288542
-0.0066204874
-0.0378686808
0.0128623618
-0.0254591576
-0.0156963192
-0.0015891605
0.0379576357
-0.0113249980
0.0124476974
0.0284430587
-0.0157435010
-0.0316811011
-0.0126595942
-0.0104139259
0.0189049918
-0.0183362358
-0.0484819370
-0.0071488097
-0.0100007655
0.0223042818
0.0412841870
0.0166559642
0.0251733630
0.0404527529
0.0157622250
0.0087217568
0.0234081451
0.0039707719
-0.0102253083
0.0361081619
-0.0113816106
-0.0285154742
0.0145494830
-0.0452345192
-0.0423339041
0.0088140480
0.0259713823
0.0184455517
-0.0199433744
-0.0069851989
0.0064008668
-0.0195380590
-0.0370097496
-0.0133276864
-0.0090205632
0.0042622978
-0.0216427858
-0.0384407080
-0.0026648067
-0.0128413031
-0.0202394878
-0.0264357177
-0.0295168405
-0.0337700260
-0.0030206808
-0.0311580058
-0.0374617293
-0.0274988619
0.0031239166
-0.0046509540
0.0254958173
-0.0000842506
-0.0270252451
0.0177590748
0.0053143662
-0.0272867556
-0.0057079097
0.0146147264
0.0001110454
0.0390793757
-0.0379407909
0.0118157552
0.0170966550
-0.0054145964
-0.0195227545
0.0179444097
-0.0459302634
0.0284416067
0.0133451662
-0.0231853577
-0.0480398131
0.0282772931
-0.0309801933
-0.0157017402
0.0214381071
-0.0224950350
-0.0369090821
-0.0194075475
0.0094689749
0.0166260097
-0.0127932237
-0.0156553670
-0.0494494900
-0.0266967333
-0.0150261648
0.0088660441
0.0026079588
0.0042944263
-0.0321319071
-0.0170848740
0.0217319358
-0.0578506071
0.0090078747
-0.0457265327
-0.0249887758
-0.0332739688
-0.0409921870
-0.0298220902
-0.0235952823
0.0270073314
-0.0524257673
-0.0166246653
-0.0217808905
-0.0095890584
-0.0181230395
0.0226971247
-0.0434446594
-0.0317658532
-0.0215019701
-0.0462448194
-0.0072917554
0.0024288559
-0.0401103896
0.0303493673
-0.0044751325
0.0035723107
-0.0198116117
-0.0256996189
-0.0197143518
-0.0446018862
0.0162948520
-0.0267610111
0.0180306948
0.0009615291
0.0110226217
-0.0076583584
-0.0187087954
0.0055146013
-0.0075536477
-0.0181027386
-0.0145908449
0.0290878140
0.0290345599
-0.0027649875
-0.0240581988
-0.0107216344
-0.0238399121
-0.0050506553
-0.0306434782
-0.0351308927
-0.0209498271
-0.0370880853
-0.0356824978
-0.0071194113
-0.0360555961
-0.0190333944
-0.0275341752
-0.0327564417
0.0156735888
-0.0170600241
0.0275275425
-0.0365265362
-0.0356602532
0.0061568657
-0.0037608208
0.0215284940
-0.0002107918
0.0135687357
0.0307089613
0.0065868973
0.0125602841
-0.0362960856
0.0267962366
0.0039161729
-0.0151486369
0.0052402290
-0.0021669956
-0.0031672611
-0.0310627587
0.0268795947
-0.0078269668
-0.0461489527
-0.0184946405
0.0262077246
0.0333407238
0.0255254902
0.0124114915
0.0066963486
0.0106464711
-0.0283632030
-0.0322818995
-0.0014582849
0.0167822811
0.0314648822
-0.0043100961
0.0276051879
-0.0274992073
0.0031844159
0.0195006835
0.0016893212
-0.0139596267
0.0246084584
0.0224839292
-0.0188833964
-0.0210495767
0.0285185516
0.0087941223
0.0274629349
0.0161882323
-0.0006660588
-0.0027817909
0.0322961710
-0.0081504188
0.0266225997
-0.0177320169
-0.0180017450
0.0124918649
-0.0269063950
-0.0085952608
0.0367784746
-0.0303324396
0.0104881683
-0.0005443496
0.0151223027
0.0002937501
-0.0133527704
0.0315761094
0.0362135301
-0.0214057572
-0.0036051907
0.0489826653
0.0449967064
-0.0005903350
0.0375309299
0.0278771215
0.0314309492
-0.0188719133
-0.0329624948
0.0037238182
0.0132396957
0.0339042002
0.0375805631
0.0235262119
-0.0453982485
-0.0093901981
-0.0132477180
-0.0304401708
0.0098602212
0.0412991545
-0.0347227286
0.0169681149
-0.0304572017
0.0118941141
0.0466308480
0.0373584366
0.0249858121
0.0217045564
-0.0323720691
-0.0082928572
0.0238418495
0.0390778452
-0.0141775483
-0.0356326956
-0.0366085622
-0.0394580563
-0.0056737990
0.0351194455
0.0409715039
0.0357850379
0.0005308516
-0.0207286202
0.0193606643
0.0236959376
-0.0117530713
-0.0085437806
0.0127801589
-0.0215250619
0.0206036185
0.0384717284
0.0169688019
0.0188872545
-0.0348023074
0.0260443172
-0.0019388626
0.0187377560
-0.0257014905
-0.0189288416
0.0222354640
-0.0145476452
-0.0267385854
0.0065034015
-0.0106503289
0.0058305666
0.0075169864
0.0156641402
0.0577242900
0.0069462998
0.0313373563
-0.0416221834
0.0100408106
0.0179870873
0.0222229874
-0.0182624787
0.0019297685
-0.0229082458
-0.0106110909
0.0150614616
0.0086861583
-0.0221463033
0.0298017848
-0.0287936010
-0.0216796068
0.0054433081
-0.0317485811
0.0263253797
0.0162400164
0.0173798800
0.0011407503
-0.0001458374
0.0054654353
-0.0151581163
0.0002402058
-0.0286337566
-0.0123923491
-0.0147639143
-0.0365507826
0.0247919547
0.0288885032
-0.0018246453
-0.0322046946
0.0217900228
-0.0385041775
-0.0254910103
-0.0365908415
-0.0114510620
-0.0238540349
-0.0051226609
0.0051971935
-0.0151374241
0.0097745807
0.0277618560
0.0165774043
0.0189705678
-0.0087511666
0.0179339289
-0.0257685679
0.0124983853
0.0224210453
-0.0273904884
0.0001048339
-0.0063134194
-0.0349543615
0.0160358640
-0.0120555780
-0.0050179699
-0.0233168386
0.0169333112
-0.0035041643
-0.0307424358
0.0028231344
0.0042686602
-0.0116021845
-0.0192949466
0.0094245953
0.0020327916
0.0047988437
0.0015533691
0.0271160739
0.0051962062
-0.0028388867
0.0307417063
-0.0316552366
-0.0345376784
-0.0262904972
0.0299786935
-0.0267697296
-0.0225399234
-0.0559714529
-0.0629724871
-0.0025658315
-0.0300402479
0.0007952032
0.0185751773
0.0324123841
-0.0433849047
-0.0171826129
-0.0453156276
0.0134344419
-0.0357771305
-0.0240199841
-0.0136758125
0.0010716783
-0.0152602933
0.0062874533
0.0171491788
-0.0322341659
0.0094807182
0.0222247855
0.0187159075
-0.0284149850
-0.0020049975
-0.0118537709
-0.0347388656
-0.0227579670
-0.0273359196
0.0027824481
-0.0225687114
-0.0358584492
-0.0257229909
-0.0062260021
0.0212467877
-0.0110889434
-0.0267461728
-0.0153402321
0.0373239118
-0.0109239291
0.0138717294
-0.0296885945
0.0237761052
0.0129293624
0.0236738376
-0.0051180987
0.0077791775
0.0325176839
0.0293803780
-0.0199530584
0.0481619275
0.0011611579
-0.0255541407
0.0387441394
0.0072398887
0.0173868033
0.0259618965
-0.0106918041
0.0171660488
0.0050771646
-0.0244224027
0.0461037928
-0.0185396531
0.0080134653
0.0167474853
0.0065607957
-0.0140645114
0.0020691958
-0.0231478322
0.0404871697
0.0406049882
0.0012797443
0.0329793973
0.0459245371
0.0068698108
-0.0141685008
0.0034814619
-0.0078772680
-0.0029135963
-0.0049441208
-0.0037769368
0.0344842675
0.0453163019
0.0078289985
0.0224342498
0.0099109023
-0.0134746162
-0.0103040643
-0.0103797593
0.0012562160
0.0194545005
0.0077395061
0.0052858912
0.0015357407
-0.0064778782
-0.0111258870
0.0010281808
0.0118394212
-0.0040829827
-0.0056884819
-0.0324150253
-0.0138400425
-0.0240326730
0.0047393454
0.0202538490
0.0187789856
0.0165090594
0.0105557459
-0.0199854362
-0.0108332186
0.0077191429
0.0199170347
0.0052331249
0.0142206705
0.0087775640
-0.0178674276
-0.0029573498
0.0184320957
0.0248215724
-0.0236972883
-0.0204010772
-0.0083188413
-0.0113565392
-0.0040054139
0.0085895487
-0.0112520345
-0.0124619832
-0.0074533080
-0.0101919204
0.0017336861
0.0206202011
0.0005331860
-0.0002731808
0.0050158794
0.0003843680
0.0019819921
0.0139423225
0.0201150420
-0.0034909585
-0.0112239215
0.0242077953
0.0078487732
-0.0151861966
0.0061934231
0.0229802221
0.0138248648
-0.0146330882
-0.0191160771
-0.0109496662
-0.0019981704
0.0065336035
0.0232583317
0.0068978368
-0.0445657166
0.0179870315
0.0115336182
0.0062755013
-0.0014184401
-0.0170828761
-0.0033895748
-0.0402063109
-0.0185295570
0.0191800000
-0.0130252535
0.0144226195
-0.0071152694
0.0275882158
0.0123359134
0.0192580490
0.0035543867
0.0065070020
-0.0207700930
-0.0178046896
0.0135158935
-0.0311102630
0.0085298302
-0.0154746342
0.0029713129
-0.0006674589
0.0018668649
-0.0330255347
0.0459341977
-0.0254622978
-0.0458868911
-0.0393888331
-0.0242497153
-0.0114209713
0.0110496775
0.0120778169
0.0030201720
0.0209163049
-0.0367570716
0.0185909219
-0.0071120188
-0.0115528610
0.0370247675
0.0292856416
-0.0386457560
0.0005395914
-0.0315968740
0.0224970642
-0.0177321966
-0.0397627680
-0.0236445785
-0.0287835934
0.0063098622
-0.0390552536
0.0336462430
0.0248165073
0.0083258461
-0.0173982410
-0.0037398746
0.0146071818
-0.0393047444
-0.0459014026
-0.0166820534
0.0148842371
-0.0077519962
-0.0060318518
-0.0111658494
0.0188789016
0.0400215703
-0.0360362572
0.0275046233
0.0130465688
0.0096023211
-0.0087366096
-0.0197881251
0.0235395475
-0.0041493670
0.0107639835
-0.0156634562
0.0224588170
0.0146839814
-0.0126056291
-0.0445348189
-0.0164837928
0.0140466124
0.0209063732
-0.0347926534
-0.0309813975
-0.0207588617
0.0210838432
-0.0031004912
-0.0599515239
-0.0245124655
-0.0202327833
0.0149011524
0.0112700378
0.0158578847
-0.0147311623
-0.0202873627
-0.0089982858
0.0024464712
0.0211971691
0.0498704136
-0.0315585368
0.0014178559
0.0137785516
0.0175677332
0.0253854340
0.0036174561
0.0122865607
0.0258482524
0.0221529447
0.0083759730
0.0096807128
-0.0193563751
-0.0194366888
-0.0019966941
-0.0005199128
-0.0200358886
-0.0151714923
-0.0334701986
0.0038350813
0.0312387037
0.0215528326
0.0298746582
0.0229643623
-0.0002732116
0.0182891815
0.0267458616
0.0104004596
-0.0430596903
-0.0000575696
0.0154907877
0.0375759810
-0.0137603746
0.0217696690
0.0358222482
-0.0200463507
-0.0042802606
0.0149184631
-0.0060205929
0.0123270745
-0.0230109054
-0.0243615235
0.0009170605
0.0295639974
0.0269514587
0.0059386887
0.0255482355
-0.0104353913
-0.0289888651
-0.0084416668
0.0357297047
0.0007839717
-0.0017228164
0.0208287516
-0.0072851817
-0.0140938754
0.0267034072
-0.0120910767
0.0202350365
0.0266908183
-0.0263571838
-0.0262690969
0.0011647069
-0.0292878258
-0.0333574042
0.0156078581
0.0215497000
0.0144466962
-0.0442724204
-0.0125147146
-0.0449381716
-0.0432977083
-0.0117522969
0.0053232206
-0.0241951394
0.0335016095
-0.0474510042
-0.0038819279
0.0344145690
-0.0542837660
-0.0291600223
-0.0411590911
-0.0106892375
0.0262726168
-0.0437918330
0.0224410080
-0.0439984151
-0.0081803285
-0.0407804406
-0.0013259616
0.0273089304
-0.0342533852
-0.0177083904
-0.0326764550
-0.0454138794
-0.0272482885
0.0041604720
0.0246146389
-0.0483876983
0.0073039919
-0.0327888540
-0.0388371297
-0.0421963312
0.0043011545
0.0331289031
-0.0071710702
-0.0492138262
-0.0071168266
-0.0231936794
0.0133755511
-0.0350077544
-0.0064346795
-0.0311418519
0.0303979347
-0.0499147591
-0.0019788034
0.0020394616
0.0322424854
0.0196546558
-0.0190542272
-0.0118497125
-0.0409850852
-0.0282657636
-0.0436394342
-0.0476779078
-0.0278842549
0.0378489167
-0.0113345042
0.0272894131
-0.0358740118
-0.0165661472
0.0305204617
-0.0403313086
-0.0353639705
-0.0090032987
0.0022565670
0.0307200237
-0.0420151799
0.0185864743
0.0148690234
0.0392130078
-0.0131417128
-0.0500176977
-0.0437168579
-0.0035973168
-0.0404273977
-0.0422565848
0.0035921779
-0.0468640245
-0.0394216243
-0.0374217480
-0.0189373516
-0.0179955055
-0.0026061177
-0.0505833366
-0.0542164047
-0.0213850149
-0.0225039669
-0.0245566920
-0.0043932769
-0.0201256542
-0.0418687470
-0.0297264996
-0.0357962885
-0.0128526646
0.0060761045
0.0105957530
0.0019599082
-0.0011640156
-0.0560769214
-0.0389978768
-0.0155868457
-0.0189679088
-0.0558532976
-0.0116428923
0.0279800068
-0.0036495920
0.0111850093
0.0082170849
0.0082990447
0.0019436929
0.0148750051
0.0228188535
0.0049712124
-0.0378183770
0.0209082659
-0.0178046842
0.0037942194
0.0052800156
-0.0017818928
0.0201662987
-0.0502427186
0.0018192068
-0.0387009125
-0.0013472809
0.0229138600
0.0249248204
-0.0390315793
0.0186712764
-0.0409838811
-0.0029571695
0.0043304002
-0.0418488415
-0.0169817151
-0.0395919723
-0.0017281413
-0.0244584261
-0.0189819409
-0.0108338038
0.0287204802
0.0345036524
-0.0085307970
-0.0201127245
0.0072815332
-0.0247890676
0.0146844314
-0.0513723207
-0.0467854953
0.0136407970
-0.0411074523
-0.0404281750
0.0191037436
0.0303746722
-0.0059087010
-0.0295294937
-0.0371588082
0.0210770994
0.0220922891
-0.0341733033
0.0265368929
-0.0007116449
0.0058495508
0.0303060535
-0.0079548368
-0.0107703168
0.0164215786
0.0244330666
0.0156861012
-0.0298712686
0.0142869528
-0.0357228945
0.0319808069
0.0265789996
0.0032280193
-0.0344351198
-0.0549904030
-0.0491844376
-0.0355609258
-0.0388988822
0.0017128108
-0.0047868992
-0.0477431427
0.0098541832
-0.0465662025
-0.0134126942
0.0016762215
-0.0201754625
-0.0384934637
-0.0288075199
-0.0367687376
-0.0211013853
-0.0385198788
0.0132973033
0.0260958414
0.0168030433
-0.0258141495
0.0108539537
0.0131168959
0.0045882315
0.0153305423
-0.0249963756
0.0240876251
-0.0045231810
0.0207857914
-0.0081992159
-0.0035262732
0.0418345765
0.0445711042
-0.0130678684
-0.0183057726
-0.0256813293
0.0203850969
0.0317046892
0.0324518535
0.0019737083
-0.0139246009
0.0129608906
0.0278537070
-0.0206536772
0.0324232644
0.0298644468
0.0178754800
-0.0076694362
-0.0240999242
0.0206145367
-0.0448603479
-0.0281789930
-0.0231320789
-0.0041843949
0.0121282295
0.0016911646
0.0235091243
0.0347260824
0.0266766843
0.0569017139
0.0183229124
0.0058575361
0.0341434440
0.0114852004
0.0242694841
0.0143685046
0.0305563576
0.0356419111
0.0436159606
0.0075487375
-0.0041483490
0.0128710616
0.0111390230
0.0261626898
0.0177922088
0.0204358272
0.0210261885
0.0312911889
0.0053442781
-0.0146306480
-0.0101270353
0.0135759320
0.0027346603
-0.0119771588
0.0100790647
0.0016703768
0.0170857955
0.0112945598
0.0127127340
0.0134389836
-0.0143572344
-0.0215275686
0.0201575626
0.0166891846
0.0124382514
-0.0147036855
-0.0096728073
0.0147890222
-0.0369452119
0.0142852559
-0.0360257641
-0.0022622460
-0.0140180903
0.0156224851
0.0225544190
-0.0304149287
-0.0082842294
-0.0148881530
0.0129633557
0.0117438154
0.0101193041
-0.0067496581
-0.0028187170
-0.0102008541
0.0144890077
0.0013059554
0.0038974543
0.0142808168
0.0169896429
-0.0178304136
0.0015286874
-0.0004985462
-0.0037872213
0.0060298163
-0.0198697797
0.0232709413
-0.0149654987
-0.0154216526
0.0094893949
0.0093910855
0.0071533160
0.0217913394
-0.0226165069
-0.0246340019
0.0115473522
-0.0309235868
-0.0081593865
0.0403590865
0.0064036178
0.0005372088
-0.0148677749
-0.0389483688
0.0377636354
-0.0359503176
0.0173595946
-0.0455110621
0.0136201503
0.0338662311
0.0555504403
0.0170795014
0.0448646222
-0.0082641197
-0.0200185160
-0.0371323562
-0.0063355482
0.0032228824
-0.0089375444
-0.0109112887
0.0492559166
0.0078053337
-0.0389161653
0.0246184592
0.0126824803
0.0195954229
0.0055445249
0.0294859677
-0.0244999188
0.0281552050
-0.0326553120
0.0154440385
0.0027984671
-0.0323817756
0.0506615578
0.0417222620
-0.0234237039
-0.0193382234
-0.0169751613
0.0232386454
-0.0250367139
-0.0077356909
0.0274152335
0.0212060475
-0.0006744481
0.0420213580
0.0309413021
0.0016407102
0.0265415858
-0.0101129215
0.0085088193
-0.0041089580
-0.0432884821
-0.0131985084
0.0095108704
0.0010121249
0.0296894965
0.0024679896
0.0141831591
-0.0440361884
-0.0030812625
0.0428324826
0.0340165572
0.0376195505
-0.0342599651
0.0298532504
0.0160423553
-0.0385506048
0.0178132250
-0.0318361786
-0.0344282218
-0.0084267650
-0.0138217611
0.0036796207
-0.0355534237
-0.0389353595
0.0442597674
0.0104782648
-0.0190208141
0.0187907598
0.0047074351
0.0281010999
-0.0361153776
-0.0402238810
0.0043766181
-0.0408685471
0.0102940003
0.0035469409
0.0302697998
-0.0306900600
0.0288675798
-0.0357078207
-0.0337973164
-0.0443554117
-0.0397741995
0.0364095615
-0.0253047724
-0.0329511778
-0.0038608248
0.0230620076
-0.0472100702
-0.0383544494
0.0156271967
-0.0126382131
0.0050882519
0.0407986360
0.0299459752
-0.0395278425
0.0248739806
-0.0135686627
0.0135910365
-0.0192480375
0.0032535135
-0.0299053516
-0.0351361053
-0.0484665345
-0.0447823595
-0.0113214770
-0.0200553743
-0.0088286461
0.0201037474
0.0385783082
-0.0138286936
0.0292795310
-0.0001219206
0.0308311092
-0.0202802120
-0.0366213135
0.0385261392
-0.0368711273
-0.0455485694
-0.0338701840
0.0264247149
-0.0318899437
0.0204732849
0.0337334737
-0.0443825425
0.0372432881
0.0246414717
0.0324988942
-0.0213307989
0.0164587513
-0.0355680448
-0.0315760381
0.0471771412
0.0210713511
0.0033421738
0.0112403369
-0.0115380054
-0.0447578298
-0.0366403189
-0.0339091577
0.0188746020
0.0292103724
-0.0400866861
-0.0418727498
0.0302864204
-0.0067037115
0.0333200252
-0.0137749771
0.0145401946
-0.0353429620
-0.0110972663
0.0094732136
-0.0364093256
-0.0306472952
-0.0291368866
-0.0435665735
0.0021846571
0.0451807606
0.0141748814
-0.0294220406
0.0188756998
0.0051841534
0.0204158483
0.0161068432
0.0100099715
-0.0021348442
0.0278542606
0.0239699127
0.0305082814
-0.0265665818
-0.0148309500
-0.0016265014
0.0317255237
-0.0080845446
0.0322618708
0.0416685053
-0.0097554279
-0.0115152135
-0.0316362897
-0.0543669893
0.0415301984
0.0048076255
-0.0327519659
0.0406164886
0.0010356338
0.0329342384
-0.0517106315
0.0157955706
0.0035067446
-0.0014743434
-0.0045975501
0.0383396765
0.0156863742
0.0058071951
0.0306202938
0.0349616060
-0.0031385449
-0.0458746259
-0.0461086908
-0.0294100366
0.0065638018
-0.0399640917
-0.0330444040
0.0266039960
-0.0368149964
0.0074744748
0.0038197514
0.0244268058
0.0300806523
0.0206805648
0.0294418591
-0.0194881704
-0.0103809598
-0.0374313524
-0.0349967730
-0.0483129388
-0.0109195156
-0.0381946641
-0.0176954390
-0.0089289004
0.0260177441
0.0303677564
0.0387695342
0.0019536120
0.0382973120
-0.0210039271
-0.0528222678
-0.0008170667
-0.0295213648
-0.0248520129
0.0156766839
0.0149244902
0.0371343010
0.0214001755
-0.0098586049
0.0271643569
-0.0207795067
-0.0337153072
0.0083983192
0.0327186824
0.0073733873
0.0214548435
0.0597942730
0.0319139447
-0.0163581341
-0.0102906567
0.0473934978
-0.0249827448
-0.0320922155
-0.0149638149
-0.0009178846
-0.0337498647
0.0221235610
0.0029854063
-0.0000187101
-0.0325319308
0.0004193867
0.0215382258
0.0065768224
0.0259753241
-0.0220006931
0.0193316125
-0.0179859480
0.0137189244
-0.0119560417
-0.0184217604
0.0042173930
-0.0142048937
0.0144322915
0.0176490558
-0.0190114402
-0.0225758544
-0.0137622977
0.0232853470
0.0201710420
0.0351984550
0.0024798901
0.0313982601
0.0336565459
-0.0088416078
0.0123591451
0.0178229175
0.0135059240
0.0121164750
0.0521720103
-0.0037378851
0.0137429933
0.0246509305
0.0044514499
0.0010595300
-0.0102787673
0.0225472822
-0.0210105134
-0.0053632968
-0.0045817348
-0.0175068382
-0.0106494134
-0.0108316783
0.0130969686
0.0338450253
-0.0159481834
0.0298307792
-0.0095219013
-0.0068776753
-0.0100420581
-0.0035041911
0.0168960249
-0.0198549637
-0.0128756797
-0.0027494585
0.0285845732
0.0117273630
0.0338750413
0.0215587327
-0.0328762293
-0.0190463436
0.0116687106
-0.0362823704
0.0137159081
0.0148702661
0.0018376866
0.0046401865
0.0210210496
0.0035621135
0.0200915274
0.0085513240
0.0014410508
0.0350965536
0.0258141037
0.0294099250
0.0016192886
0.0329481458
-0.0177184153
-0.0153404088
0.0192385054
0.0073422881
0.0317340069
0.0199536183
-0.0027979706
-0.0165478436
-0.0222810714
-0.0075852169
-0.0083106870
0.0317713090
0.0275359663
-0.0068816259
0.0232016372
-0.0286143333
0.0263797894
0.0008014666
0.0228197744
0.0359977635
0.0188206783
0.0192115367
0.0289858330
0.0151806134
0.0176314139
-0.0045923388
0.0171996025
0.0392763429
-0.0031444561
0.0087260435
-0.0043954633
0.0012742984
0.0301764641
0.0028607390
-0.0110223896
-0.0448576881
0.0202458205
0.0252519307
-0.0169908734
0.0278962822
0.0184318992
-0.0078154683
-0.0077167007
0.0180593598
-0.0115380697
-0.0296864892
-0.0128843237
0.0191408791
-0.0325110213
-0.0051403214
-0.0000031893
-0.0075114572
0.0208012105
0.0011423754
0.0004965481
-0.0253755851
0.0225868170
0.0071825289
-0.0161257338
0.0447018876
-0.0204754949
0.0084618286
0.0573329621
0.0397012178
0.0339101671
0.0224484566
-0.0102644828
-0.0084260096
-0.0178375691
0.0190883241
0.0252321377
0.0588688024
0.0493760036
0.0237710637
-0.0201368941
0.0274377853
-0.0035780327
-0.0042863028
0.0343066533
-0.0050179615
0.0044292798
0.0401777945
0.0079112501
-0.0153219439
0.0301817732
-0.0143603609
0.0041903851
-0.0082488392
-0.0034280070
-0.0048971759
0.0167154174
0.0022868794
0.0108716860
-0.0100365424
0.0020186542
-0.0058833483
-0.0286516059
0.0015770340
0.0086563654
0.0232079516
-0.0401683521
-0.0206307696
0.0090642984
0.0095966181
0.0070624301
-0.0039076966
-0.0227962685
0.0115436797
0.0195574700
-0.0067444983
0.0034098283
-0.0038787242
-0.0150273056
0.0210810069
0.0107342936
0.0113460939
0.0052512651
0.0193465376
-0.0039591770
-0.0095934807
0.0012940875
-0.0067473159
0.0056842447
-0.0176369222
0.0130251356
0.0076652812
0.0122903820
-0.0163008160
-0.0252574972
-0.0365719735
0.0208370455
0.0028397847
0.0162443084
0.0203935597
0.0071381464
-0.0045400266
0.0200983428
0.0183987326
-0.0180505448
0.0258610499
-0.0221508762
-0.0068652342
-0.0039602845
-0.0113742719
0.0020948091
-0.0021860071
0.0115362175
0.0250378518
-0.0298338224
0.0234706319
0.0002117256
-0.0351949360
-0.0063913510
0.0082900093
0.0316948150
0.0253050516
-0.0016234320
0.0002248746
-0.0046264808
0.0095784207
-0.0045686720
0.0007744872
0.0159875379
0.0147339917
0.0211517808
0.0030166070
0.0202294293
0.0235667035
-0.0410115927
-0.0186860938
-0.0136055532
-0.0105790931
-0.0303719115
0.0027724718
-0.0237837455
-0.0193623279
0.0371073434
0.0192663034
0.0347801292
-0.0346391843
-0.0558013565
0.0195506556
-0.0256752162
0.0014662681
0.0201396337
-0.0330252868
-0.0023643824
0.0257161979
-0.0245156517
-0.0340552569
-0.0207539079
0.0125680531
0.0382244750
-0.0100889114
0.0135300874
-0.0338204538
-0.0104184337
-0.0179742391
-0.0111829445
-0.0411934430
0.0164569584
0.0267738519
-0.0070188798
-0.0392575244
-0.0107249352
0.0040908163
-0.0301934281
0.0257610025
-0.0318701334
0.0280038056
0.0464375157
0.0033495358
0.0253700417
-0.0163103895
-0.0153475725
-0.0040396055
0.0107646348
-0.0083843912
0.0277573801
0.0297275729
0.0329272553
0.0376786728
0.0099472557
0.0232974115
-0.0268079331
0.0136184409
-0.0267664451
-0.0482631681
0.0063995073
0.0098766684
-0.0101077876
-0.0384443736
0.0416532107
-0.0411106869
-0.0029324368
-0.0359021758
-0.0125423001
0.0387561733
0.0274242193
-0.0173298286
0.0342300564
-0.0344450123
-0.0176857268
0.0354597681
0.0018460351
0.0125891799
0.0466810024
-0.0437747905
0.0162575795
-0.0224363348
0.0213673949
-0.0350064664
-0.0001183371
-0.0037267184
-0.0084667079
-0.0258903141
-0.0009970956
-0.0223585920
0.0457660528
0.0372714742
0.0214037198
0.0482661228
-0.0332170724
0.0199441566
-0.0060240718
-0.0049853145
0.0063935949
0.0177923990
-0.0184130216
0.0384892335
-0.0243747685
-0.0456359664
0.0327430083
-0.0176096444
-0.0126884140
0.0030088636
-0.0391388806
0.0289704525
0.0369525977
-0.0069554423
-0.0252654018
-0.0451946266
-0.0295470379
-0.0014007655
-0.0381975981
0.0321944368
0.0295248913
-0.0214360255
-0.0008289862
0.0210123984
0.0334046768
0.0381184277
0.0266954370
0.0163587035
0.0193832149
0.0060777861
0.0398359165
0.0262507278
0.0059649776
0.0421135013
-0.0329640307
0.0248252374
0.0404657826
-0.0448744982
-0.0345662623
0.0300980835
0.0082432534
-0.0272131429
0.0052180213
0.0027049836
0.0151230031
-0.0087725961
0.0350469692
0.0319552671
0.1034480045
0.0515804699
0.0149044929
0.0402208537
0.0245121834
-0.0269171732
-0.0210476352
0.0371029023
0.0306432373
0.0324655505
0.0234550410
-0.0017758970
-0.0220730635
0.0248037537
-0.0307212174
0.0124279469
-0.0145707032
0.0047216282
-0.0126512301
-0.0056320899
0.0001037751
0.0112372371
-0.0495033062
0.0110164453
-0.0119600628
-0.0145963345
0.0073644264
-0.0171369201
0.0190128918
0.0340895399
0.0004536199
0.0172016102
0.0022762655
-0.0445224154
0.0447851450
-0.0389409806
-0.0249979899
0.0236425139
-0.0072772022
-0.0379408668
0.0419393259
0.0068279397
0.0246280846
-0.0019619044
-0.0010971103
0.0129645005
-0.0028050970
0.0061822359
-0.0108642268
-0.0146220072
0.0043749195
-0.0043201741
-0.0228036783
0.0170648734
0.0030456378
0.0303553800
0.0032168393
-0.0130284723
-0.0139242127
-0.0338647870
-0.0274678638
0.0197073921
0.0186919944
0.0335910354
0.0017604858
-0.0297856040
0.0109737994
-0.0147587667
0.0264270773
0.0203180248
0.0014598053
0.0303570829
-0.0303259658
0.0129855484
-0.0260003269
-0.0434374704
0.0124607471
0.0239980585
-0.0087020993
-0.0213536054
0.0000075573
-0.0342160244
-0.0003382250
0.0263679042
0.0165070102
-0.0062009334
-0.0079855713
-0.0405377175
0.0521889071
0.0454072435
0.0076239755
0.0601786224
-0.0304581706
-0.0000706811
0.0154823727
0.0256671244
-0.0319101818
0.0230983736
0.0033919727
0.0504147329
0.0258917192
-0.0502174967
-0.0321383927
0.0001168472
-0.0251259573
-0.0192238487
0.0223658649
0.0059743225
0.0457505908
0.0232436384
0.0172497482
-0.0121394299
0.0018455308
0.0167708741
0.0164890616
-0.0205248869
0.0206806042
0.0135933065
0.0392854170
0.0013214474
-0.0369281508
-0.0384315506
-0.0060245481
0.0278015344
-0.0421067161
0.0228553417
-0.0034234487
0.0235722849
-0.0000134539
0.0333146234
-0.0365933369
0.0406708653
0.0245512500
-0.0470390132
0.0298829901
0.0035003565
-0.0210294456
0.0017768237
-0.0307079448
-0.0173120119
0.0467749621
0.0257184543
0.0258526403
0.0056194217
0.0457903192
-0.0004100401
0.0138538352
-0.0396067090
0.0417931219
-0.0365396205
0.0012365435
0.0335813012
-0.0387598386
0.0266108364
0.0706099930
-0.0124946348
0.0236419984
0.0349730215
0.0123219419
0.0118349789
-0.0006173217
-0.0109283806
0.0508697545
0.0706151096
0.0114482519
-0.0031280603
0.0044620764
-0.0187657926
0.0285798411
0.0438638090
0.0114122111
0.0120975695
-0.0009569515
0.0172994812
0.0142028025
-0.0272643422
0.0188313027
0.0194098023
0.0018579866
-0.0329771413
-0.0360816398
0.0049226864
-0.0231984686
-0.0184683815
-0.0143396910
0.0204636554
0.0008231901
-0.0183967548
-0.0064710809
-0.0252764385
0.0194020694
-0.0132462143
0.0255555300
-0.0276647500
-0.0219765299
0.0328824266
0.0277108108
0.0406225700
0.0276032320
0.0486816869
-0.0026624796
-0.0082406475
0.0352229140
-0.0218323551
-0.0217950228
-0.0021336978
0.0211909822
0.0094296627
0.0171869960
-0.0054144222
0.0273959614
0.0001492465
-0.0168737720
-0.0140605496
-0.0024998620
0.0447158102
0.0166832156
0.0024983910
0.0472595757
-0.0114012039
0.0188465399
-0.0192295242
0.0111155744
0.0050291675
0.0052775586
0.0101581146
0.0136393191
-0.0253864718
-0.0124275362
0.0334327965
-0.0239258061
0.0334549876
-0.0153776653
0.0260999641
0.0101710317
0.0193831766
-0.0352079019
-0.0512924875
0.0173911176
-0.0377938469
0.0075233332
-0.0381779028
-0.0194524293
-0.0158853387
-0.0122745962
0.0192396704
0.0247280572
0.0471062109
0.0319795557
0.0131010574
-0.0252872245
-0.0111018070
-0.0083678183
-0.0279975065
-0.0072735377
-0.0397444345
-0.0316352639
0.0174801924
-0.0260392781
0.0185366194
0.0018660663
-0.0108082482
-0.0382945343
0.0435999848
0.0197297386
-0.0151505155
0.0148320307
0.0314994271
-0.0407551794
0.0474757604
-0.0196370110
-0.0229947584
-0.0100850878
0.0435454902
-0.0352955234
0.0279385670
0.0139390493
-0.0052903097
0.0094923900
-0.0243137920
-0.0015062488
0.0138506906
-0.0283202106
-0.0007786464
0.0015989319
0.0128246816
0.0253018662
-0.0123286974
-0.0068250106
0.0147240904
0.0187243644
0.0207429829
0.0138714235
-0.0385227879
-0.0267218149
0.0284188382
-0.0318513529
0.0118650884
-0.0018484817
0.0366333468
-0.0172531769
0.0280612905
0.0310588181
0.0023120681
0.0407549337
-0.0444059177
-0.0005271086
0.0421149640
0.0065228812
-0.0345070846
0.0206137840
0.0415344690
-0.0112090013
-0.0273257309
0.0392870373
-0.0253286801
-0.0255913413
-0.0177514419
0.0269139854
0.0249693776
-0.0009196114
-0.0147096658
0.0348592159
0.0188194587
-0.0259847645
-0.0717027386
0.0048088855
-0.0178237535
-0.0350588571
-0.0384001333
-0.0074040194
-0.0261754463
-0.0169943399
-0.0388578980
-0.0659384599
0.0056478472
-0.0269858546
0.0195954293
-0.0278514706
-0.0284479670
-0.0016713089
-0.0373759175
0.0182890863
0.0212102486
-0.0227626578
0.0477185486
-0.0308225707
-0.0033531962
0.0222141673
0.0442104576
0.0134353781
0.0161618354
0.0318828044
-0.0141629076
-0.0088973380
-0.0341062788
-0.0368144359
-0.0195940407
-0.0275654194
0.0019358795
0.0082724250
-0.0173302381
0.0150560189
0.0049473309
0.0308124909
0.0559967233
-0.0296339614
0.0040891658
0.0356184477
0.0156903877
-0.0385310065
0.0265653468
0.0185908476
0.0195441097
0.0103310440
0.0372416408
-0.0115056254
-0.0042058615
-0.0368617609
-0.0320802595
0.0183925704
-0.0092772213
-0.0052933515
-0.0138233389
0.0231070182
0.0084953979
-0.0083715464
-0.0031963135
0.0139460836
0.0164288094
0.0270327183
0.0171998980
0.0429749283
-0.0188285985
0.0306100963
0.0203711348
0.0330236307
0.0198636401
0.0185248440
0.0153618879
0.0003832144
0.0037993224
-0.0239375493
-0.0028406032
-0.0075583686
0.0294457363
0.0086325334
0.0107161573
0.0185296271
0.0169784961
0.0042696654
0.0133894546
0.0011196421
-0.0203781214
0.0101949521
-0.0049204192
-0.0009425649
-0.0042656908
0.0061956258
0.0313213642
0.0145803924
-0.0214530365
-0.0246793747
0.0131412189
0.0178262592
0.0220184406
0.0000065528
-0.0326188045
-0.0110530677
-0.0190910110
-0.0114877739
-0.0119979725
-0.0023555502
0.0141720595
0.0157688310
0.0216368624
0.0082955622
0.0008008375
0.0148035839
-0.0140640895
-0.0061184007
0.0023610778
0.0069144663
-0.0026777187
0.0060674280
0.0245809598
0.0130739502
0.0011685068
-0.0123871776
0.0011338888
0.0098366549
-0.0062982129
-0.0105954020
-0.0085931513
-0.0151511567
-0.0109623239
-0.0055120248
0.0093026087
0.0204218268
0.0017100886
0.0117690854
-0.0126746029
-0.0060093579
0.0040166878
0.0075766380
-0.0020205412
-0.0211570418
-0.0064012259
-0.0028997097
0.0223569587
0.0025049059
0.0030788247
-0.0011468780
-0.0116131510
-0.0046139635
-0.0125363731
-0.0119299987
-0.0253611201
-0.0400257940
-0.0426350751
-0.0417418631
0.0194018019
-0.0176081137
-0.0297557492
-0.0112315392
-0.0322854872
0.0368477909
-0.0391164707
-0.0268594777
-0.0077744531
-0.0303117133
-0.0415431443
-0.0005655515
0.0016652463
0.0186151114
0.0146274762
0.0159070671
-0.0415508637
0.0242225467
0.0325752927
0.0227466431
-0.0231758932
0.0209778428
-0.0214953662
0.0317638435
0.0037618614
-0.0093348122
-0.0390362373
-0.0451291836
-0.0350900919
0.0030920328
-0.0221149613
0.0183259620
0.0254539386
0.0159614133
-0.0010196472
0.0424551802
0.0056796509
-0.0130055843
-0.0248503103
0.0196757710
-0.0212257184
0.0174040001
0.0175496441
-0.0013694660
0.0182499530
-0.0255067336
0.0191921390
-0.0423238335
-0.0338408644
-0.0129238389
-0.0323276570
0.0161459781
0.0350326135
-0.0161159716
0.0125887834
-0.0437724847
0.0066344814
-0.0060138730
-0.0416469417
-0.0219753411
0.0023335837
0.0161658051
-0.0215665886
-0.0432978149
-0.0083758398
0.0130268533
0.0258100686
-0.0324272646
-0.0005396342
0.0174540274
0.0028684213
-0.0161468255
0.0044719052
0.0106292741
-0.0240364883
0.0016400842
-0.0000882533
-0.0399198148
-0.0008511713
0.0348846218
0.0093238663
-0.0392069503
0.0156147915
0.0316461036
0.0190719707
-0.0482960201
0.0007111550
-0.0580115072
-0.0020398502
0.0209094360
0.0085448419
-0.0445395572
0.0434613242
-0.0207918178
-0.0440128808
0.0093967506
-0.0649651704
-0.0084963808
0.0162318481
0.0254314882
-0.0042803164
-0.0211800065
-0.0036232951
-0.0413815117
-0.0124963817
-0.0019932898
-0.0457978040
-0.0452558853
0.0280192793
-0.0245678910
0.0253286444
-0.0447980307
-0.0366557782
0.0204894108
-0.0049701648
-0.0045746424
-0.0507689753
0.0149017915
0.0405093810
0.0370831471
0.0047087278
-0.0178575165
-0.0000570872
0.0325756070
0.0218729252
-0.0052250059
-0.0565592850
0.0343849808
0.0011852982
-0.0496503690
0.0137323458
-0.0466166949
0.0139683759
0.0269642878
-0.0206661397
-0.0210349422
-0.0340189768
-0.0145659039
0.0179699054
-0.0021831016
-0.0176475314
-0.0366080283
0.0013772505
0.0342337040
0.0227519076
0.0035762293
-0.0376959173
0.0185531129
0.0202775200
0.0061694306
0.0257208558
0.0031948306
-0.0516779735
0.0106792177
0.0132328569
0.0260952629
0.0260463802
0.0049024567
0.0490119511
0.1190461226
0.0485381927
-0.0098082496
-0.0059978334
-0.0143883781
0.0053533842
-0.0341945970
-0.0400813967
0.1351157102
0.0921369213
-0.0011576029
0.0626858848
0.0265081633
-0.0066358525
-0.0259369988
-0.0429674306
-0.0206594413
0.0583518876
0.0251973195
-0.0121992568
0.0376241915
0.0221840760
-0.0202694875
-0.0117141164
-0.0025995830
0.0006340400
0.0180929544
0.0268835055
0.0362712956
-0.0175783756
0.0058190994
0.0176201613
0.0308781138
0.0342896013
-0.0172950141
-0.0028260550
0.0175163807
0.0076425387
0.0054902396
-0.0084920993
-0.0048496678
-0.0002952356
-0.0011777562
0.0225000363
-0.0295386535
0.0466782368
-0.0200027078
-0.0109726460
-0.0310795898
-0.0213133593
-0.0136312193
-0.0448191966
-0.0152859979
-0.0081851723
0.0163256796
-0.0183611843
-0.0180034117
-0.0207006896
0.0040355121
-0.0029876416
-0.0283660506
-0.0469348445
0.0080537171
-0.0112925891
0.0131842788
-0.0098592373
0.0116362301
0.0122956844
-0.0126044770
-0.0450132619
-0.0239725013
0.0068784721
-0.0049027198
0.0287180951
0.0024634862
0.0142083195
-0.0210928980
-0.0122029788
-0.0003976062
-0.0087481631
0.0265667544
0.0377994577
0.0102693303
0.0257428209
0.0057834176
0.0198200094
0.0196933345
-0.0172538570
-0.0099715294
0.0212767224
0.0512954558
0.0230038693
0.0099148110
-0.0257405108
0.0018699043
-0.0171080314
0.0020993711
0.0158947532
0.0294230460
0.0177374519
0.0170646674
0.0015839674
-0.0075501456
0.0043353410
-0.0118650433
0.0110499076
-0.0169524497
0.0435724880
-0.0016691700
-0.0149457679
-0.0048430701
-0.0104616207
0.0189641770
0.0264572329
0.0221716879
-0.0114429924
-0.0212795842
-0.0172795799
-0.0005732265
-0.0376704294
0.0041670618
-0.0106485635
0.0157872433
0.0278036247
0.0166718701
-0.0105040501
-0.0093501055
0.0203876491
0.0009203014
0.0247916666
-0.0110863609
-0.0160579727
0.0147486533
0.0177095669
0.0000656195
0.0198554917
0.0008692612
0.0155432135
-0.0048236090
-0.0270998283
-0.0011917905
-0.0103346943
-0.0067180621
-0.0010323966
0.0257009926
-0.0214475631
0.0043671609
0.0073880908
-0.0216699691
0.0220764566
-0.0133746445
-0.0038198642
-0.0014742742
-0.0063012413
0.0162684960
0.0072160137
-0.0149412957
0.0040964007
0.0040793896
0.0186301465
0.0279683403
0.0349896042
0.0698488367
0.0202123536
0.0112724134
0.0381755301
0.0001747307
-0.0118810301
0.0241525675
0.0327811177
0.0376626165
0.0490829960
0.0056933507
-0.0123501934
-0.0359217869
0.0181120304
0.0208123700
0.0108271383
0.0202364620
-0.0160982848
-0.0097757562
-0.0144932806
0.0149499522
-0.0216250148
-0.0148233459
0.0006653447
-0.0177587154
0.0175571779
0.0082921288
0.0170934944
0.0005940111
0.0224484509
0.0078074821
-0.0339991670
0.0083857484
-0.0042502480
-0.0097885149
0.0201310154
0.0290352495
-0.0195853779
0.0225132121
-0.0167989246
0.0004489552
-0.0033729397
-0.0043404529
-0.0290907981
0.0112157713
0.0169915685
0.0285201586
0.0186624989
-0.0038207662
0.0480714161
0.0178506686
-0.0175987271
-0.0052168748
0.0266030554
0.0015467124
-0.0127939786
-0.0188641267
0.0019560605
-0.0119573362
0.0329543841
0.0246487414
-0.0053042401
-0.0002624352
-0.0222184072
-0.0071541404
-0.0242344515
0.0008501440
-0.0102562240
-0.0151377608
0.0246162646
0.0168659250
0.0185731420
-0.0127658725
-0.0011392385
-0.0173862840
0.0135054506
0.0103257757
-0.0184888205
-0.0019819660
0.0278126172
-0.0420944976
-0.0323815507
0.0234142930
-0.0116128488
0.0167150242
-0.0244541567
-0.0241530611
0.0048356985
-0.0248496181
-0.0172592670
-0.0586768253
0.0038511272
-0.0210097505
-0.0158038113
-0.0162457104
-0.0112402182
0.0141554682
-0.0217946238
-0.0252347309
-0.0501178987
0.0022694697
0.0130519030
0.0388781740
-0.0096192012
-0.0323610034
-0.0277718584
-0.0436135903
-0.0145851842
-0.0116144882
0.0266576830
0.0203924104
0.0152781258
0.0156715678
-0.0437349316
0.0100015379
0.0157768267
-0.0190126535
-0.0152470732
0.0390331993
-0.0024818909
0.0292350528
0.0220901514
0.0053332583
0.0342940657
-0.0058881550
-0.0074696195
0.0314314208
0.0086459645
-0.0442977402
0.0131835950
0.0320099577
0.0351196706
-0.0184613191
0.0102037928
-0.0410176115
0.0259371667
0.0136788673
0.0326334979
-0.0232957184
0.0343758459
0.0245744406
0.0073614376
-0.0399744469
-0.0425079389
-0.0225247147
-0.0065650795
-0.0162116185
-0.0482791131
-0.0122004375
-0.0110753480
0.0036907288
0.0067684073
-0.0109427242
-0.0060690316
-0.0428731786
-0.0498558179
0.0181075915
-0.0463769598
-0.0172838962
0.0096387019
-0.0356722174
-0.0160669535
0.0373442278
-0.0032288558
0.0015517048
0.0351024063
-0.0410079684
0.0277475709
0.0161217241
0.0192991387
-0.0292590814
0.0040658956
0.0064736908
-0.0359037274
-0.0106453238
0.0241648352
-0.0295918230
0.0296979484
-0.0426791723
-0.0047874642
-0.0324215689
0.0140609847
-0.0115394770
-0.0097928494
0.0368048426
-0.0232309270
0.0338431024
0.0023284630
-0.0244378687
-0.0384215251
-0.0401369753
-0.0462812293
-0.0366396309
0.0407984337
0.0123074625
-0.0049916765
0.0200656258
-0.0434759062
-0.0372638658
0.0225766917
0.0058883662
-0.0293699564
-0.0252275372
-0.0375079118
-0.0096939235
0.0290469774
0.0377022011
-0.0517024055
0.0368880590
-0.0494919176
-0.0120153641
0.0429024863
0.0035916497
-0.0118148967
-0.0514955255
0.0318447093
-0.0042179364
-0.0459542389
0.0259770684
0.0082972001
-0.0100045762
0.0267081747
0.0360998753
-0.0163209674
-0.0375392102
-0.0085857724
0.0187255130
0.0013335601
0.0063581592
0.0183275409
0.0158935025
0.0330324182
-0.0103007565
-0.0384489443
-0.0234306564
-0.0550349414
-0.0259594112
0.0048948986
-0.0409096221
-0.0055040788
0.0160410197
-0.0170447751
