84.593908
77.295029
72.439560
59.440379
67.451750
57.617256
62.173538
70.899408
76.940768
54.180537
59.494514
75.694096
73.146202
74.294557
72.321783
62.319284
75.688667
74.491814
50.755153
73.544597
61.163361
53.127300
69.843123
74.388043
67.827416
71.899459
89.808663
65.008130
68.111256
87.240400
59.173816
51.164797
67.010449
72.879626
64.727278
70.135147
60.369332
71.145790
64.927252
51.691605
71.689239
68.706025
86.559867
67.989306
71.283273
75.664321
75.621375
51.304810
71.227562
79.433113
