55.966141
54.477157
56.144012
56.228393
55.726811
55.399293
56.227472
56.251862
56.190776
55.754869
56.174181
54.433661
55.097829
55.964840
56.251646
56.185359
56.160461
52.033296
56.234018
56.169603
56.216185
56.239157
56.152485
56.255261
56.237433
56.134984
56.251523
56.140338
56.256961
55.084780
56.155988
52.066285
56.098283
56.067598
56.138232
56.156683
55.348280
56.233618
49.118557
55.284171
56.237895
56.172786
55.977694
55.286791
55.716206
56.148835
53.562233
56.201600
55.420969
55.791157
