-0.0006382514
-0.0007411501
0.0013610375
-0.0007844074
-0.0037331476
-0.0064025968
-0.0056591593
-0.0073015159
0.0004390276
0.0003136121
-0.0015717654
-0.0019347031
-0.0011370776
-0.0025684666
-0.0022026619
0.0069524832
0.0019910950
0.0041238857
0.0027186908
0.0042888690
-0.0001150478
-0.0001464983
0.0137893502
0.0191665888
0.0225192234
0.0037807825
0.0063475245
-0.0009361004
-0.0002453642
0.0007789047
0.0090989051
0.0117729297
-0.0030155191
-0.0079437429
-0.0084268507
0.0050098412
-0.0030001728
-0.0037214591
-0.0044544353
-0.0236071479
-0.0657681972
-0.0526775457
-0.0036382228
-0.0097375475
-0.0050173253
0.0038676278
0.0044449889
0.0018878094
0.0157894883
0.0592864603
0.0619341210
0.0262227654
0.0016790838
0.0042727157
-0.0013003231
-0.0012646905
0.0022863455
0.0163361877
0.0183276106
-0.0112640886
-0.0163214635
-0.0045918440
0.0017578723
-0.0016451876
0.0013900764
-0.0050919661
-0.0218743104
-0.0225473698
-0.0135677746
-0.0018013315
0.0062445984
0.0027373764
0.0026975365
-0.0018994645
-0.0046303784
0.0001192745
0.0032358735
-0.0014380005
0.0001953192
0.0032696575
-0.0000020756
0.0017551270
0.0032122892
0.0032121504
0.0046195765
0.0087460401
0.0084943371
-0.0009343480
-0.0027479371
0.0002446724
-0.0016410592
-0.0012196040
-0.0011132682
-0.0034978085
-0.0057574157
-0.0027078642
-0.0029868418
-0.0014267787
-0.0023921402
-0.0048392448
0.0035702323
0.0034343153
-0.0105154719
-0.0197315607
-0.0161047615
-0.0029443325
0.0015732480
-0.0021853033
-0.0053831399
0.0066852714
0.0140597643
0.0007902214
0.0184472781
0.0121081797
-0.0004626763
-0.0009552878
-0.0020537113
-0.0071004126
0.0046685296
0.0174479205
-0.0043796836
0.0156215420
0.0647281110
0.0089625958
-0.0129673919
-0.0011547792
-0.0021746962
0.0019065480
0.0056779096
-0.0080379006
-0.0576650575
-0.0287071075
0.0023428651
-0.0041492670
-0.0000979362
0.0057893395
0.0023770668
-0.0058452860
0.0129624074
0.0135684572
-0.0192837361
-0.0057891551
0.0011859981
-0.0013834331
0.0043973974
-0.0042286594
-0.0128311627
0.0013622708
0.0174198020
0.0150346616
0.0078442888
0.0036013753
-0.0021116659
0.0012206680
0.0010580588
-0.0032550599
-0.0010616748
-0.0065322155
-0.0006404289
0.0010044482
0.0011806970
-0.0009637453
0.0020953566
0.0005826149
0.0025474238
-0.0008421427
0.0021055997
0.0025397395
0.0027136097
-0.0040477789
-0.0006961959
0.0012014038
-0.0005852239
-0.0015000938
-0.0036289121
-0.0020686048
-0.0011960532
0.0000378606
0.0022783347
0.0011834427
0.0031146228
-0.0005696277
-0.0097533800
-0.0149667058
-0.0159092862
-0.0033042189
0.0063459114
0.0062444597
0.0022021530
0.0039141709
0.0010617304
0.0000658908
0.0053229383
0.0235462934
0.0160595663
-0.0069487756
0.0063323150
0.0039766259
0.0053273616
-0.0006713138
-0.0104140928
0.0219692253
0.0667198375
-0.0019609777
-0.0217848904
0.0020113876
-0.0036648596
0.0039359909
-0.0022044906
-0.0129624037
-0.0020631682
-0.0021783886
-0.0306866206
0.0075291907
0.0159529690
0.0041681575
-0.0000951128
0.0001089570
0.0025473537
-0.0001379557
0.0015069457
-0.0002446599
0.0082442742
0.0091005769
0.0056949165
-0.0014609570
0.0037241864
0.0011909438
0.0046751006
0.0161058288
-0.0035608753
-0.0137475515
-0.0097329458
-0.0037488975
0.0022955143
0.0011086618
-0.0013409777
0.0020963121
0.0019046593
-0.0034287341
0.0033441219
0.0006818747
0.0013698691
0.0023505993
-0.0002871114
0.0004283880
0.0008021610
0.0062143751
0.0007938117
0.0019221952
-0.0005446351
-0.0025970361
0.0020668407
-0.0019127332
-0.0017061835
-0.0030035360
0.0024747155
-0.0007047916
0.0006842095
-0.0031145015
-0.0039763991
0.0014390567
-0.0032435649
-0.0036230122
-0.0084049106
-0.0228159744
-0.0190242864
-0.0083807604
-0.0031045219
0.0023121277
0.0019036878
0.0025217324
0.0101378793
0.0037893523
0.0272468887
0.0068552336
0.0002723198
0.0082301041
0.0024536131
0.0019016187
-0.0002058830
0.0070606340
-0.0266803429
0.0036093001
-0.0228607561
-0.0081365425
0.0057390844
0.0035789628
0.0034468076
0.0019731806
0.0070245527
-0.0015500264
-0.0105719930
-0.0019872044
0.0077630337
-0.0041621514
0.0007326713
0.0006028541
0.0006487010
0.0041728001
-0.0105613656
0.0058647231
0.0042313612
-0.0068150624
-0.0014460698
-0.0004803100
0.0010473663
0.0005300968
0.0035549873
-0.0009636030
0.0128545435
0.0033077991
-0.0006966612
-0.0004108694
0.0034952397
0.0038038862
0.0000045955
0.0001821313
-0.0021049741
0.0072044143
-0.0013528136
0.0015834067
0.0002789330
0.0016045648
-0.0030301188
-0.0015323521
0.0003396606
0.0014173873
-0.0001607005
-0.0031494685
-0.0009662250
-0.0023252238
0.0001522658
0.0013259711
0.0006993466
-0.0010470599
0.0002293861
0.0014490485
0.0027586210
0.0021004139
0.0031190128
0.0032271703
0.0015524762
-0.0012559399
-0.0071961293
-0.0039936998
0.0014579389
-0.0001755130
-0.0011292321
0.0013884372
0.0012374218
-0.0002871058
-0.0016379344
-0.0047848183
0.0067171524
-0.0141419563
-0.0069143577
0.0015344435
-0.0035265740
-0.0014266539
-0.0016734778
-0.0028068845
0.0010663038
-0.0053651463
0.0099968053
0.0104187494
-0.0007054370
0.0011654189
-0.0037422332
-0.0026692932
0.0004256984
0.0057673152
-0.0041001430
-0.0179185066
-0.0095396414
-0.0036525531
0.0035217744
0.0038709913
-0.0027874245
0.0013780511
0.0036945045
0.0009188067
-0.0016007340
0.0000229433
-0.0063359910
0.0044547180
0.0049531274
-0.0035996605
0.0006442507
0.0013551852
-0.0048764688
-0.0011322942
0.0083613517
-0.0037040000
-0.0001070204
0.0003996121
-0.0018016453
0.0003052327
-0.0005130030
0.0013496815
-0.0058633690
-0.0018080785
-0.0011732545
-0.0003952041
0.0007359260
-0.0020271128
-0.0007218202
0.0026258030
0.0037134066
0.0029516602
-0.0022834518
-0.0046684882
0.0017819923
0.0015157547
0.0000358943
0.0010394631
0.0006968863
-0.0006593547
0.0037852561
0.0034457906
-0.0035216815
-0.0024703846
-0.0021682282
0.0019070090
-0.0024569172
0.0023780367
-0.0088858781
-0.0092947558
0.0045484444
0.0055698622
0.0016248304
-0.0011244060
0.0007474041
-0.0038975494
-0.0060261004
0.0069684298
-0.0038188307
-0.0044511613
0.0007001634
-0.0002310663
-0.0029778730
-0.0003558841
-0.0025499559
-0.0005257620
0.0065626898
0.0184205417
0.0074127531
-0.0003735995
-0.0045884219
-0.0050511779
0.0036495912
0.0017874719
0.0092376145
-0.0323425233
-0.0505593233
0.0246430747
0.0153255211
-0.0059136543
-0.0015895591
0.0014329570
-0.0075444016
0.0104807131
0.0029624193
-0.0226187408
0.0090752235
0.0021911990
-0.0072101699
0.0002322534
0.0059488397
-0.0011916367
-0.0022826260
-0.0029541512
0.0150735611
0.0114835510
-0.0016127808
-0.0069618099
-0.0031160209
0.0002500995
-0.0021744766
-0.0039744698
-0.0090009142
0.0021072316
0.0005384238
-0.0019023818
-0.0037527618
-0.0029045844
-0.0026723181
0.0003032725
0.0005434639
-0.0020308713
0.0014314242
-0.0013717209
0.0013799294
-0.0015706657
0.0032355690
0.0000134496
0.0016020039
0.0002464536
-0.0076255915
-0.0031964022
-0.0033128641
-0.0013467068
-0.0002656738
0.0013336389
-0.0012127898
0.0042878008
0.0025055551
-0.0048847133
-0.0007126199
-0.0116933947
0.0009190198
0.0000691787
-0.0020027896
-0.0005331479
0.0009211746
0.0008080124
-0.0103927581
-0.0161724351
-0.0047456967
0.0136485454
-0.0071695088
-0.0060937954
-0.0055934861
-0.0010714728
0.0022349320
-0.0172752645
0.0336565748
-0.0281817988
0.0218643453
-0.0003992567
-0.0037288272
0.0007686842
0.0033371893
0.0038474470
-0.0037142972
0.0617425442
-0.0112788128
0.0096723130
-0.0030912198
-0.0059081549
0.0006939156
0.0021259228
0.0048806774
-0.0094706099
-0.0121071041
-0.0095384251
-0.0010722814
-0.0036623734
-0.0065218201
-0.0002379302
0.0032965809
0.0073826243
-0.0017030461
0.0143381115
-0.0032599128
0.0032093821
0.0053755604
-0.0010768163
0.0006167552
0.0027643389
0.0054081790
-0.0048105400
-0.0000158639
-0.0045409370
-0.0032474613
-0.0024907882
0.0021696819
0.0023590557
-0.0005272391
-0.0019889744
-0.0008770591
0.0001117864
-0.0002638032
-0.0011250594
-0.0041413656
-0.0002373942
0.0017728854
-0.0006496033
0.0023211564
0.0034003304
-0.0043413476
-0.0034023090
0.0043262858
-0.0019304084
-0.0005406871
-0.0031684521
-0.0008401229
-0.0036397444
-0.0034807588
-0.0144521203
-0.0059820381
0.0041202647
0.0031291558
0.0006484950
0.0000105303
-0.0024557738
-0.0113239223
0.0109597743
0.0309323035
-0.0178427882
-0.0138684567
0.0084552448
0.0059169293
0.0042329901
-0.0033296181
-0.0087652635
0.0380717292
0.0299653150
-0.0308476910
-0.0117867626
-0.0024271051
0.0015190031
0.0011294329
-0.0054338817
-0.0013018681
-0.0093084415
-0.0382530466
0.0157049838
0.0214990750
-0.0120399399
0.0000441308
-0.0007246137
-0.0020614793
0.0010998421
-0.0127018569
-0.0224703737
0.0234984457
0.0037105125
-0.0098238960
0.0047859950
0.0003241569
-0.0011943062
0.0064429208
0.0142639251
-0.0034162297
0.0035597379
-0.0044056126
-0.0003451909
0.0053253891
-0.0011008877
-0.0018203063
0.0060044508
0.0051869196
-0.0057986588
-0.0022253466
-0.0009621055
0.0011241739
0.0005267301
-0.0003687987
-0.0017845673
-0.0005163944
-0.0022736988
-0.0086430823
0.0008592985
-0.0010591623
-0.0005409361
0.0032371471
0.0007329821
0.0003619895
0.0008701409
-0.0033619681
-0.0089273890
0.0090243220
0.0035759397
-0.0027559586
0.0018625262
0.0057557249
-0.0024086451
-0.0046736184
-0.0050690905
-0.0092258528
0.0003141384
0.0087152459
-0.0068115178
0.0002290777
0.0023050189
-0.0035723988
0.0018724937
0.0105004217
-0.0322863050
0.0188975427
0.0215478763
-0.0229124166
-0.0018789280
-0.0031981790
-0.0039321766
0.0181078818
-0.0061957357
-0.0677903816
0.0697923079
0.0168809816
-0.0201178603
-0.0010671656
0.0023846773
0.0025679145
0.0128902169
-0.0265796762
-0.0037524051
0.0181120206
-0.0135385636
-0.0021762762
0.0009774866
0.0010010081
0.0018926053
-0.0077271960
-0.0050991001
0.0295937378
-0.0143848164
-0.0044578752
0.0037972655
-0.0037669204
0.0018584266
-0.0033557196
-0.0074316314
0.0073645888
0.0054902448
-0.0004462761
0.0055212136
0.0056032990
-0.0015930743
0.0021735413
-0.0022156439
0.0008502618
0.0021161225
-0.0030701181
-0.0009682701
-0.0001121087
0.0000597295
0.0011463145
0.0001226002
-0.0010178707
-0.0051615350
-0.0053110295
0.0015118616
0.0054521803
0.0075291642
0.0045215157
0.0002856732
0.0006310061
-0.0003983837
0.0023886056
0.0033498269
0.0032133509
0.0033528467
-0.0025900977
-0.0054116161
-0.0007468155
-0.0052069505
0.0005194322
0.0104291830
0.0022962813
-0.0120208859
-0.0130061572
-0.0085983025
-0.0034723522
0.0004636890
-0.0049709976
0.0022531780
0.0018067396
-0.0212612338
-0.0225938410
0.0089343321
0.0084214173
-0.0026782642
0.0019784220
0.0015260759
0.0005125653
-0.0083575929
0.0036569401
0.0613853373
0.0599006340
0.0139230853
0.0029570612
0.0056883637
0.0004952981
-0.0034331740
0.0030115379
0.0106112761
-0.0217932947
-0.0658940896
-0.0265522394
0.0089322813
0.0041232910
0.0006467037
-0.0025036670
-0.0051049511
-0.0203362983
-0.0242621955
0.0120807569
0.0172920376
0.0026447282
0.0025436615
0.0005331984
-0.0007287813
0.0023262270
0.0156337619
0.0282141045
0.0169612002
-0.0058511356
-0.0106594879
-0.0015664613
-0.0016071623
-0.0004686007
0.0026790958
0.0060964790
0.0045464961
-0.0075350530
-0.0070676981
-0.0015271337
0.0023207208
0.0005808941
-0.0005042339
-0.0009968698
0.0018718432
-0.0013272065
-0.0041956697
0.0028119143
0.0014934499
0.0005114215
-0.0011924284
0.0000347442
-0.0018132648
0.0005225140
0.0028450463
0.0016647780
0.0001015916
0.0015981491
0.0013626742
0.0011344154
-0.0004176955
-0.0079003274
0.0006428812
0.0158681497
0.0137106553
0.0043138950
0.0023715338
0.0005488169
-0.0003164878
-0.0023120572
-0.0103107616
0.0020011852
0.0085869124
-0.0252991747
-0.0053824778
0.0068971855
-0.0012413817
0.0023842347
-0.0043663369
-0.0207853019
0.0013537896
0.0182273332
-0.0467148051
-0.0260270815
0.0112442179
-0.0055122520
-0.0013243716
-0.0000605767
-0.0082189757
-0.0043729227
0.0222338680
-0.0017886963
-0.0035757404
0.0185559243
-0.0005925872
-0.0037143065
0.0023086513
-0.0000827121
-0.0019035680
0.0090161022
-0.0038351999
-0.0072959252
0.0089925667
0.0004267927
-0.0031225476
0.0027255707
0.0032534339
-0.0015645513
-0.0025435330
-0.0096507519
-0.0088214735
-0.0033200756
-0.0023885788
-0.0003678377
0.0024570252
0.0013213127
-0.0015755921
0.0061486461
-0.0009896499
-0.0001231490
0.0032890576
0.0016596706
0.0028781239
-0.0001004478
-0.0006487934
0.0008728577
-0.0005468528
-0.0055423244
0.0005012456
-0.0017612351
0.0021120659
0.0025560816
0.0004122929
0.0010550716
0.0014170057
0.0040369458
0.0018594719
0.0014051908
0.0010603606
0.0030610892
0.0040644449
-0.0009708375
-0.0002491984
0.0024508827
0.0076263035
-0.0020644302
-0.0028318758
-0.0025340633
-0.0007013889
0.0002281224
-0.0016686067
0.0018302879
0.0066294828
0.0032514674
-0.0058985362
0.0012779126
0.0011898740
-0.0006387628
0.0012458984
-0.0055890204
0.0005996564
-0.0348307639
-0.0542028174
-0.0149280718
-0.0001139041
-0.0006801955
-0.0058101946
0.0004637724
0.0042704861
-0.0068695848
0.0198725481
0.0503086150
-0.0220234059
0.0076130000
0.0046840124
0.0029650314
0.0001899611
0.0041140886
0.0036158750
-0.0056554899
-0.0124338204
-0.0161872692
-0.0000393288
0.0060407673
0.0013496791
0.0002868164
0.0000319837
-0.0013571528
-0.0101507921
-0.0024705785
-0.0014882816
-0.0027653407
0.0031915258
-0.0005315162
-0.0008033259
-0.0002192988
0.0005115207
-0.0025081369
0.0022861329
-0.0008353862
-0.0005254524
0.0011156002
0.0014350149
0.0010404885
0.0028467071
0.0024302052
-0.0031636751
-0.0044152974
0.0035543393
0.0022081428
-0.0013263156
-0.0029364259
0.0004713568
0.0025395809
0.0009062272
-0.0005632019
-0.0071661128
-0.0045517925
0.0038405536
0.0009946973
-0.0046995226
-0.0014899463
-0.0039780862
-0.0075815502
-0.0071846042
-0.0273338240
-0.0162429083
0.0021018160
-0.0067290594
-0.0046135839
0.0003250182
0.0021958395
0.0020718437
0.0039059555
0.0067141196
0.0031954783
-0.0063121752
0.0033394829
-0.0049990639
-0.0052643898
0.0047525978
0.0171244089
0.0059904382
0.0482610837
0.0261335988
-0.0431688465
-0.0004502204
-0.0174252558
0.0010203478
0.0003659709
0.0166853145
-0.0120129539
-0.0407820083
-0.0003340417
-0.0144749153
-0.0010866335
-0.0072659669
0.0045385268
-0.0039900620
0.0132579263
-0.0091870725
-0.0335152037
0.0026994317
0.0005974376
0.0007573490
0.0034341072
0.0000778316
-0.0012449275
0.0048591965
0.0069228727
0.0145002976
0.0187320225
0.0000346615
-0.0039290437
-0.0007256260
0.0007498891
0.0007705124
-0.0035993916
-0.0039458708
-0.0181652289
-0.0083063683
0.0089344895
0.0031550389
-0.0014932530
0.0051560546
0.0046179951
0.0052174064
0.0018538244
-0.0045264540
-0.0034636655
-0.0015054251
0.0034608825
0.0041420413
0.0012038257
-0.0030756074
-0.0018475928
-0.0012279833
-0.0003247434
-0.0027087382
-0.0051657553
-0.0018049617
0.0001609787
0.0000995348
-0.0030335998
-0.0052314922
-0.0055088783
0.0037319369
0.0195583627
0.0069814683
-0.0092095956
-0.0025275163
0.0083039049
-0.0000841132
0.0034889576
0.0094196852
-0.0154449875
-0.0180961769
0.0165102966
-0.0002713907
-0.0028342893
0.0024042160
-0.0007361138
0.0010212129
0.0157608800
0.0169638433
-0.0541885383
-0.0219796617
0.0204916634
0.0038786405
0.0014896422
0.0002430687
-0.0025409427
-0.0235176031
0.0022233054
0.0443242937
-0.0041157110
0.0032258711
-0.0010731033
-0.0005737684
0.0012774882
0.0092297699
-0.0045842305
-0.0106500080
0.0182318091
0.0143178003
-0.0050336565
-0.0003062016
0.0021040384
-0.0010551503
0.0096607516
0.0072823865
0.0063098338
-0.0073389714
-0.0028166501
-0.0086716460
-0.0007587721
0.0018856640
-0.0022570740
0.0024144684
-0.0012972734
0.0013106996
-0.0011908856
-0.0009975628
-0.0056671412
0.0013523480
0.0012501503
0.0020083168
0.0016493737
0.0022325299
0.0020483038
0.0062937578
0.0043376475
0.0028270374
0.0008488601
-0.0003186365
-0.0018730283
-0.0017695231
0.0006036395
-0.0030436930
-0.0006834089
-0.0024583093
-0.0021125840
-0.0015771572
0.0002203475
0.0008614667
0.0045369123
0.0008279685
-0.0060108532
-0.0064789914
-0.0073747695
-0.0038113198
0.0002272975
-0.0000202916
0.0012695809
0.0018670080
0.0027436318
0.0089951865
0.0118324105
0.0053012329
0.0019514184
0.0031489241
0.0072142440
-0.0022190919
-0.0150786126
0.0007491422
0.0015093604
-0.0116558298
0.0032937322
0.0040767612
-0.0022804253
0.0064973198
-0.0018270218
-0.0126661388
0.0102737527
0.0054253615
-0.0401187688
-0.0248468760
0.0048810984
-0.0036718328
0.0042877458
0.0025471007
0.0046409783
0.0044354578
0.0113125909
-0.0012593699
-0.0028406729
0.0129962508
0.0007926938
0.0010953328
-0.0024917726
0.0032153418
-0.0041303653
0.0058687292
-0.0036849815
-0.0026733691
0.0108012892
-0.0010142144
0.0033766339
0.0000734433
0.0058825477
0.0001878447
-0.0028248311
-0.0018857652
0.0000203073
-0.0008249090
-0.0001180237
-0.0034193927
-0.0008418234
0.0060212496
0.0057227826
-0.0043468694
-0.0027968090
0.0026136343
0.0024257617
0.0017200320
-0.0001560770
0.0016286665
0.0039797379
-0.0024751793
0.0016417702
0.0033183543
0.0024334977
-0.0015919515
-0.0005591449
-0.0001465535
0.0034210728
0.0074496735
0.0063983258
0.0146142039
0.0067801736
-0.0002562472
-0.0027550280
0.0054608784
-0.0033758359
-0.0017573544
0.0160262790
-0.0008502716
-0.0090460898
-0.0052765021
-0.0007368680
-0.0017936311
0.0012480911
-0.0066242488
0.0038168232
0.0153465858
-0.0494088568
0.0063569346
0.0090391254
-0.0014479549
0.0119802244
0.0069837351
-0.0070581948
0.0064854803
0.0062190136
-0.0101630669
0.0380175859
-0.0106260385
-0.0204582848
0.0209445041
0.0051892539
0.0050302823
0.0036625755
0.0012549383
0.0089063887
0.0152818272
-0.0106745791
-0.0115405619
0.0107189678
-0.0029940049
0.0035977231
-0.0040009171
-0.0054761921
-0.0169412121
-0.0015221399
-0.0060844477
-0.0047619632
0.0048590074
0.0028821924
0.0023862929
-0.0001430788
0.0009010709
0.0010100844
0.0029153074
-0.0022698590
-0.0043309173
0.0002025822
0.0015209297
0.0008535365
0.0019683959
0.0003465678
0.0002296534
-0.0026968240
-0.0003186756
0.0011025687
0.0041549960
-0.0037464299
-0.0022479636
0.0024662148
-0.0011364615
0.0044468264
0.0061045312
-0.0007308340
-0.0033276137
0.0011605771
-0.0026594345
0.0017565649
0.0045851781
0.0049881199
0.0017207718
0.0097905640
0.0055267662
-0.0004026620
0.0125921620
-0.0037517932
0.0029505403
-0.0008295093
-0.0016510705
0.0027269057
0.0485951193
-0.0189219695
-0.0004756419
0.0086966502
-0.0004426152
0.0022049628
-0.0004731808
-0.0178431123
0.0552023835
0.1541774869
-0.0101631489
0.0000581398
0.0059546032
0.0026170057
-0.0025901296
-0.0038007323
-0.0066276360
-0.0262295511
-0.0038011656
-0.0114758313
-0.0095456671
0.0095022898
0.0011786903
-0.0034764509
0.0000472138
-0.0092767924
0.0038541928
0.0148499869
-0.0061464636
0.0032645257
0.0054192548
0.0029762224
0.0009732685
-0.0009719584
-0.0002343697
0.0053563328
-0.0074424646
-0.0050303838
-0.0037090199
-0.0037712876
0.0030976678
-0.0004076902
-0.0007736385
-0.0003996010
0.0015684004
0.0033806621
0.0028094272
-0.0001114216
0.0006132250
-0.0005475868
0.0003645273
0.0060704825
0.0038679074
0.0006755836
0.0022094604
-0.0039377017
0.0012109457
0.0014994509
0.0021236697
-0.0020887656
0.0011080239
-0.0001395089
-0.0008112421
0.0071392800
0.0005742436
0.0036429712
0.0010011380
0.0009331788
0.0023117121
-0.0049841763
-0.0098886918
-0.0097388597
0.0130256852
0.0161603298
0.0116590001
-0.0018486235
0.0001472043
0.0018910789
0.0031630506
0.0036929897
0.0016692755
0.0009857110
-0.0094091874
-0.0051297336
0.0040534446
0.0037211194
-0.0010126639
0.0063131894
-0.0026696927
0.0129113877
0.0154287545
-0.0371025316
-0.0164111182
0.0149172014
-0.0004579216
0.0002147519
0.0055737160
-0.0256011132
-0.0185137819
0.0483378582
-0.0065002441
0.0040350892
0.0109722083
-0.0003629867
-0.0028502827
0.0051714508
-0.0014590096
-0.0177885890
0.0099019511
-0.0037183063
0.0061287158
0.0086708013
0.0016644408
0.0033832488
0.0070314012
0.0080185849
0.0056211250
-0.0039294618
-0.0135919973
-0.0019468797
0.0045944219
0.0000058998
0.0017867738
0.0040359390
0.0022278470
-0.0030033388
0.0012916356
-0.0031898967
-0.0013355993
0.0015553887
-0.0006394222
-0.0028285519
-0.0003926585
-0.0012046890
0.0038872149
0.0023687817
0.0057331757
-0.0045783469
-0.0000130862
-0.0037637306
-0.0003816187
-0.0003012315
-0.0039054784
0.0070962710
-0.0037059409
0.0043962179
-0.0035307296
0.0001839508
-0.0029929029
-0.0083958218
-0.0042014262
-0.0115160448
0.0192690864
0.0001239912
0.0066338177
-0.0011374973
-0.0016140196
0.0007984347
-0.0074718934
0.0001170339
-0.0067714639
-0.0047655585
0.0083261374
0.0025023031
-0.0120407660
0.0005502332
-0.0017603104
-0.0066784513
-0.0024429762
-0.0106068533
0.0265677515
0.0337431729
0.0108461259
-0.0163267087
0.0055812770
-0.0046253987
-0.0028445190
-0.0015191734
-0.0023253292
0.0540288985
0.0242257565
0.0107334070
-0.0162674263
0.0062567871
-0.0077479109
-0.0018007121
-0.0081766536
-0.0032176189
-0.0051721642
-0.0115100378
-0.0073120333
-0.0246360749
0.0009111353
-0.0073105791
0.0074243234
0.0010971844
-0.0111051835
0.0162078477
0.0044197245
0.0037112969
-0.0027168109
0.0006103214
-0.0008482693
0.0037627954
0.0002686200
-0.0049346262
0.0138126099
0.0031013046
0.0078265462
0.0015211689
0.0009985641
-0.0003089427
0.0030646664
0.0006302012
0.0030044049
0.0002346278
-0.0044223615
0.0028736615
0.0009289366
-0.0000397575
0.0020672744
0.0022643688
-0.0026528602
0.0003785182
0.0021238609
-0.0019505589
0.0012963938
0.0050810724
-0.0016499973
0.0017986032
0.0030236482
-0.0044499445
-0.0037556309
0.0034110576
0.0034358220
0.0065769418
0.0054091858
-0.0027229665
0.0066757845
0.0018501513
-0.0001444712
-0.0017744896
-0.0076396079
-0.0410423093
0.0080066845
-0.0001412311
-0.0050170994
0.0034127596
0.0051013660
0.0088870684
-0.0025170965
0.0126671679
-0.0379689150
-0.0018598754
0.0018807527
-0.0059865145
0.0032016162
0.0045849779
0.0005025979
-0.0110863224
-0.0020858878
-0.0320150852
-0.0014096941
0.0081155691
-0.0018679271
0.0056334287
0.0041016922
0.0003120634
-0.0067587709
0.0012865122
-0.0089905960
0.0058831293
0.0061224150
0.0000258935
0.0029737812
0.0018157153
-0.0014399129
-0.0028918078
0.0069288085
0.0047271382
0.0040504183
0.0015714685
-0.0007920799
-0.0011901861
0.0019434898
-0.0023230095
-0.0020651543
0.0027226305
0.0001171228
0.0024399702
0.0024108300
-0.0007883091
-0.0009486060
0.0015228218
0.0009027270
0.0010278501
-0.0022258791
0.0008997949
0.0025779060
0.0007185697
0.0002031326
0.0021603582
-0.0010260709
0.0025142925
0.0038386544
-0.0012130900
-0.0006859601
0.0013475347
-0.0052306484
0.0017270145
-0.0004512632
-0.0028250730
0.0041934191
0.0091315163
-0.0043109856
-0.0122657940
0.0002359792
-0.0105124572
0.0019436090
-0.0026064396
-0.0041887439
-0.0006363228
0.0089703333
-0.0089899898
-0.0126605202
0.0298505593
-0.0163889546
0.0040587625
0.0031110067
-0.0070439619
0.0011331021
0.0189266894
-0.0159487594
0.0061285733
0.0246438645
-0.0368979722
0.0220877044
0.0042558769
0.0009416867
0.0065832571
-0.0011406047
-0.0136396419
0.0421246924
-0.0356579870
-0.0202385429
0.0320348553
-0.0008425582
0.0075627631
0.0021828790
-0.0107401283
0.0035391508
0.0141324271
-0.0290683676
0.0009340416
0.0090006962
-0.0021910276
0.0024842625
-0.0056920177
-0.0015548264
0.0017376157
0.0033741437
0.0032022665
-0.0063551473
0.0002643459
0.0044697858
-0.0014920963
-0.0011910938
0.0000398511
-0.0024133984
0.0020707096
-0.0020643242
-0.0063508917
0.0028421581
0.0028014835
0.0014220650
0.0008458309
-0.0028041811
-0.0005190909
0.0010047989
-0.0010869146
0.0033360941
0.0011664331
-0.0013146233
-0.0007276267
-0.0003102922
-0.0016497212
0.0040757679
0.0026945868
-0.0059522837
-0.0021058770
-0.0008098847
-0.0018743072
-0.0054341387
0.0006532032
0.0041379132
0.0044884500
-0.0033711540
-0.0014193523
-0.0077008908
0.0028955725
0.0016317059
-0.0046160608
0.0032109306
0.0010737415
-0.0143577149
0.0117833093
-0.0024688703
-0.0162272546
0.0194912124
0.0011995466
0.0059047295
0.0024194550
-0.0188939050
-0.0095478650
0.0612371452
-0.0445724279
-0.0048360312
0.0228835791
-0.0020263819
0.0077480320
-0.0018420442
-0.0232809912
0.0299981087
0.0331299193
-0.0573603250
0.0111148851
0.0018505704
-0.0060904380
0.0021651173
-0.0049226489
-0.0110184085
0.0191624928
-0.0067053162
-0.0085095521
0.0113713909
-0.0066210250
-0.0048282007
0.0008343802
0.0004044209
-0.0067656981
-0.0015833959
-0.0090299034
0.0066376822
0.0023890790
-0.0064243022
-0.0004786895
0.0006277187
0.0001793546
-0.0023512144
0.0038642872
-0.0034664955
0.0058695190
-0.0008986352
-0.0017587458
0.0004351023
0.0007972170
0.0013600421
0.0002180199
-0.0044581131
0.0031889903
-0.0007868098
-0.0058333036
0.0004808749
0.0004263342
-0.0011968508
0.0014930784
0.0031839879
-0.0016127825
0.0042369780
-0.0047435244
-0.0066357022
0.0051715961
0.0006543270
0.0013714188
0.0039069550
-0.0026772441
0.0018049306
0.0085569946
-0.0049743471
-0.0027013421
0.0079811011
0.0009135782
-0.0025173982
0.0034798710
-0.0032823882
-0.0095177377
-0.0000611447
0.0009952263
-0.0120905600
0.0032414331
0.0020023724
-0.0059653670
-0.0008540844
0.0004964151
-0.0412066057
-0.0141251143
0.0065324809
-0.0150950523
-0.0070407256
-0.0036213186
-0.0067971600
0.0009739177
0.0252623502
-0.0207634047
-0.0119632240
0.0168618932
-0.0062415716
-0.0006388224
-0.0006009135
-0.0001580715
0.0015450476
0.0120474687
-0.0109344544
-0.0020095389
0.0118511217
0.0024778757
0.0023058667
0.0013814399
-0.0049739713
-0.0029899771
-0.0034497674
-0.0129528055
-0.0063984650
0.0038969018
0.0027396262
-0.0078075100
-0.0056436076
-0.0047296849
0.0010667345
-0.0012515145
-0.0026578289
-0.0015289692
0.0020223733
0.0026606780
-0.0028428379
-0.0051095570
0.0035080700
-0.0005555076
-0.0044152183
-0.0052858084
-0.0009955907
0.0014716007
0.0005711434
-0.0010029435
-0.0005803548
-0.0015686770
0.0021365972
0.0026944831
0.0014782189
-0.0008780815
-0.0025441463
0.0006308559
0.0031739571
0.0026346440
-0.0015022537
0.0005294140
0.0094044656
0.0078625493
0.0029588605
-0.0019531967
-0.0018618032
0.0038950634
0.0065389900
0.0013438106
-0.0006816509
0.0001615501
-0.0091166124
-0.0128917377
0.0205052271
0.0029379360
-0.0078840628
0.0004165294
0.0064310147
0.0005067475
0.0001552516
0.0120362183
-0.0244843978
0.0034652385
0.0239000618
-0.0029775642
-0.0057312269
0.0039745532
-0.0029975497
-0.0153997364
0.0069621676
0.0381361321
-0.0325357132
-0.0097180298
0.0065419711
0.0011462045
-0.0000150115
0.0061236285
0.0049003903
-0.0125008132
0.0209598802
0.0159429349
-0.0092267534
0.0071921786
0.0022942864
-0.0051090447
-0.0002307431
0.0111260908
0.0031235912
-0.0196852926
-0.0013632824
-0.0011690060
0.0073598586
0.0062665362
0.0021904821
-0.0037157256
-0.0011714870
0.0051501733
-0.0038952783
-0.0025096354
0.0020872550
0.0024448151
0.0037885746
-0.0016233526
-0.0013977645
-0.0014177220
0.0005483558
0.0047074640
0.0086792670
0.0014562138
0.0027191269
0.0036655259
-0.0009081034
-0.0021623410
-0.0017413654
0.0021776492
0.0030519662
-0.0022354177
-0.0014350342
0.0008650554
0.0011839531
-0.0037748620
-0.0037025225
0.0022813166
0.0032174082
-0.0027505322
-0.0181772709
0.0059128795
0.0029172488
-0.0037093016
-0.0012422868
0.0059843222
0.0076399194
-0.0039727120
0.0177778341
0.0237939507
0.0103706513
-0.0059585134
0.0000772255
-0.0064153518
-0.0012207273
-0.0092104496
-0.0264845099
-0.0230994001
0.0097245537
0.0136233019
-0.0072138654
0.0020523421
-0.0040157577
0.0022151768
0.0061616865
0.0057551116
-0.0000323812
-0.0258761756
-0.0059438329
-0.0033824472
-0.0052796868
-0.0065332572
0.0000335197
-0.0019886785
0.0049879854
0.0265981033
0.0065970733
-0.0072086556
-0.0101185208
-0.0021578481
-0.0021864746
0.0014896522
0.0011386788
-0.0029587625
-0.0064158742
-0.0049457280
0.0084117027
0.0087436140
0.0059629572
-0.0060785557
-0.0035252401
0.0017145911
0.0043613724
0.0015466894
-0.0013126280
0.0002036882
0.0002432404
0.0044871904
-0.0018008524
0.0021229805
0.0017274662
-0.0000889607
-0.0007408820
0.0026212609
0.0070615676
0.0070876507
0.0009382386
-0.0013670427
0.0033250051
0.0005093298
0.0026131738
0.0009209343
-0.0002440643
-0.0044169258
0.0000373426
0.0015952267
0.0013995450
0.0065186676
0.0048104986
0.0188581254
0.0272583496
0.0197849795
-0.0071088951
0.0006066660
0.0020057284
-0.0028828254
-0.0034498135
-0.0058783204
-0.0038377871
-0.0439221077
-0.0142224729
0.0044250479
-0.0051015159
-0.0057654413
-0.0016367071
0.0101010120
0.0152970096
-0.0281816497
-0.0977231488
-0.0116064064
-0.0013429145
-0.0077837692
-0.0047332468
-0.0048872908
0.0006407675
0.0035204580
0.0137950601
0.0213394836
0.0463264436
-0.0001866451
-0.0053600613
-0.0017088444
0.0057136202
0.0004115354
-0.0088089928
0.0057209884
0.0019506181
0.0037272242
0.0027402798
0.0054755863
-0.0014228488
0.0044158585
-0.0009554838
-0.0024548990
-0.0073714750
-0.0175156184
-0.0157354157
-0.0021001128
0.0034574068
0.0001514936
0.0006956277
0.0009917616
0.0000669018
-0.0002539238
0.0043582120
0.0019310676
-0.0008218688
-0.0021092165
-0.0008744703
-0.0030657495
-0.0001647382
0.0009672960
-0.0001596757
0.0034882871
0.0030718378
-0.0011701317
0.0026744953
0.0003172169
-0.0011304312
-0.0001879339
0.0002852964
-0.0002094787
0.0010173692
-0.0032278178
-0.0023674965
0.0009903936
-0.0011969138
-0.0019792516
-0.0002625045
0.0019531606
0.0044497973
-0.0034791944
-0.0149679072
-0.0058326693
-0.0012808242
-0.0042972085
-0.0014992157
-0.0025244167
-0.0073337448
0.0026317199
0.0052437298
-0.0023362839
0.0042509427
0.0041038231
-0.0031151508
0.0020734703
-0.0006596211
-0.0140311383
-0.0007748943
0.0071704490
-0.0021904914
0.0035801006
0.0116686858
-0.0026727731
0.0038243027
-0.0005814047
-0.0137424655
0.0135623133
0.0155486716
-0.0358835235
-0.0112263625
0.0052972282
-0.0044321166
0.0019160741
-0.0034048031
-0.0096440511
0.0029777589
0.0046564564
-0.0100693554
0.0026855178
-0.0019773419
-0.0013572359
0.0012689023
-0.0021858027
-0.0039256257
-0.0004053186
0.0057107657
0.0108165005
0.0080392715
0.0007170236
0.0000586835
-0.0016529072
0.0000533419
0.0004619350
-0.0015659477
-0.0000504046
0.0019358030
0.0016392573
-0.0022972864
-0.0026687174
0.0021958135
0.0026442639
-0.0010743581
0.0002812734
-0.0031484372
0.0025545957
0.0082541173
0.0065664486
-0.0010149616
-0.0016512629
-0.0007368585
-0.0020902362
0.0009813659
-0.0001375488
0.0023447152
-0.0045469431
-0.0029255301
-0.0045736241
0.0040639015
0.0006440590
-0.0111922333
-0.0055826739
-0.0140864821
-0.0027346967
-0.0050512953
-0.0081772069
-0.0117253168
-0.0024467215
0.0003623227
-0.0012273936
0.0019595248
-0.0035361634
0.0017414442
-0.0009854687
0.0111185517
-0.0017612863
-0.0012537452
-0.0002836204
-0.0003823492
0.0333997793
0.0566227585
0.0338826478
-0.0015406816
0.0259986706
0.0024762321
0.0023951374
-0.0061875689
-0.0168533269
-0.0154971201
-0.0475188494
-0.0655639991
-0.0386984311
0.0074561313
-0.0049886066
0.0042016273
-0.0012198457
0.0002815468
0.0039817812
0.0072618295
0.0260245521
0.0096492535
0.0017760945
-0.0028103273
-0.0000868052
-0.0026474057
-0.0025758098
0.0006122390
-0.0105229756
-0.0036097069
0.0032303412
-0.0030167405
-0.0086031873
0.0012364866
-0.0004001229
0.0010736348
-0.0048775007
-0.0076696207
0.0010372924
-0.0033718613
-0.0006879858
-0.0074647563
-0.0002838319
0.0016888967
0.0025384654
-0.0021587349
0.0012863892
-0.0020675831
-0.0003485466
-0.0015218270
-0.0007357662
-0.0002138763
0.0026165512
0.0035580788
-0.0011502299
0.0023307211
0.0001526742
0.0015195467
-0.0007346833
-0.0000028452
0.0020556932
0.0036671346
0.0007158560
0.0034346716
0.0174235273
0.0094613852
0.0036755567
-0.0015427630
0.0033679872
0.0071038627
0.0009653313
-0.0078143748
0.0046525812
0.0078736031
-0.0107592354
-0.0038496696
0.0017922345
0.0046827761
0.0033159747
0.0021397248
-0.0033546197
-0.0016713752
-0.0223311726
-0.0426107049
-0.0311863199
-0.0082339579
0.0013499404
0.0080717513
0.0036387418
0.0046133338
0.0012528123
0.0590491779
0.0520100631
0.0081345141
0.0072942413
0.0086202649
0.0018693767
0.0009941858
0.0056407074
-0.0165387597
-0.0175454356
-0.0123822428
0.0005437633
0.0111733116
0.0040468806
-0.0005130267
0.0028256145
0.0034050574
0.0046824315
0.0127334353
0.0039540851
-0.0063418080
-0.0008759081
0.0041422630
0.0032236956
0.0030999209
-0.0054700016
0.0047480534
0.0011243699
-0.0086726425
0.0002280970
-0.0013691339
-0.0008090082
0.0004943066
0.0013335907
-0.0006558016
-0.0000141665
0.0033085777
0.0006237096
-0.0020525160
0.0017813855
-0.0019440121
-0.0009084919
-0.0013581528
0.0011066144
0.0028708226
0.0013269193
-0.0018503523
-0.0021909866
-0.0014112049
-0.0024459073
-0.0017660429
0.0044196225
0.0076212771
0.0086420337
0.0153942304
0.0143610276
0.0033355039
0.0018823085
-0.0007508228
-0.0003896729
0.0017737353
-0.0002047076
0.0011271540
0.0224645827
0.0066100699
-0.0133968657
0.0063279914
0.0042349761
-0.0002635792
-0.0003796222
-0.0000266902
0.0064958064
-0.0126239033
0.0004745511
-0.0039363820
0.0084983641
-0.0021358232
-0.0033784297
-0.0019675621
0.0052807364
-0.0104789222
0.0394066982
0.0231714398
-0.0133512933
0.0025260863
-0.0039341333
-0.0021172855
-0.0036555943
-0.0025714706
0.0026736250
0.0145948026
0.0156867839
0.0052748877
-0.0024838967
-0.0007727089
0.0013340614
-0.0001931008
-0.0053155860
0.0048237233
-0.0022972636
-0.0001495858
-0.0016958448
-0.0046286634
-0.0044658422
-0.0004827822
0.0011324143
0.0007257508
0.0053762309
0.0028677506
0.0052356916
-0.0000166743
-0.0033923807
-0.0034439994
0.0026959069
0.0006594386
-0.0008560531
-0.0007078319
0.0033214083
-0.0016960752
-0.0010463601
-0.0030543357
-0.0009582698
0.0022573071
-0.0012205769
0.0020571665
-0.0003465618
0.0033383053
-0.0014052597
0.0012028029
0.0001181368
0.0000817931
0.0039480370
-0.0029618451
0.0007254025
-0.0090412823
-0.0023107943
0.0004081872
0.0045539471
0.0038527413
0.0000335520
0.0071896063
0.0004238924
0.0067628263
-0.0008098661
0.0027296389
-0.0054462636
-0.0034791275
-0.0025048484
0.0007259544
0.0076750317
-0.0021351178
0.0147557445
-0.0087948674
-0.0183314830
-0.0030136153
0.0069179335
-0.0121613499
0.0019573427
0.0025148820
-0.0034864296
0.0162370205
-0.0268459823
-0.0225372892
0.0218596924
0.0160681717
-0.0156650972
0.0010475031
-0.0017644932
0.0050253789
0.0161238853
-0.0133060534
-0.0118715391
0.0063209468
0.0054621119
-0.0057546683
0.0007453780
-0.0040851478
0.0014688949
0.0131239584
-0.0023011491
-0.0028006721
-0.0001400976
0.0032625860
-0.0020131550
-0.0011934047
-0.0021749195
-0.0014257976
0.0040544998
-0.0050120931
-0.0012486129
-0.0020983221
0.0013720358
-0.0000589655
-0.0012808433
0.0002110520
-0.0009103401
-0.0022993893
0.0003070514
-0.0014222938
-0.0027328662
-0.0022796460
-0.0029623348
0.0003151142
0.0052431161
-0.0019329239
-0.0031988258
0.0045456830
0.0043419828
0.0008590872
-0.0020665252
-0.0001434328
0.0029901164
0.0053643715
-0.0024839733
-0.0045169862
0.0106898379
0.0017270348
-0.0014672716
0.0056756600
-0.0051615117
-0.0012482941
0.0054923873
-0.0034831134
-0.0203665439
0.0209933911
0.0118079623
-0.0282498598
0.0190968532
-0.0043106037
-0.0069098882
0.0032164378
0.0032665532
-0.0166996606
0.0119250203
0.0599550270
-0.0701888502
0.0120525463
0.0175577048
-0.0006257222
0.0014143247
0.0034932329
-0.0058961981
-0.0243970659
0.0516074449
-0.0344417281
-0.0171404313
0.0271154456
0.0032988517
-0.0006129229
0.0039664949
0.0034173515
-0.0137466136
0.0127729997
0.0088127032
-0.0221416559
0.0147239417
-0.0034288992
-0.0027206196
0.0000649208
0.0028391450
0.0007348484
-0.0034060800
0.0061096326
-0.0082432870
0.0109224049
0.0006279177
-0.0010503175
-0.0017003940
0.0001059866
0.0021978742
0.0002185400
0.0000612819
-0.0034136069
0.0036327799
0.0020634811
-0.0005868427
0.0004810254
0.0032384079
0.0040886728
0.0021627671
0.0005524418
-0.0052334075
-0.0053265672
0.0015579460
-0.0005180169
0.0008092489
-0.0005666132
-0.0056734476
-0.0079681929
0.0012483455
0.0068973214
-0.0006821172
0.0027819264
-0.0056342161
0.0023874335
-0.0026920710
-0.0160060674
-0.0151718240
-0.0052087093
0.0066058170
0.0060263765
0.0053492924
-0.0039330106
0.0071208840
0.0093535436
0.0145345973
0.0232457295
0.0067642420
-0.0004358919
-0.0058777709
-0.0000593092
-0.0064716781
0.0095401034
0.0249771792
-0.0183417667
-0.0371976905
0.0089617567
0.0077515026
-0.0164069086
-0.0012851075
-0.0096351663
0.0044112084
0.0133020785
-0.0122383572
-0.0142315179
0.0280825347
0.0248023830
-0.0083569558
0.0017428307
0.0007049685
0.0032224089
-0.0114754029
0.0050590765
0.0094799576
-0.0007236560
0.0070753270
0.0013763605
0.0039642043
0.0036202047
0.0014833927
-0.0102813365
0.0013605193
-0.0144541711
-0.0142393382
0.0039163381
0.0013865676
-0.0015444122
-0.0016362057
0.0037773380
0.0036599704
-0.0011191095
-0.0007680826
0.0014195017
0.0063752150
0.0017701975
-0.0000256750
0.0036107088
0.0012083540
-0.0023079587
0.0044193827
0.0034436043
0.0055025346
0.0013593517
-0.0008138441
-0.0018815838
0.0031320422
-0.0010914770
-0.0040078321
0.0040963101
-0.0008583454
-0.0016788355
-0.0017535418
-0.0018294547
0.0005893967
-0.0013168654
-0.0011342926
0.0040314323
0.0099106831
-0.0088482657
-0.0100609083
-0.0062299278
-0.0023550813
-0.0002197369
0.0023323626
-0.0012273783
-0.0072340663
0.0037411354
-0.0037172928
0.0050964030
0.0058504893
-0.0033422741
-0.0040915264
0.0035449327
-0.0029923636
-0.0254393611
0.0216294788
0.0000226922
-0.0051791212
0.0059235296
-0.0089682145
-0.0055452273
0.0023503043
-0.0047878823
-0.0198600814
0.0408187434
-0.0175802000
-0.0150767835
0.0011537047
-0.0081036314
-0.0036127351
0.0017114051
-0.0040720948
-0.0110417502
0.0108329831
-0.0127111925
-0.0006361586
0.0078335945
-0.0067505697
-0.0061718491
0.0009157858
-0.0010073486
-0.0058413395
0.0042042104
0.0005955169
-0.0008047897
0.0052072173
-0.0022813044
-0.0051582959
-0.0005026248
-0.0009329516
-0.0055260030
0.0012251699
0.0028869612
0.0071462118
0.0037398899
-0.0010782711
0.0000871773
0.0012856245
0.0018233103
0.0007766033
-0.0024433583
-0.0060187681
-0.0014443784
0.0024098642
0.0023010531
0.0021402843
-0.0001266733
-0.0024440291
0.0010808731
0.0005602219
0.0012876679
0.0048729391
0.0006702733
0.0009818925
-0.0002544786
0.0021587042
0.0027297908
-0.0003492401
-0.0041942615
-0.0073302859
-0.0017819967
0.0038410120
-0.0021129143
-0.0061523896
-0.0049486216
0.0021751870
0.0063337642
-0.0042879754
-0.0227203667
0.0247096643
-0.0153828952
0.0003673733
-0.0019012059
-0.0041756202
0.0019894703
0.0022529021
-0.0136099849
-0.0295867864
0.0772383064
-0.0293726902
-0.0045654518
-0.0067961663
-0.0046783439
0.0033337823
0.0059867734
0.0036550120
-0.0296607446
-0.0226254668
-0.0078977346
-0.0041364520
-0.0067677028
0.0000087666
0.0001625928
0.0002263643
0.0071534822
-0.0048780236
0.0144766085
0.0071048364
-0.0035698914
-0.0037074268
-0.0033003283
-0.0013891121
-0.0100942487
-0.0061186072
-0.0134880543
-0.0003453652
0.0061912574
-0.0017826577
-0.0040529645
-0.0027025030
0.0022212418
-0.0016037517
-0.0005624418
-0.0042743469
0.0081750890
0.0026867762
-0.0015481943
-0.0031664739
-0.0019263108
-0.0025299918
-0.0027702621
-0.0021922649
-0.0030468383
-0.0035017820
0.0021289615
-0.0030032382
-0.0009422532
-0.0005556971
0.0005414973
0.0029129519
-0.0003464921
-0.0024516359
0.0009351163
0.0086135603
-0.0009712291
-0.0015450596
-0.0005302791
0.0016925577
0.0053297211
0.0067116907
0.0127156377
0.0174240302
0.0156393517
0.0019091071
0.0028574937
-0.0006107779
-0.0004335915
0.0000466729
-0.0094918003
-0.0097991349
-0.0049863337
-0.0022874048
-0.0051396135
0.0000595349
0.0006498712
-0.0028167593
-0.0057723336
-0.0042848969
-0.0237875096
-0.0351814069
-0.0067340201
-0.0013526725
0.0016558070
0.0028343981
0.0009487019
-0.0026693314
0.0090140877
0.0313844420
0.0227692239
0.0114499573
0.0018838666
0.0007758498
0.0013180033
0.0020435776
0.0008859726
-0.0055645579
-0.0011163803
0.0074193864
0.0103165945
0.0099864583
0.0031237369
0.0001722104
-0.0001400835
-0.0020728414
-0.0055579119
-0.0118818637
-0.0167748220
-0.0125973644
-0.0061805286
-0.0042535206
0.0006238283
-0.0002000779
0.0001236190
-0.0001270904
-0.0032474697
0.0020374688
-0.0006075138
-0.0044039888
-0.0049423948
-0.0023634902
0.0016024302
0.0045333859
0.0044730236
0.0019992467
0.0037041290
-0.0068916916
-0.0028422363
0.0044458006
-0.0000714492
0.0027545155
0.0010051352
-0.0009554188
-0.0078753410
-0.0088696480
-0.0006132615
0.0076383152
0.0014051995
0.0057740011
0.0010292117
-0.0065238220
-0.0176855847
-0.0204723030
0.0079300953
0.0176926721
0.0014860788
-0.0047217426
0.0036951595
-0.0012234107
0.0018502371
0.0304229558
0.0458891429
0.0068394030
-0.0171245951
-0.0056009842
0.0018838610
-0.0028778857
-0.0020058493
0.0056046625
-0.0057374695
-0.0545222536
-0.0528900214
-0.0219484586
-0.0084158964
-0.0052696695
0.0007831900
0.0028621471
-0.0087061208
-0.0073670391
0.0073138867
0.0532383434
0.0301556755
0.0004364539
-0.0014947612
0.0026305516
0.0017619168
-0.0017902640
0.0140923960
0.0135643873
0.0050113900
-0.0000446310
0.0083616544
0.0021280369
-0.0010200872
-0.0016812033
-0.0018721729
-0.0163590070
-0.0362446234
-0.0305714421
-0.0173762254
0.0020977254
0.0013983871
-0.0019290654
-0.0001963582
-0.0043768478
-0.0072888685
-0.0089883637
0.0004558238
0.0010678681
0.0002705251
-0.0048795342
-0.0004852176
-0.0034218687
-0.0027449988
-0.0000079319
-0.0055266209
-0.0002619495
-0.0000891931
-0.0002930247
-0.0025148683
0.0053132186
-0.0045048385
0.0021341254
0.0038636806
-0.0123102209
0.0065642875
0.0005642299
-0.0025199261
0.0002229355
0.0032064521
-0.0069614956
0.0092600202
0.0156902354
-0.0283538867
0.0023548352
-0.0047487677
-0.0076628020
0.0006725512
0.0057881293
-0.0016993710
-0.0166029036
0.0107039092
-0.0082678776
-0.0038506938
0.0044233240
-0.0003660317
-0.0000914350
0.0019127276
0.0013481706
-0.0162669066
0.0185546689
0.0374568887
-0.0152767384
0.0086357417
0.0067399368
0.0002415824
0.0010380583
0.0029948957
0.0092231659
-0.0141042974
0.0309111681
-0.0310800783
-0.0050902828
0.0013171330
-0.0016450761
-0.0036586884
0.0013119287
0.0221183952
-0.0232826658
-0.0006235057
-0.0141061749
-0.0112332646
-0.0002203391
0.0015813571
0.0000096052
-0.0021368521
0.0130805364
-0.0061203623
-0.0001045699
0.0149907144
-0.0048782676
-0.0017036004
0.0043647969
-0.0027727238
-0.0057196259
0.0011024382
-0.0046339859
-0.0053979694
0.0112027461
0.0014146859
-0.0068916590
0.0036901804
0.0030134236
0.0006170118
-0.0002886833
-0.0010987659
-0.0015029021
0.0004808257
0.0027518678
0.0025821202
0.0022879657
0.0003357275
0.0000745060
-0.0000076648
0.0024064570
-0.0010185568
0.0008698050
0.0021578982
-0.0021410631
0.0004230497
0.0019551534
-0.0013822936
-0.0017922861
0.0032842257
0.0031210217
0.0024673447
0.0060989880
-0.0041934466
-0.0019073809
-0.0016683320
-0.0015240425
-0.0020034499
-0.0066128825
-0.0045849630
-0.0006676989
-0.0024226131
-0.0002839256
0.0014000623
-0.0082043782
0.0016108848
-0.0012386187
-0.0123665594
0.0120385867
-0.0006218834
-0.0204677936
0.0005200619
-0.0023231751
-0.0081695532
0.0004527110
0.0097828731
-0.0028461332
-0.0028443709
0.0029471077
-0.0027838778
-0.0008355231
-0.0037439852
0.0039870497
-0.0018233452
-0.0071837078
0.0039342190
-0.0386523195
-0.0271097738
0.0074174218
-0.0146200936
-0.0045774528
0.0023681715
0.0018735954
-0.0086242259
0.0156761799
0.0080248043
0.0124452552
0.0121146552
-0.0079470444
-0.0016672051
-0.0037996501
0.0009004166
-0.0019129008
-0.0020939533
-0.0065798131
0.0000148193
0.0005004709
0.0004395018
0.0031288860
-0.0050277817
-0.0039778245
-0.0019510561
-0.0023460621
-0.0090863463
0.0023716523
-0.0021758100
-0.0032600076
-0.0025371183
-0.0011654493
-0.0000908137
-0.0007116054
0.0018198268
-0.0079343282
-0.0004001487
0.0020344800
-0.0018087224
-0.0012823920
0.0018253181
0.0008498827
0.0025089944
0.0024804869
-0.0051549147
-0.0037140702
0.0015795289
-0.0044850656
0.0001569633
-0.0018669351
-0.0022894375
-0.0004046477
-0.0019176169
-0.0083343862
0.0152491350
0.0095223486
-0.0038723093
0.0027498347
0.0038915367
-0.0037691328
-0.0078296866
-0.0068574292
-0.0279826988
0.0333448388
0.0172300078
-0.0138054723
0.0075050038
0.0036337543
-0.0047554690
-0.0044993451
0.0352644622
-0.0099287713
-0.0117069697
0.0038757441
-0.0143078640
0.0009466494
0.0023510591
-0.0075836238
-0.0137060462
0.0267978106
0.0002585957
-0.0124360789
0.0045670918
-0.0081117228
-0.0010895731
-0.0028030535
-0.0019401412
-0.0110621778
-0.0022180886
-0.0062913522
0.0047585461
0.0118045388
-0.0014515411
0.0012802838
-0.0037337488
0.0006087970
-0.0013991279
0.0028887726
-0.0068765446
-0.0004615939
0.0011726534
-0.0005387186
-0.0001852890
-0.0005066832
-0.0009927193
0.0015618597
0.0015735920
0.0051727789
0.0023078078
0.0037525604
-0.0027005575
-0.0020237842
0.0028214741
-0.0016766945
0.0019429681
0.0014393274
-0.0083118053
-0.0056786938
0.0053863586
0.0004490369
0.0031305547
0.0020951265
-0.0017020047
0.0019170663
-0.0007281037
-0.0226082057
-0.0134919621
-0.0068200305
-0.0137012266
0.0048025856
0.0006442155
0.0044591958
0.0172610637
-0.0140238339
-0.0153786670
0.0540645607
0.0043064877
-0.0028188543
0.0161949936
0.0029462331
0.0015288618
0.0050455248
-0.0182321444
0.0034000590
0.0940362439
0.0100978483
-0.0162942428
0.0131153949
0.0011540836
0.0015063697
0.0124703404
-0.0014612613
-0.0332690813
-0.0188775454
-0.0146920867
-0.0133633828
0.0085467706
0.0100758802
0.0058935727
0.0103254020
0.0119255576
0.0290940031
0.0244019181
0.0107258558
0.0055082422
0.0094735418
0.0023550568
-0.0005245881
0.0054039573
-0.0023296385
-0.0016644021
-0.0059072422
0.0017860989
0.0045969593
0.0038737005
0.0001551836
-0.0028605738
0.0006963817
-0.0056901826
-0.0053270124
-0.0085968142
-0.0051163142
-0.0030387796
0.0015965544
-0.0010350534
-0.0020701005
0.0004291318
-0.0062087495
-0.0054756813
-0.0029286661
0.0011891914
0.0022119209
0.0055714697
0.0013881436
0.0002313818
0.0015625961
0.0010919961
0.0056930925
0.0030703426
-0.0034923588
-0.0017197476
0.0043478310
0.0056644566
-0.0004322943
0.0081211580
0.0152080730
0.0091556637
-0.0033355562
-0.0118399011
-0.0092056142
0.0033644252
0.0016403765
0.0007137866
0.0066121877
-0.0199847575
-0.0121933939
0.0102533298
0.0059966682
-0.0050671576
0.0033848858
-0.0047482760
-0.0014914696
-0.0008391155
-0.0003852755
0.0394692235
0.0307878703
0.0167543963
-0.0051447572
0.0020952476
0.0006351527
0.0021838599
0.0007281223
0.0091718081
-0.0021879335
-0.0284241699
-0.0093022101
-0.0075748628
0.0034005106
0.0021256458
-0.0006992696
-0.0039002039
-0.0035821188
-0.0059760096
-0.0127521204
-0.0023508659
-0.0037581744
0.0010858899
-0.0011787817
-0.0015044854
-0.0021261475
0.0031365042
0.0130856801
0.0252513327
0.0135759441
-0.0022180902
0.0025181519
-0.0020862352
-0.0012572093
-0.0007397826
0.0006461084
0.0001797854
0.0023020096
0.0006688257
-0.0025608200
0.0018669514
0.0053477623
0.0013728283
-0.0020427245
0.0021886288
0.0025312742
-0.0046153078
-0.0022887797
-0.0020806137
0.0035121152
0.0002899123
-0.0008550205
-0.0026094578
-0.0028873417
-0.0000831609
-0.0013104419
0.0021224201
0.0043697064
0.0029084471
0.0002892792
-0.0029735565
-0.0026480043
-0.0033122972
-0.0027965605
-0.0003634250
0.0033633448
0.0003717969
-0.0030427603
0.0075301751
-0.0024544077
0.0000986478
0.0030686788
0.0078230817
-0.0107466541
0.0021893508
0.0011156008
0.0030982117
0.0066987057
-0.0060669286
-0.0022154462
-0.0051021371
0.0200243127
-0.0055876467
0.0067910068
0.0055275192
0.0046416330
0.0057825283
-0.0027329023
-0.0079892706
0.0043778750
0.0278911740
-0.0128074670
0.0023127219
0.0033304214
0.0024334348
0.0037227473
-0.0011020111
-0.0061165625
-0.0028763488
0.0083521763
-0.0091897892
0.0070468881
0.0061933622
0.0049657645
0.0002448900
-0.0015098929
-0.0010052825
0.0001997419
0.0183868334
-0.0063458313
0.0007007190
0.0029345590
0.0023825944
-0.0031656683
-0.0002610843
-0.0006680539
-0.0049232938
0.0061700912
-0.0049074669
-0.0012270504
0.0005835568
0.0001021942
-0.0021936032
-0.0005699543
0.0024998654
0.0037767692
0.0047785961
0.0006708543
-0.0033104320
0.0016825157
-0.0006702509
-0.0001829105
-0.0006974456
-0.0007558300
-0.0016718013
-0.0010324238
0.0003205104
0.0006609531
0.0003032604
0.0007782197
-0.0012118961
-0.0004788747
-0.0036869016
-0.0050518061
-0.0117348162
-0.0010040156
-0.0026633323
-0.0022661309
0.0032737362
-0.0018065751
0.0007055982
-0.0006912987
0.0054917042
0.0037386108
-0.0099076545
-0.0078119501
0.0070330026
0.0035341522
0.0060923374
0.0039554345
0.0037376762
0.0293010436
0.0457505658
0.0220244043
0.0049049444
0.0050908034
0.0030604480
-0.0033239729
-0.0042567346
-0.0018007605
-0.0288514104
-0.0373254381
-0.0348247141
-0.0054636118
-0.0045300033
-0.0020765732
-0.0008129678
0.0035832715
0.0133388275
0.0037578766
0.0086655645
-0.0036640724
0.0107482038
0.0083941137
0.0052301241
-0.0019588203
-0.0037193985
-0.0038204070
0.0004782049
-0.0014062737
0.0022460220
0.0028501370
-0.0010484512
0.0014531874
-0.0009977621
-0.0028842252
-0.0033500437
-0.0038998344
0.0001462124
0.0071226503
0.0023477499
-0.0006361896
-0.0022187461
0.0001636635
0.0020774000
0.0051864143
-0.0031414400
0.0055216467
0.0027763611
0.0007066758
-0.0042803115
-0.0039871163
0.0031045473
-0.0002006370
0.0031449117
-0.0030927078
0.0032713027
0.0015093777
0.0077378629
-0.0025163800
-0.0057025622
0.0068618306
-0.0024174554
-0.0012790192
-0.0011591070
0.0025876670
-0.0029964787
0.0226214696
-0.0041205566
-0.0050530480
0.0057073701
-0.0026578361
-0.0028405923
0.0109832482
-0.0065692454
-0.0063354028
0.0219967719
-0.0296384748
-0.0081527652
0.0012028412
-0.0037123379
0.0034439752
0.0094765872
-0.0418343581
0.0119123198
0.0259183068
-0.0269755702
-0.0023209634
0.0006376055
-0.0044071283
0.0128345825
0.0089184353
-0.0370606370
0.0423938930
0.0004848546
-0.0130830444
0.0012815492
-0.0047922935
-0.0054799509
0.0189185701
-0.0042484058
-0.0103512639
0.0272643398
-0.0102876993
-0.0039689187
0.0000780694
-0.0063034878
0.0033484553
0.0141917570
-0.0171369780
-0.0044602337
0.0087215276
-0.0000173771
-0.0058084307
-0.0028824825
-0.0050788247
0.0030585059
0.0082465317
-0.0097998474
-0.0024049215
0.0024134722
0.0021543594
-0.0053515602
0.0008826163
-0.0006631882
0.0005575169
-0.0035533677
0.0011655882
-0.0050810920
-0.0094430344
0.0047492222
0.0070269573
0.0034937749
0.0027301505
0.0015528498
-0.0045851753
0.0024040868
0.0043332782
-0.0033754709
-0.0014638577
0.0019905763
0.0046888292
0.0056696618
0.0029262290
-0.0055985283
0.0077749128
0.0205236413
0.0002553511
-0.0065431241
-0.0044183857
0.0017807279
0.0035609128
0.0003299812
-0.0022137170
0.0068439362
-0.0007882384
-0.0262431707
0.0013392211
0.0063901469
0.0037511117
-0.0025114235
0.0023416013
0.0154915787
0.0097868582
-0.0517449230
-0.0247375388
0.0150774280
-0.0078145424
0.0026889232
-0.0077359644
0.0045967433
0.0175034925
-0.0115712825
-0.0274012592
0.0565696992
0.0074525727
-0.0211269725
0.0020248278
-0.0067753480
0.0084240129
0.0185674839
-0.0133490534
-0.0125068529
0.0181231368
0.0005356389
-0.0020747555
0.0047846595
-0.0047650281
0.0028514348
0.0049215700
-0.0029838933
-0.0204819627
-0.0146048702
0.0008820452
0.0034057747
0.0047165994
0.0020566708
0.0020288520
0.0024168789
0.0033091265
-0.0069852504
-0.0010049094
0.0004574676
0.0016014744
0.0004551100
0.0024870068
0.0000625040
-0.0006679431
-0.0000734560
0.0032710512
0.0014886935
0.0008716309
-0.0013923516
-0.0016243292
0.0011651156
-0.0002263044
-0.0011927446
0.0012082715
0.0011816142
-0.0033714112
0.0008746795
0.0011006686
-0.0011310760
0.0004821901
0.0019986832
-0.0008509289
-0.0044408320
0.0014510080
-0.0016272676
0.0034819930
0.0076439488
0.0024873638
0.0028560099
-0.0008235249
0.0002031677
0.0006261342
0.0004259759
-0.0093292296
-0.0031037098
0.0044000628
0.0012310570
-0.0022222265
-0.0056100911
-0.0012859585
0.0136390673
0.0226320177
-0.0052737640
-0.0096400529
-0.0000928107
-0.0040535452
-0.0012362888
0.0036069264
0.0010574929
-0.0048070634
0.0089489762
0.0073815752
0.0056363456
0.0135355368
-0.0005578139
0.0003717460
0.0008411150
-0.0049857986
-0.0020940832
-0.0089727165
-0.0238078479
-0.0154685928
0.0019622373
-0.0002903886
0.0000586417
0.0008342777
0.0072482415
0.0081197731
0.0084370393
0.0174067263
0.0090618525
0.0008870463
0.0010898097
-0.0030872445
-0.0003639419
0.0031915635
-0.0044673770
-0.0083492184
-0.0046240310
-0.0000620230
0.0007778278
0.0010203107
-0.0039327154
0.0013962355
0.0004445710
-0.0021217102
-0.0037462115
0.0021900407
-0.0039237901
-0.0005092648
-0.0008592636
-0.0060793511
0.0024105357
0.0010785551
-0.0035283393
-0.0023706525
-0.0007792249
-0.0010986200
0.0027832091
-0.0028888886
-0.0112014385
0.0036378216
0.0135733634
-0.0015611179
0.0068461592
0.0070177778
0.0085416073
0.0083106486
-0.0016115000
-0.0070462069
0.0029302458
0.0139815034
-0.0044669439
-0.0015256973
0.0155500351
0.0034099896
-0.0021591347
-0.0026196875
-0.0045415019
-0.0021217221
0.0028004788
0.0060546394
-0.0134686064
0.0325102210
-0.0116078630
-0.0220403485
-0.0051397877
-0.0033988005
-0.0011207388
-0.0026965630
0.0032477120
-0.0384065248
0.0373984687
0.0040352722
-0.0115360674
0.0019847655
-0.0031530582
0.0001726730
0.0058860662
0.0046463078
-0.0204378404
0.0227410421
0.0108686779
-0.0064708861
0.0013585722
0.0018259828
-0.0005339917
0.0011017245
0.0011040574
-0.0004117805
-0.0014939160
-0.0031433341
-0.0015636006
-0.0060509918
0.0040682787
0.0019934035
-0.0008446316
0.0014763301
0.0015680863
0.0009923042
0.0005220856
0.0016249423
-0.0043876921
0.0059055402
-0.0021031406
-0.0043319240
0.0017526454
-0.0020930564
-0.0006759695
0.0061088372
0.0014042384
0.0031071298
0.0039176377
-0.0036038053
-0.0041531720
0.0080319513
0.0018674628
-0.0034300273
0.0043516639
-0.0005269513
0.0016155323
0.0030510060
-0.0042666970
-0.0024560986
0.0173439775
-0.0018581202
-0.0116266031
0.0015989480
0.0023904112
0.0050655738
0.0021534157
-0.0050251558
-0.0115936585
0.0083268564
0.0455441326
0.0199832246
0.0016273569
0.0084828064
0.0037546451
0.0080528390
-0.0031705827
-0.0284769442
0.0635513067
0.3159712553
0.1867271215
0.0084646503
0.0104137287
-0.0030118509
0.0053603128
-0.0013155900
-0.0161686447
0.0624250360
0.2455205917
0.1603904963
0.0238460433
-0.0002938739
0.0020211777
0.0011817986
0.0011546576
-0.0026423084
-0.0146430433
0.0105054295
0.0187197346
0.0068046623
-0.0025274302
0.0080107581
-0.0041519627
-0.0026568309
-0.0004346098
-0.0068539027
-0.0095786853
-0.0015471175
0.0030874221
-0.0056710695
-0.0023874561
-0.0001901759
0.0009148107
0.0030779529
0.0019680713
-0.0028632453
0.0010816000
0.0089737717
-0.0003941593
0.0002407992
-0.0017308764
-0.0007036792
-0.0023145585
-0.0040076491
-0.0098097129
-0.0021567645
-0.0057239858
0.0009637149
-0.0010254134
-0.0006693259
0.0006503959
-0.0014664120
0.0006728747
-0.0026586528
0.0003153888
-0.0053031747
0.0004675208
-0.0015457497
0.0002537978
0.0006400221
0.0009048298
0.0047531193
0.0018590930
0.0047110817
-0.0067743720
-0.0026202819
-0.0039686086
0.0005761617
-0.0006107049
-0.0043824655
-0.0061115320
-0.0176390912
0.0091483099
0.0069521461
-0.0004445165
-0.0011268491
-0.0024217570
0.0022971884
-0.0034358969
0.0101448260
-0.0212227181
-0.0236467253
0.0104153454
0.0065237652
0.0064226934
-0.0027314716
-0.0023334911
-0.0067068809
0.0191637184
0.0393381156
0.0006311463
-0.0022753405
0.0000947992
-0.0015366705
-0.0050927312
-0.0064643659
-0.0043066680
-0.0036845214
0.0047158706
-0.0022428310
-0.0055092010
0.0014139998
-0.0007002109
-0.0019713487
0.0026125039
0.0033973844
-0.0008204259
-0.0084602730
-0.0061347997
-0.0022377963
0.0019343981
-0.0005812302
-0.0032776068
-0.0004535813
0.0022032808
0.0009628469
-0.0002665714
-0.0005598373
-0.0033328561
0.0014461130
-0.0005747083
0.0004634007
0.0005499423
0.0001244013
0.0008342565
-0.0015895698
0.0027116828
0.0011921335
0.0000199833
-0.0000383891
-0.0008439146
-0.0007978716
-0.0009932242
-0.0000803132
-0.0026309849
-0.0034249760
-0.0030751422
0.0014317228
-0.0005292048
0.0017305312
-0.0020894194
-0.0055406294
-0.0057564010
-0.0131819872
-0.0124118179
-0.0076021394
-0.0005847279
-0.0041479203
0.0039227400
-0.0003101301
-0.0023266363
0.0052339295
0.0077172336
0.0076760799
0.0042544706
0.0014682000
-0.0001907874
0.0036569259
-0.0022049276
0.0003192624
0.0175664909
0.0272170585
0.0178424735
0.0116192512
0.0075137177
0.0045119040
0.0036496343
-0.0030198861
-0.0073163426
-0.0028862008
-0.0260323528
-0.0314743444
-0.0076100961
0.0037026496
-0.0002937036
-0.0040334519
-0.0016512256
-0.0025223475
-0.0087019308
-0.0083994530
-0.0032726247
-0.0116697783
-0.0021937534
-0.0004027551
-0.0021089269
0.0000379518
0.0057943561
0.0014730337
0.0116451532
0.0205251947
0.0103172380
0.0016198194
-0.0002896243
0.0012317282
-0.0015014390
0.0011226765
0.0033998187
-0.0014208547
-0.0050519095
-0.0013774675
0.0006728231
-0.0003343896
-0.0039417036
0.0022848772
0.0005374955
0.0013860910
0.0019308956
-0.0015729629
-0.0123779802
-0.0055336198
-0.0043416191
-0.0045735985
0.0041909972
0.0052025220
-0.0042221141
-0.0035672504
0.0006652884
-0.0073481328
0.0015561793
-0.0036206266
-0.0122325439
0.0065529780
0.0192184690
-0.0083531979
-0.0022485107
-0.0064513739
-0.0101023130
0.0097233355
-0.0035711064
-0.0062323748
0.0078185871
0.0226849653
0.0014942921
0.0457533151
0.0294011179
-0.0204579961
0.0004609898
-0.0018306391
-0.0059707849
0.0011470371
0.0234655533
0.0232643168
0.0858724415
0.1467584670
0.0324229822
-0.0021308791
-0.0027960832
-0.0065925699
-0.0039491937
-0.0010888388
0.0161715951
0.0888612494
0.1339477748
0.0146973291
-0.0072385930
-0.0117809828
-0.0064408281
-0.0044499398
-0.0037787480
-0.0042295512
-0.0016604934
0.0084594069
-0.0163705684
-0.0047544693
-0.0104750711
0.0033001720
0.0035132428
0.0021143169
0.0089938212
0.0120335445
-0.0028287701
-0.0101817911
0.0069113802
0.0011769941
-0.0003236016
0.0000185213
-0.0001594990
0.0061934902
0.0053091967
-0.0075599221
-0.0102103269
0.0007646804
-0.0024965638
-0.0026402958
-0.0012935098
-0.0003659877
-0.0013253054
-0.0032849375
0.0018258775
0.0011217108
-0.0001398957
-0.0012319157
-0.0038246401
0.0023546421
0.0016217509
-0.0005950491
-0.0010497725
-0.0029660380
0.0010946611
-0.0057610320
-0.0036185733
-0.0028329978
-0.0026109777
0.0043949774
0.0007465781
0.0040620221
0.0142494068
0.0056442032
-0.0015787096
0.0012468568
-0.0012514197
-0.0026532942
-0.0017898030
-0.0003452360
-0.0219801478
-0.0218470413
0.0007088659
-0.0037378140
-0.0017247897
-0.0020198745
0.0005567296
0.0134033645
-0.0097004604
-0.0497538596
0.0205999035
-0.0152799655
-0.0053401007
0.0016396862
-0.0025424322
-0.0015081670
0.0012165685
-0.0027589600
-0.0387053452
0.0212351494
-0.0196369365
-0.0034861893
0.0015254529
-0.0064754635
-0.0042044171
-0.0070234677
0.0021926118
-0.0156245735
-0.0167477988
-0.0030159219
-0.0048357318
-0.0016117201
0.0015506815
0.0000116243
-0.0008184529
0.0051930952
0.0064165308
0.0087366272
0.0070282589
0.0003996805
-0.0013750707
-0.0014795036
-0.0033924906
-0.0007899656
0.0058823391
0.0071183648
-0.0010182917
-0.0042953114
-0.0015615438
-0.0016333098
0.0041335570
-0.0000920446
-0.0037131894
-0.0013526166
-0.0055983863
-0.0040062130
-0.0028923342
-0.0024605920
-0.0024846483
0.0024761425
-0.0029264505
-0.0060707028
0.0001800176
-0.0001669706
0.0013191270
-0.0006651931
0.0022111782
0.0017143096
0.0023262501
-0.0036956775
-0.0059531191
-0.0088500055
-0.0092411544
-0.0120358514
-0.0117887761
0.0059869783
0.0032654232
0.0032324034
-0.0017772407
0.0035115974
-0.0029633162
-0.0107799154
0.0163126960
-0.0012537616
-0.0021661560
-0.0005450105
-0.0011967523
-0.0021239130
0.0101175373
0.0090954825
-0.0282140616
-0.0243233964
0.0019469482
-0.0009772849
0.0085062608
-0.0004668767
-0.0047693853
0.0027908450
-0.0037250516
-0.0538255163
0.0571392477
-0.0053286059
-0.0100807203
0.0002258166
0.0018199525
-0.0001009444
0.0018748617
0.0059228721
-0.0279305056
0.0062951855
0.0047322637
0.0012136075
0.0055040093
0.0015509659
-0.0021568884
0.0012116928
-0.0020478573
-0.0074087325
0.0046189674
0.0005433888
-0.0035650488
-0.0001680757
0.0011317242
-0.0041591348
-0.0027879314
-0.0042035449
-0.0025053159
0.0026161566
0.0011719085
0.0034574328
0.0030161997
0.0020956832
-0.0015610805
-0.0031700230
0.0027381121
0.0016110294
-0.0024421164
0.0011762705
-0.0016539539
0.0027937167
0.0017572694
-0.0005167716
-0.0010561432
0.0046821618
-0.0031151250
-0.0021308665
0.0025003182
-0.0016801561
0.0022268952
-0.0006930811
-0.0002642350
-0.0012872273
0.0090272501
0.0027403380
-0.0050754207
-0.0006909103
-0.0051655425
-0.0025749020
0.0009024648
0.0013496877
-0.0079459986
0.0103831962
0.0185487419
-0.0085479878
0.0093398364
0.0013601060
0.0019599490
0.0026205049
0.0025206446
-0.0146529209
0.0163331162
0.0212730858
-0.0285325889
0.0076444540
0.0075366735
0.0079743303
0.0017425249
0.0018848698
-0.0078140125
0.0140090985
0.0413036719
-0.0221894644
0.0101068141
0.0137422550
0.0077117272
0.0038055936
0.0012214459
-0.0071478738
0.0006334791
0.0244556610
-0.0167110041
-0.0001557195
0.0075369989
0.0024568764
0.0003970021
0.0004177967
-0.0027846298
0.0040650056
0.0107552679
-0.0082297530
-0.0033497538
-0.0002426587
0.0040286672
-0.0004275265
0.0008876122
-0.0002367841
-0.0003901575
-0.0017776673
-0.0105106682
-0.0041031507
-0.0045638243
0.0005692204
-0.0033395875
-0.0013586549
-0.0014598778
-0.0019633160
-0.0038234168
-0.0062823957
-0.0029586204
-0.0039857440
-0.0046304534
-0.0000710847
0.0021192797
0.0013528655
0.0001518975
0.0053018769
0.0028482892
0.0037371879
0.0030780497
-0.0006599766
0.0008595094
0.0009599694
0.0011776995
0.0069414824
0.0116794212
0.0048886975
0.0028173618
-0.0003201013
-0.0009774830
0.0006117774
-0.0009902403
0.0011165120
-0.0036314824
-0.0116826417
-0.0153918816
-0.0083854711
-0.0043027485
-0.0036397821
-0.0016738484
0.0033715167
0.0135171292
-0.0140507137
-0.0266314708
0.0019894668
-0.0068855002
-0.0168481488
-0.0028676814
-0.0049692155
0.0038678751
0.0153512741
-0.0104307402
-0.0024865270
0.0431039818
0.0278927051
-0.0020856122
0.0029423381
-0.0009268401
0.0042392998
0.0029528195
-0.0060447948
0.0048526796
-0.0052573308
-0.0030315714
0.0045627370
-0.0001372643
-0.0035169651
0.0003817034
-0.0015021054
-0.0012915276
0.0028934025
-0.0204686467
-0.0188712589
0.0031796636
0.0019199143
0.0013471041
0.0012519128
-0.0032725618
-0.0009636118
0.0081250491
0.0042514144
0.0021093213
0.0040646745
-0.0010100255
