-0.0007600925
-0.0009076457
0.0011259245
-0.0010798539
-0.0041157724
-0.0065904246
-0.0059401165
-0.0075196167
0.0000929924
0.0006389410
-0.0014805521
-0.0019739242
-0.0011747209
-0.0027346446
-0.0024747585
0.0066650445
0.0016884692
0.0038505911
0.0026073856
0.0039792787
-0.0005287388
-0.0003537582
0.0132725732
0.0187451597
0.0220353231
0.0034907539
0.0060278908
-0.0004933340
0.0000281865
0.0008937484
0.0089681121
0.0117964707
-0.0029952824
-0.0079731951
-0.0084279533
0.0047668670
-0.0031204748
-0.0040189466
-0.0047448380
-0.0240380354
-0.0653653666
-0.0531798862
-0.0047376971
-0.0107165165
-0.0055236286
0.0040425719
0.0042303181
0.0015490936
0.0152001511
0.0573472008
0.0598704852
0.0246172119
0.0002934718
0.0032426459
-0.0010883176
-0.0017032127
0.0017012384
0.0154498983
0.0165726487
-0.0125717716
-0.0172813423
-0.0058226534
0.0008674160
-0.0009727564
0.0016574801
-0.0050674491
-0.0218612980
-0.0220331009
-0.0137495976
-0.0016326838
0.0062304195
0.0033217184
0.0029758508
-0.0021769521
-0.0049738502
-0.0005522665
0.0033239287
-0.0019660124
0.0002703174
0.0025512432
0.0001093830
0.0017809799
0.0032064803
0.0031941198
0.0045765750
0.0087283775
0.0084211212
-0.0009555048
-0.0027734211
0.0002577066
-0.0016849220
-0.0012349929
-0.0011680395
-0.0035463816
-0.0057994225
-0.0026494011
-0.0030375444
-0.0014230853
-0.0024116687
-0.0047750622
0.0035940146
0.0034599442
-0.0105559612
-0.0197206736
-0.0160655882
-0.0029314810
0.0015217540
-0.0021618276
-0.0054268017
0.0066243946
0.0140061155
0.0006831147
0.0182121303
0.0118579958
-0.0006052178
-0.0010218333
-0.0021271822
-0.0070599266
0.0046817376
0.0175198819
-0.0043254062
0.0156240556
0.0645246059
0.0088532511
-0.0129574453
-0.0011542437
-0.0022213133
0.0018088454
0.0055471868
-0.0080657918
-0.0574971251
-0.0287114326
0.0021729495
-0.0043101273
-0.0001932315
0.0057740263
0.0022999877
-0.0058740107
0.0128984908
0.0136240236
-0.0192059893
-0.0057716267
0.0010988271
-0.0014134345
0.0043806140
-0.0042328192
-0.0129056871
0.0012598974
0.0172780138
0.0149837388
0.0078380620
0.0036074864
-0.0021471628
0.0012465187
0.0010721217
-0.0032661948
-0.0010972808
-0.0065193027
-0.0006641814
0.0010010892
0.0011712001
-0.0009693319
0.0021242837
0.0005932942
0.0025112201
-0.0008941072
0.0020323610
0.0024646842
0.0025927159
-0.0041555515
-0.0007759272
0.0011701491
-0.0006149737
-0.0015495892
-0.0036983585
-0.0021779281
-0.0012865907
-0.0000512210
0.0022238067
0.0010737012
0.0030835283
-0.0005812845
-0.0097825248
-0.0150342118
-0.0160009824
-0.0034033889
0.0063544530
0.0061955224
0.0021585214
0.0038744160
0.0010161990
-0.0000053064
0.0052264789
0.0233602058
0.0159029849
-0.0069969418
0.0062878979
0.0038934450
0.0053049121
-0.0007158121
-0.0104486542
0.0218677688
0.0666526556
-0.0019913092
-0.0218010377
0.0019219933
-0.0037368289
0.0039333696
-0.0022081272
-0.0130506083
-0.0021540653
-0.0022173203
-0.0306731034
0.0075094714
0.0159343947
0.0041123559
-0.0001176858
0.0000576732
0.0024397783
-0.0001885164
0.0014635274
-0.0002751873
0.0082299495
0.0090629561
0.0056676022
-0.0014562645
0.0037276333
0.0011572741
0.0046576420
0.0161365699
-0.0035479474
-0.0138042616
-0.0098135266
-0.0038195681
0.0022806732
0.0011014880
-0.0013719411
0.0020780361
0.0019083954
-0.0034505534
0.0033266242
0.0006112732
0.0013228648
0.0023517755
-0.0002552759
0.0004320003
0.0008031925
0.0063410560
0.0007797763
0.0019398729
-0.0004888360
-0.0025606779
0.0020542422
-0.0019087715
-0.0017268420
-0.0030085987
0.0024522529
-0.0007091537
0.0007145886
-0.0030241814
-0.0039180568
0.0014136047
-0.0032497798
-0.0036786592
-0.0084254602
-0.0227223653
-0.0190775320
-0.0083503416
-0.0030514565
0.0023556678
0.0018621131
0.0024897801
0.0100367330
0.0037409049
0.0272021014
0.0065987641
0.0002579870
0.0082837967
0.0024794363
0.0018671121
-0.0002373151
0.0071316850
-0.0266656000
0.0035697534
-0.0228710789
-0.0081191603
0.0057257549
0.0035659000
0.0033609816
0.0018804134
0.0068926159
-0.0016846596
-0.0106786992
-0.0020858508
0.0076937512
-0.0041865599
0.0007200503
0.0005580473
0.0006149607
0.0041088481
-0.0106363799
0.0058205938
0.0041699121
-0.0066971867
-0.0014750790
-0.0004609382
0.0010093818
0.0004774884
0.0034925996
-0.0010598701
0.0127264550
0.0032038516
-0.0007525551
-0.0004393454
0.0035002374
0.0038030336
-0.0000244832
0.0001413657
-0.0021651222
0.0071252235
-0.0014135865
0.0015608128
0.0002508561
0.0015991646
-0.0030385528
-0.0015289469
0.0003243958
0.0014092255
-0.0002050064
-0.0031747364
-0.0009555242
-0.0022985234
0.0001775650
0.0012918762
0.0006852989
-0.0010771091
0.0002013688
0.0014023286
0.0027365689
0.0021029972
0.0031730623
0.0032541840
0.0015185463
-0.0012597720
-0.0072229267
-0.0040294318
0.0015411393
-0.0002190475
-0.0011201031
0.0014163692
0.0012417705
-0.0003450827
-0.0016896552
-0.0048868409
0.0066531752
-0.0141872307
-0.0071597602
0.0014978092
-0.0035007296
-0.0014260558
-0.0017127054
-0.0028583859
0.0009537461
-0.0053528147
0.0101233479
0.0103567801
-0.0006901775
0.0011375593
-0.0037785613
-0.0027470288
0.0003444969
0.0056272252
-0.0042350427
-0.0180179477
-0.0096379146
-0.0037184376
0.0034712502
0.0038363398
-0.0028264269
0.0013367966
0.0035993706
0.0008381946
-0.0016355414
-0.0000295326
-0.0062163519
0.0044080284
0.0049515893
-0.0036698983
0.0005578640
0.0012619480
-0.0050011929
-0.0012854832
0.0082239760
-0.0037846828
-0.0001657836
0.0003605051
-0.0018159149
0.0002631438
-0.0005665960
0.0012922580
-0.0059468229
-0.0018815501
-0.0012074143
-0.0004375539
0.0007066532
-0.0021693946
-0.0009418432
0.0024319019
0.0035028502
0.0028434452
-0.0024265659
-0.0047559440
0.0017288635
0.0015035378
-0.0001887404
0.0008097244
0.0004682890
-0.0008681044
0.0035500790
0.0032773730
-0.0036922572
-0.0025940503
-0.0022786353
0.0018064711
-0.0026472008
0.0022227205
-0.0090767229
-0.0094265472
0.0044324920
0.0054692468
0.0015337506
-0.0011376597
0.0004966542
-0.0041057239
-0.0062174993
0.0066991304
-0.0041037872
-0.0046561272
0.0005649300
-0.0003513711
-0.0030960459
-0.0005148751
-0.0026228703
-0.0004160726
0.0063859294
0.0182798207
0.0072084400
-0.0004610355
-0.0046371347
-0.0050951564
0.0032882858
0.0014373014
0.0089984518
-0.0325486287
-0.0507633537
0.0243009329
0.0150777018
-0.0061152237
-0.0017396219
0.0013610951
-0.0078154653
0.0103382254
0.0028631263
-0.0226802640
0.0088630151
0.0020408828
-0.0073252320
0.0001720466
0.0057146535
-0.0013955921
-0.0025384973
-0.0032110391
0.0148921069
0.0113170808
-0.0017611232
-0.0070804544
-0.0032158720
0.0000690342
-0.0023191792
-0.0041264165
-0.0092021096
0.0020410051
0.0004303535
-0.0020024120
-0.0038536864
-0.0029478285
-0.0026674769
0.0003187090
0.0005365150
-0.0020276585
0.0014282909
-0.0013616318
0.0013783429
-0.0015578009
0.0032340982
0.0000238716
0.0016270318
0.0002374642
-0.0076251929
-0.0032131937
-0.0031266517
-0.0013530077
-0.0002604204
0.0013269810
-0.0012045424
0.0043039634
0.0024989562
-0.0048833876
-0.0007161073
-0.0116875591
0.0009147658
0.0000774848
-0.0020063140
-0.0005165687
0.0009549116
0.0008056117
-0.0103833992
-0.0161879621
-0.0047439458
0.0136513002
-0.0071551604
-0.0060932562
-0.0055844891
-0.0010523966
0.0022372806
-0.0172798336
0.0336436853
-0.0281739868
0.0218608547
-0.0003897941
-0.0037317425
0.0007920238
0.0033794437
0.0038521795
-0.0037012876
0.0617270283
-0.0112794358
0.0096840505
-0.0030664247
-0.0058996356
0.0007101105
0.0021507065
0.0048851650
-0.0094589610
-0.0121166147
-0.0095232371
-0.0010683304
-0.0036470643
-0.0065227882
-0.0001989181
0.0033547299
0.0074032471
-0.0016640144
0.0143612325
-0.0032259701
0.0032385034
0.0054164063
-0.0010527489
0.0006389035
0.0027992036
0.0054212986
-0.0047836825
-0.0000049954
-0.0045104092
-0.0032337443
-0.0024664802
0.0021799791
0.0022742758
-0.0006438936
-0.0020940220
-0.0010098356
-0.0000042868
-0.0003984169
-0.0012681015
-0.0042940122
-0.0003792970
0.0016797882
-0.0007831164
0.0021884600
0.0032377408
-0.0044626375
-0.0035501265
0.0041424981
-0.0021199628
-0.0007058983
-0.0032538956
-0.0009509975
-0.0036820634
-0.0035969566
-0.0146162640
-0.0061380151
0.0039320095
0.0030184644
0.0005472022
-0.0000650585
-0.0025512199
-0.0114576910
0.0107529936
0.0307681542
-0.0179512184
-0.0139800142
0.0083145211
0.0057683093
0.0041842032
-0.0034357246
-0.0088786138
0.0379025452
0.0299318247
-0.0308582541
-0.0117998980
-0.0025990366
0.0014013470
0.0010921306
-0.0055249394
-0.0014362060
-0.0094717219
-0.0382562093
0.0156209664
0.0213062279
-0.0122702131
-0.0000802229
-0.0007697657
-0.0021767670
0.0010885473
-0.0127582625
-0.0224543083
0.0233258177
0.0037521708
-0.0099302335
0.0047213635
0.0002619393
-0.0012745986
0.0063754418
0.0141882189
-0.0034398076
0.0034864903
-0.0044558435
-0.0005042589
0.0052018841
-0.0011670926
-0.0019077432
0.0059253965
0.0050882311
-0.0058637951
-0.0023341235
-0.0010157758
0.0009527002
0.0004201366
-0.0004007615
-0.0017599709
-0.0005903337
-0.0023410835
-0.0087282648
0.0007579075
-0.0011224324
-0.0005150370
0.0031961720
0.0004730299
0.0002288442
0.0006506938
-0.0035906890
-0.0091650477
0.0086537125
0.0032405714
-0.0029658284
0.0015960553
0.0056557497
-0.0024859323
-0.0047098319
-0.0051731383
-0.0093198307
0.0002324377
0.0085806521
-0.0068362043
0.0001627559
0.0020717410
-0.0036931767
0.0016608074
0.0102839712
-0.0322921798
0.0186872110
0.0212639105
-0.0228795744
-0.0020022553
-0.0032640169
-0.0038223532
0.0179368202
-0.0062072529
-0.0675801784
0.0697074085
0.0168373957
-0.0200348515
-0.0010304822
0.0022699279
0.0024735546
0.0127707841
-0.0268067848
-0.0039681508
0.0179209746
-0.0135784904
-0.0020852434
0.0009463021
0.0010616465
0.0018432931
-0.0078086345
-0.0052073174
0.0294955969
-0.0143767269
-0.0044301869
0.0038698502
-0.0036635441
0.0017446160
-0.0034384578
-0.0074472562
0.0072882818
0.0053484244
-0.0005092052
0.0055146739
0.0056187781
-0.0015232747
0.0022480965
-0.0023247451
0.0007778676
0.0020822955
-0.0031063929
-0.0009055745
-0.0000472860
0.0002046444
0.0013181533
0.0000564326
-0.0014134414
-0.0054852027
-0.0057802307
0.0012293144
0.0050966274
0.0073252679
0.0039930176
0.0000647113
0.0004233686
-0.0007316045
0.0019791680
0.0028473856
0.0028420337
0.0031236860
-0.0028483141
-0.0056084720
-0.0008758463
-0.0052923569
0.0003397447
0.0101358015
0.0020526517
-0.0120007191
-0.0132179800
-0.0087699126
-0.0037505620
0.0002383332
-0.0050957520
0.0019977693
0.0014070937
-0.0216260422
-0.0231422838
0.0083297165
0.0080085248
-0.0031487236
0.0016831257
0.0014580328
0.0003880133
-0.0082474025
0.0034972969
0.0609815307
0.0597118810
0.0135808401
0.0026678520
0.0055280235
0.0000284274
-0.0038824449
0.0026605211
0.0100743519
-0.0221195389
-0.0660972074
-0.0269555096
0.0079245502
0.0035212615
0.0003370889
-0.0028062367
-0.0058601275
-0.0207744855
-0.0243492704
0.0115662506
0.0170834288
0.0023200696
0.0022887513
0.0003031447
-0.0012339770
0.0018708382
0.0149880983
0.0274981316
0.0161180459
-0.0063746795
-0.0109161036
-0.0016980703
-0.0017458509
-0.0005685664
0.0025908072
0.0059216409
0.0044311406
-0.0076431050
-0.0070906789
-0.0017105141
0.0022322433
0.0005715136
-0.0005077767
-0.0010214666
0.0018531744
-0.0013561903
-0.0042220862
0.0027849793
0.0014772111
0.0004992363
-0.0012104074
0.0000439596
-0.0018292051
0.0005153673
0.0028003748
0.0016496682
0.0000543229
0.0015621224
0.0013359126
0.0011269386
-0.0004106875
-0.0079165911
0.0006166346
0.0158379599
0.0136891715
0.0042825611
0.0023463918
0.0005275797
-0.0003298065
-0.0022928978
-0.0103163607
0.0020062942
0.0085349465
-0.0253476948
-0.0054514892
0.0068540676
-0.0012703540
0.0023725696
-0.0043626516
-0.0208083987
0.0013576731
0.0182131212
-0.0467643328
-0.0260804985
0.0112275667
-0.0055366429
-0.0013154668
-0.0000260133
-0.0082176412
-0.0043364405
0.0222550817
-0.0017849294
-0.0036326228
0.0185215566
-0.0006048644
-0.0037146797
0.0023188693
-0.0000946137
-0.0018951815
0.0090320967
-0.0038311342
-0.0073343883
0.0089808423
0.0004258610
-0.0031159364
0.0027580911
0.0032664521
-0.0015309730
-0.0025392089
-0.0096306698
-0.0088327779
-0.0033107260
-0.0023777310
-0.0003697270
0.0024686453
0.0013207755
-0.0015717071
0.0061583994
-0.0009783802
-0.0001344650
0.0032938959
0.0016640890
0.0028888630
-0.0000783178
-0.0006484496
0.0008842075
-0.0005428782
-0.0055241231
0.0005064497
-0.0017408780
0.0021164485
0.0025779370
0.0004481300
0.0010563019
0.0014257112
0.0040327027
0.0020541688
0.0014106910
0.0010775417
0.0030658208
0.0040796651
-0.0009479590
-0.0002504122
0.0024595293
0.0076287347
-0.0020513714
-0.0028292323
-0.0025170976
-0.0006977307
0.0002578248
-0.0016243426
0.0018391277
0.0066516940
0.0032541300
-0.0058808168
0.0012943415
0.0012204890
-0.0006241243
0.0012630024
-0.0055645355
0.0006094370
-0.0348240845
-0.0542005152
-0.0149081703
-0.0001069408
-0.0006615100
-0.0058053895
0.0005024797
0.0043265829
-0.0068567651
0.0198926162
0.0503036939
-0.0218118392
0.0076392214
0.0047233859
0.0029871035
0.0002158164
0.0041477503
0.0036287673
-0.0056432281
-0.0124412067
-0.0161635205
-0.0000281515
0.0060621579
0.0013551918
0.0003444863
0.0001071324
-0.0013233117
-0.0101009011
-0.0024331999
-0.0012427956
-0.0027202324
0.0032495640
-0.0004919707
-0.0007686918
-0.0001752215
0.0005314816
-0.0024722011
0.0023042818
-0.0007974647
-0.0005025205
0.0011494381
0.0014528404
0.0009880917
0.0028094233
0.0023739887
-0.0032062216
-0.0044756997
0.0035058928
0.0021474173
-0.0013746218
-0.0029906072
0.0003427868
0.0024391471
0.0007766897
-0.0006651378
-0.0072959550
-0.0046472782
0.0037034859
0.0008860101
-0.0048245019
-0.0015543505
-0.0040263352
-0.0076456713
-0.0072387313
-0.0274035595
-0.0163011495
0.0020323589
-0.0067885495
-0.0046815686
0.0001942993
0.0020915926
0.0019368364
0.0037966026
0.0065804096
0.0030815518
-0.0064611742
0.0032171623
-0.0051316493
-0.0053259162
0.0047042607
0.0170511119
0.0059412722
0.0481918640
0.0260697454
-0.0432435535
-0.0005096405
-0.0174930021
0.0008924360
0.0002640095
0.0165512133
-0.0121135628
-0.0408916622
-0.0004292866
-0.0146195358
-0.0012035834
-0.0073954463
0.0044766529
-0.0040377588
0.0131846881
-0.0092289401
-0.0335609503
0.0026459517
0.0005248907
0.0007009163
0.0033732411
-0.0000513929
-0.0013467232
0.0047304598
0.0068205870
0.0143703716
0.0186298974
-0.0001038750
-0.0040429193
-0.0008530980
0.0006792057
0.0007151567
-0.0036701257
-0.0040088459
-0.0182351544
-0.0083695268
0.0088563981
0.0030859378
-0.0015645898
0.0049352315
0.0043501300
0.0050037866
0.0015681810
-0.0045481562
-0.0035934476
-0.0016230851
0.0032254425
0.0040401346
0.0009302000
-0.0033996943
-0.0022349674
-0.0015824004
-0.0006599656
-0.0032303336
-0.0054777418
-0.0021641396
-0.0001463442
-0.0000251478
-0.0032733371
-0.0054603340
-0.0056537795
0.0037010747
0.0191601682
0.0068969079
-0.0093475496
-0.0026993696
0.0081529729
-0.0003039614
0.0031820724
0.0090099862
-0.0156885553
-0.0183312129
0.0163137708
-0.0007876414
-0.0030890331
0.0023127284
-0.0009281656
0.0008259647
0.0153823327
0.0168588497
-0.0542618148
-0.0218655523
0.0202121604
0.0037533799
0.0013713514
0.0000887891
-0.0026313958
-0.0237848107
0.0017807655
0.0438456573
-0.0044939145
0.0028610744
-0.0012586982
-0.0006621298
0.0010742921
0.0090613263
-0.0048188418
-0.0108630387
0.0178332161
0.0141225569
-0.0052626492
-0.0003555917
0.0026038473
-0.0005750942
0.0097967815
0.0073590935
0.0065074293
-0.0073007108
-0.0028121450
-0.0087866029
-0.0008306667
0.0021130193
-0.0020721918
0.0024750766
-0.0014025889
0.0012550242
-0.0013148453
-0.0010703920
-0.0058213314
0.0012571901
0.0011907474
0.0019284972
0.0015675928
0.0021523444
0.0019576191
0.0061949035
0.0042722593
0.0027582601
0.0007939877
-0.0003695288
-0.0019271849
-0.0018421942
0.0005152992
-0.0030917008
-0.0007400981
-0.0024966847
-0.0021210448
-0.0016123757
0.0001825539
0.0007994628
0.0044870311
0.0007692731
-0.0060500209
-0.0064959871
-0.0073824814
-0.0038117869
0.0002129518
-0.0000506789
0.0012005451
0.0017920246
0.0026543492
0.0089424578
0.0117367236
0.0052362075
0.0019107949
0.0031310406
0.0072180280
-0.0022317078
-0.0150821945
0.0007886903
0.0015199081
-0.0116106309
0.0032989248
0.0040439703
-0.0022802767
0.0065237521
-0.0017955661
-0.0126631455
0.0102527952
0.0054143374
-0.0399976112
-0.0247895923
0.0049025165
-0.0036641555
0.0042932713
0.0025360100
0.0046279654
0.0043488955
0.0112750977
-0.0012976552
-0.0028615945
0.0129497368
0.0008071347
0.0011307320
-0.0024568173
0.0031967093
-0.0041764546
0.0057455767
-0.0037914366
-0.0027517220
0.0107369404
-0.0010533521
0.0034097633
0.0000709856
0.0058578704
0.0001325033
-0.0029070247
-0.0019669542
-0.0000349625
-0.0009033509
-0.0001838828
-0.0034269004
-0.0008459583
0.0060008727
0.0057098423
-0.0043716663
-0.0028067410
0.0025924575
0.0024149357
0.0017016034
-0.0001928392
0.0016034868
0.0039205775
-0.0025311003
0.0015956628
0.0032899717
0.0023864559
-0.0016131168
-0.0006025849
-0.0001680495
0.0034031202
0.0074282708
0.0063741538
0.0145701310
0.0067540910
-0.0002865437
-0.0027648823
0.0054314495
-0.0034044075
-0.0017811535
0.0159546379
-0.0009066800
-0.0090820538
-0.0052962485
-0.0007780480
-0.0018106604
0.0012136439
-0.0066304477
0.0037900330
0.0153083215
-0.0494292267
0.0063072485
0.0090316534
-0.0014548636
0.0119563993
0.0069491849
-0.0070696240
0.0064761173
0.0061515388
-0.0102217384
0.0380058400
-0.0106115444
-0.0204887222
0.0209107194
0.0051570013
0.0050304821
0.0036541293
0.0012099317
0.0088941865
0.0152734779
-0.0106757460
-0.0115572922
0.0107058734
-0.0030107095
0.0035873000
-0.0039990116
-0.0055011939
-0.0169573016
-0.0015253257
-0.0060738227
-0.0047808536
0.0048340061
0.0028459232
0.0023889660
-0.0001407254
0.0008851824
0.0010125025
0.0029049641
-0.0022760034
-0.0043395422
0.0001806836
0.0014914385
0.0008548032
0.0019789855
0.0003342862
0.0002267758
-0.0027067568
-0.0003154528
0.0010944683
0.0041608927
-0.0037533862
-0.0022502195
0.0024774049
-0.0011591145
0.0044346759
0.0060768453
-0.0007470589
-0.0033435600
0.0011585894
-0.0026749554
0.0017569249
0.0045926706
0.0049782228
0.0017145148
0.0097804293
0.0055262595
-0.0004130244
0.0125961145
-0.0037609381
0.0029514786
-0.0008123891
-0.0016726181
0.0027145706
0.0485587865
-0.0189391095
-0.0004864140
0.0086984215
-0.0004553519
0.0022074145
-0.0004625836
-0.0178484377
0.0551871508
0.1541476697
-0.0101606045
0.0000493745
0.0059552849
0.0026053090
-0.0025806560
-0.0037737873
-0.0066379090
-0.0262290258
-0.0038166195
-0.0114779277
-0.0095443781
0.0095148589
0.0011742018
-0.0034672252
0.0000641033
-0.0092817592
0.0038656557
0.0148420008
-0.0061346325
0.0032656998
0.0054309438
0.0029706398
0.0009898646
-0.0009352790
-0.0002318506
0.0053788666
-0.0074339663
-0.0050093527
-0.0036972379
-0.0037507331
0.0031008483
-0.0003967972
-0.0007475092
-0.0003952598
0.0015871497
0.0033835841
0.0028305529
-0.0001069179
0.0006242413
-0.0005508873
0.0002426023
0.0059303693
0.0037059328
0.0005093954
0.0020940914
-0.0040641977
0.0011173785
0.0014341183
0.0020637545
-0.0022791841
0.0009327904
-0.0003118764
-0.0009582721
0.0069706575
0.0003659318
0.0034925807
0.0008659206
0.0008029041
0.0021927236
-0.0051461067
-0.0098966565
-0.0099153351
0.0129128387
0.0160195641
0.0115467003
-0.0019341618
0.0001065413
0.0016998862
0.0029962624
0.0035544035
0.0015063268
0.0008169818
-0.0095443614
-0.0052249809
0.0039336961
0.0036131344
-0.0010824810
0.0062355339
-0.0025898311
0.0127756698
0.0153489523
-0.0371703319
-0.0164890531
0.0148412222
-0.0004757655
0.0000377644
0.0054112882
-0.0256614722
-0.0185976550
0.0480901301
-0.0066893352
0.0039489735
0.0108564394
-0.0004663387
-0.0027595309
0.0050942274
-0.0015056502
-0.0178346708
0.0098019587
-0.0038044623
0.0060815183
0.0086402986
0.0016438385
0.0032343520
0.0068967338
0.0079425573
0.0055677388
-0.0040493440
-0.0137299830
-0.0020190103
0.0045473208
-0.0000448439
0.0018653461
0.0039455001
0.0021847046
-0.0030703826
0.0012299591
-0.0032334891
-0.0013807436
0.0015527474
-0.0006306567
-0.0028219805
-0.0003754304
-0.0012090937
0.0038933463
0.0023654660
0.0057465271
-0.0045799608
0.0000001268
-0.0037658624
-0.0003761198
-0.0002832293
-0.0039241803
0.0070815417
-0.0037236107
0.0043880269
-0.0035400288
0.0001909311
-0.0030006368
-0.0083899098
-0.0041880785
-0.0115222782
0.0192715600
0.0001183191
0.0066393404
-0.0011417093
-0.0016017567
0.0007927296
-0.0074582840
0.0001425915
-0.0067873318
-0.0047664638
0.0083161658
0.0025069569
-0.0120423716
0.0005667061
-0.0017592475
-0.0066678794
-0.0024302343
-0.0106076812
0.0265629217
0.0337296948
0.0108612357
-0.0163265523
0.0055897213
-0.0046328027
-0.0028212920
-0.0014818875
-0.0023410120
0.0540202744
0.0242224298
0.0107492805
-0.0162582826
0.0062776161
-0.0077413805
-0.0017815974
-0.0081540812
-0.0032227358
-0.0051619238
-0.0115157710
-0.0072942856
-0.0246326774
0.0009244969
-0.0073150629
0.0074607651
0.0011508883
-0.0110910237
0.0162380040
0.0044469871
0.0037520900
-0.0026913583
0.0006435822
-0.0008331528
0.0037884265
0.0003041000
-0.0049246452
0.0138421031
0.0031132128
0.0078554377
0.0015348420
0.0010169199
-0.0003077612
0.0030784567
0.0006584859
0.0030037863
0.0002368703
-0.0044371597
0.0028591496
0.0009630525
0.0000318486
0.0021293282
0.0022624009
-0.0026488604
0.0003889680
0.0021262914
-0.0019776374
0.0013056670
0.0051330240
-0.0015401330
0.0018926358
0.0030064720
-0.0044325986
-0.0037841678
0.0033757375
0.0035551789
0.0065687224
0.0054407776
-0.0026661432
0.0067148479
0.0017980572
-0.0001785555
-0.0018163706
-0.0076684100
-0.0410953425
0.0079354523
-0.0001750388
-0.0049523353
0.0034652359
0.0050393376
0.0088702515
-0.0024263347
0.0126550756
-0.0379995853
-0.0019203476
0.0018563584
-0.0059585837
0.0032152531
0.0045127277
0.0004395297
-0.0111929122
-0.0022026496
-0.0320432335
-0.0014618663
0.0080521721
-0.0018423047
0.0056552398
0.0040454459
0.0002775793
-0.0068263616
0.0012263277
-0.0090027014
0.0058340658
0.0060993172
0.0000054466
0.0030035709
0.0017407531
-0.0015412123
-0.0030033991
0.0067891688
0.0045801206
0.0039232378
0.0015119279
-0.0008006496
-0.0011660787
0.0019199949
-0.0023624725
-0.0021192979
0.0026496348
0.0000528738
0.0023860619
0.0023934925
-0.0008010829
-0.0009316276
0.0015977753
0.0009398030
0.0010032157
-0.0022994061
0.0008552351
0.0024699331
0.0006979901
0.0000852357
0.0020563025
-0.0010664006
0.0024747404
0.0037718476
-0.0013472080
-0.0008612525
0.0011029446
-0.0053045312
0.0016319710
-0.0006944445
-0.0027916466
0.0042320313
0.0091117825
-0.0043744682
-0.0122930603
0.0001452119
-0.0105665168
0.0018702402
-0.0026422315
-0.0042745844
-0.0007377415
0.0088603552
-0.0091128340
-0.0129165091
0.0295143891
-0.0164453425
0.0040048044
0.0030749869
-0.0068676942
0.0011813191
0.0189939290
-0.0159689002
0.0060800379
0.0245973617
-0.0368932672
0.0220752321
0.0042585079
0.0008841582
0.0065084072
-0.0012118487
-0.0137708988
0.0418915190
-0.0356526189
-0.0202042237
0.0319998376
-0.0009429415
0.0077163461
0.0021603829
-0.0107186809
0.0034282128
0.0140063670
-0.0290131047
0.0010205477
0.0091700405
-0.0020360323
0.0024482328
-0.0057769334
-0.0016820654
0.0015584755
0.0032484734
0.0030305395
-0.0064658653
0.0002605579
0.0044299993
-0.0014545819
-0.0012140407
0.0000044905
-0.0024673375
0.0020566862
-0.0020846161
-0.0063147084
0.0028984852
0.0028863989
0.0015587149
0.0009300144
-0.0027540284
-0.0005481890
0.0009551366
-0.0011297937
0.0032540688
0.0010450339
-0.0014256588
-0.0008199959
-0.0004251474
-0.0017607085
0.0038693200
0.0024528743
-0.0062037208
-0.0022502488
-0.0010403406
-0.0021200883
-0.0054774070
0.0006217224
0.0040608742
0.0043527633
-0.0035957694
-0.0015369292
-0.0077791153
0.0029385176
0.0015512325
-0.0047615459
0.0029969416
0.0008726799
-0.0145761603
0.0115083074
-0.0025300551
-0.0163638871
0.0191367455
0.0010592710
0.0058853654
0.0022401423
-0.0188711826
-0.0097429436
0.0606663413
-0.0445497297
-0.0048381668
0.0226948988
-0.0021132499
0.0076423460
-0.0021771609
-0.0236440971
0.0296154395
0.0328757316
-0.0572421104
0.0105640804
0.0014630792
-0.0063511524
0.0019797275
-0.0052116644
-0.0112671247
0.0189875849
-0.0069902465
-0.0085796630
0.0112467287
-0.0066045928
-0.0049074208
0.0008020323
0.0002682425
-0.0069234800
-0.0018663317
-0.0090505229
0.0065147299
0.0022743640
-0.0068164687
-0.0008663171
0.0006297046
0.0000483577
-0.0024893533
0.0037316231
-0.0034036913
0.0059471517
-0.0008435449
-0.0018378132
0.0003437861
0.0009501057
0.0017776757
0.0003149115
-0.0045397361
0.0032183365
-0.0007771847
-0.0056864852
0.0007607478
0.0007308841
-0.0011289738
0.0015836817
0.0031637750
-0.0020359375
0.0039929762
-0.0049280515
-0.0066538090
0.0052628918
0.0007611686
0.0014239020
0.0040200423
-0.0029079616
0.0015408543
0.0087335035
-0.0047894171
-0.0024693552
0.0081466092
0.0012622576
-0.0023594105
0.0034692639
-0.0031126954
-0.0095807947
-0.0001927046
0.0012928093
-0.0117887557
0.0033881485
0.0023948930
-0.0058165109
-0.0002738983
0.0002607404
-0.0409124531
-0.0138431955
0.0067934562
-0.0147701744
-0.0068501825
-0.0032954433
-0.0067965509
0.0008968976
0.0253494550
-0.0205531791
-0.0119865797
0.0167748109
-0.0059394678
-0.0003804193
-0.0002039628
-0.0002262134
0.0017816155
0.0118782325
-0.0104731675
-0.0018765946
0.0119087100
0.0026940859
0.0025601431
0.0017210109
-0.0048371758
-0.0031555016
-0.0036249871
-0.0127110183
-0.0061082002
0.0039743329
0.0029750194
-0.0073753539
-0.0051569599
-0.0049561029
0.0007465227
-0.0010991266
-0.0025678044
-0.0012166071
0.0021300053
0.0028086833
-0.0025242711
-0.0047171917
0.0025855424
-0.0017791324
-0.0055224150
-0.0060915719
-0.0017926947
0.0005323352
0.0000852337
-0.0015171138
-0.0009727157
-0.0021072782
0.0013360651
0.0020531141
0.0008303734
-0.0012463047
-0.0028923072
0.0004702450
0.0032442783
0.0026667805
-0.0017483660
0.0001231461
0.0089914110
0.0073944852
0.0027131566
-0.0023611707
-0.0020080609
0.0038256862
0.0064863702
0.0007877361
-0.0014478782
-0.0005549856
-0.0093766106
-0.0131126875
0.0196389332
0.0022376908
-0.0080542210
0.0002248185
0.0060854941
-0.0003400807
-0.0004800658
0.0115338163
-0.0244236905
0.0029484716
0.0231671091
-0.0035704141
-0.0059241350
0.0032978526
-0.0036829028
-0.0157628655
0.0058708438
0.0368808657
-0.0329528414
-0.0100304959
0.0059008962
0.0006332665
-0.0006248427
0.0055358643
0.0047431835
-0.0133459223
0.0200579166
0.0158355739
-0.0093817273
0.0064529311
0.0021454056
-0.0052255285
-0.0005600651
0.0108726304
0.0028833493
-0.0194934644
-0.0014337188
-0.0014461469
0.0069997185
0.0061360090
0.0023805890
-0.0038364874
-0.0012042021
0.0050323745
-0.0034687289
-0.0026634166
0.0022305096
0.0023933942
0.0037522360
-0.0016361895
-0.0013972011
-0.0014285751
0.0005446810
0.0046930299
0.0086850096
0.0014442720
0.0027239674
0.0036517943
-0.0009216164
-0.0021591291
-0.0017725609
0.0021637767
0.0030193927
-0.0022634123
-0.0014672008
0.0008507271
0.0011506162
-0.0037800574
-0.0037017372
0.0022587955
0.0032155095
-0.0027709368
-0.0181805007
0.0059012659
0.0029072601
-0.0037299176
-0.0012338245
0.0060161161
0.0076299589
-0.0039618332
0.0177784637
0.0238280818
0.0103633553
-0.0059567802
0.0000576027
-0.0064137578
-0.0012075742
-0.0092164902
-0.0264939275
-0.0230993424
0.0097359931
0.0136164045
-0.0072169960
0.0020420020
-0.0040034028
0.0022496392
0.0061553246
0.0057631596
-0.0000643091
-0.0258936994
-0.0059658177
-0.0033817175
-0.0052897846
-0.0065206345
0.0000508048
-0.0019900829
0.0049944944
0.0265827309
0.0065918760
-0.0072273966
-0.0101223402
-0.0021737281
-0.0021175805
0.0015834455
0.0011796053
-0.0028941934
-0.0063710310
-0.0048864968
0.0084381755
0.0087876376
0.0059928200
-0.0060441946
-0.0034825837
0.0017337139
0.0043869200
0.0015616893
-0.0012821042
0.0002120034
0.0002643270
0.0045010829
-0.0018830830
0.0020400335
0.0016673533
-0.0001771446
-0.0008343971
0.0025616465
0.0069862981
0.0070234258
0.0008511157
-0.0014217448
0.0032523486
0.0004146148
0.0025119975
0.0007974114
-0.0004267120
-0.0045596897
-0.0000939860
0.0014292281
0.0013224906
0.0064124577
0.0048388685
0.0187744144
0.0272857789
0.0197023060
-0.0072059929
0.0004594911
0.0018999093
-0.0028958353
-0.0034709400
-0.0059098918
-0.0038993026
-0.0438786782
-0.0141924452
0.0043101846
-0.0051892805
-0.0058257431
-0.0016932108
0.0100523513
0.0153987929
-0.0282020494
-0.0976367071
-0.0117116505
-0.0013036033
-0.0078593604
-0.0047638677
-0.0049154982
0.0005738445
0.0034350404
0.0136756320
0.0211016946
0.0460884832
-0.0003161638
-0.0054919403
-0.0017846142
0.0056719114
0.0003434392
-0.0088385427
0.0055362917
0.0019308570
0.0035781427
0.0026185466
0.0053088251
-0.0015113230
0.0045409063
-0.0008582766
-0.0024228080
-0.0073602628
-0.0174967386
-0.0157364681
-0.0021137807
0.0034789355
0.0002272106
0.0007338006
0.0009584642
0.0000262826
-0.0003202263
0.0043122517
0.0018760172
-0.0008406670
-0.0020950288
-0.0008282067
-0.0030377603
-0.0001234143
0.0009898959
-0.0001305925
0.0035050190
0.0030964534
-0.0011495511
0.0027123122
0.0003396022
-0.0010637976
-0.0001040024
0.0003365678
-0.0001344242
0.0010672985
-0.0031910124
-0.0023501399
0.0010233610
-0.0011588066
-0.0019402686
-0.0002209699
0.0019614524
0.0044737239
-0.0034702648
-0.0149433948
-0.0058130487
-0.0012601060
-0.0042815865
-0.0014229931
-0.0024143069
-0.0072564362
0.0027249043
0.0053148177
-0.0022541026
0.0042713638
0.0041461517
-0.0030640829
0.0021158170
-0.0006043444
-0.0138766756
-0.0007240006
0.0072395680
-0.0021692552
0.0035789299
0.0116972467
-0.0026417063
0.0039093974
-0.0004644450
-0.0136346556
0.0136966379
0.0156006375
-0.0358237512
-0.0111965481
0.0053437632
-0.0043687848
0.0019564226
-0.0033391016
-0.0095889335
0.0030157997
0.0046902490
-0.0100359144
0.0026870514
-0.0019446585
-0.0013108673
0.0013894014
-0.0020364660
-0.0037857390
-0.0002624827
0.0057812575
0.0108991610
0.0081293071
0.0008302627
0.0001699006
-0.0015912143
0.0001199349
0.0005252177
-0.0015086468
-0.0000056664
0.0019956585
0.0016857221
-0.0022329267
-0.0026038028
0.0022005304
0.0026572475
-0.0010741587
0.0002859079
-0.0031460698
0.0025658447
0.0082571283
0.0065786368
-0.0010114880
-0.0016479613
-0.0007155652
-0.0020995846
0.0009882434
-0.0001506736
0.0023398884
-0.0045578284
-0.0029176259
-0.0045774309
0.0040698890
0.0006524980
-0.0112011023
-0.0055857128
-0.0140982345
-0.0027435450
-0.0050608255
-0.0081836460
-0.0117325978
-0.0024386398
0.0003890667
-0.0012322234
0.0019741643
-0.0035358220
0.0017644454
-0.0009851004
0.0111352718
-0.0017622091
-0.0012505042
-0.0002789770
-0.0003882978
0.0333923362
0.0566218793
0.0338841528
-0.0015461593
0.0259978566
0.0024724640
0.0024123855
-0.0061511658
-0.0168488193
-0.0154809561
-0.0475362577
-0.0655657947
-0.0387029499
0.0074677519
-0.0049852384
0.0042147203
-0.0011984194
0.0002876119
0.0039915000
0.0072545297
0.0260380208
0.0096463943
0.0017778927
-0.0028116102
-0.0000435481
-0.0025812665
-0.0025396557
0.0006726696
-0.0104799941
-0.0035531418
0.0032682484
-0.0029667618
-0.0085791200
0.0012591913
-0.0003711488
0.0010893408
-0.0048522102
-0.0076507512
0.0010624604
-0.0033574780
-0.0006694266
-0.0074527399
-0.0002850572
0.0016965938
0.0025294540
-0.0021604579
0.0012808351
-0.0020646290
-0.0003534072
-0.0015167987
-0.0007399346
-0.0002167086
0.0026296224
0.0035420456
-0.0011547284
0.0023101328
0.0001363293
0.0015011461
-0.0007427486
-0.0000170872
0.0020566159
0.0036734929
0.0007033108
0.0034279856
0.0174142160
0.0094568348
0.0036654060
-0.0015463998
0.0033594961
0.0071049775
0.0009843302
-0.0078248056
0.0046545952
0.0078568012
-0.0107616540
-0.0038619048
0.0017909392
0.0046726032
0.0033178066
0.0021479269
-0.0033620377
-0.0016789002
-0.0223356001
-0.0426140577
-0.0311973020
-0.0082354406
0.0013435539
0.0080771977
0.0036626286
0.0046082865
0.0012593116
0.0590257831
0.0519975461
0.0081245899
0.0072965086
0.0086145326
0.0018748186
0.0010076368
0.0056404299
-0.0165404640
-0.0175578985
-0.0123816412
0.0005346981
0.0111740809
0.0040414068
-0.0004967009
0.0028608982
0.0034112269
0.0047038472
0.0127368364
0.0039668353
-0.0063350284
-0.0008574062
0.0041479538
0.0032309089
0.0031147064
-0.0054697031
0.0047551775
0.0011232225
-0.0086629717
0.0002272899
-0.0013624416
-0.0008089275
0.0005231364
0.0013670749
-0.0006392901
0.0000159480
0.0033136059
0.0006378516
-0.0020054190
0.0018444619
-0.0018786126
-0.0009150382
-0.0013432316
0.0011062075
0.0028789062
0.0013172576
-0.0018147044
-0.0021521370
-0.0013034351
-0.0023803820
-0.0017931436
0.0044285636
0.0076187328
0.0086091943
0.0154857468
0.0143348770
0.0033341274
0.0019096916
-0.0007424249
-0.0004383256
0.0017349564
-0.0002776802
0.0010755513
0.0224095844
0.0065753139
-0.0134292440
0.0063591325
0.0042499951
-0.0002908582
-0.0004188295
-0.0001247277
0.0065025282
-0.0125099355
0.0003935125
-0.0039286837
0.0084985392
-0.0021590486
-0.0034280270
-0.0020180424
0.0051510436
-0.0105747683
0.0393477231
0.0230930932
-0.0134023670
0.0024979098
-0.0039629564
-0.0021493144
-0.0036902020
-0.0025137218
0.0026337628
0.0145825148
0.0156665407
0.0052419519
-0.0025157831
-0.0007724811
0.0012451080
-0.0002916655
-0.0054245708
0.0046996623
-0.0024430298
-0.0002790845
-0.0017648643
-0.0046681426
-0.0044992366
-0.0005142914
0.0010946826
0.0006809772
0.0053366674
0.0028042223
0.0051769903
-0.0000454505
-0.0034229129
-0.0034584312
0.0027182512
0.0006877151
-0.0008480827
-0.0006917425
0.0033234176
-0.0016748727
-0.0010400165
-0.0030342655
-0.0009503987
0.0022721733
-0.0011946307
0.0020491097
-0.0003583932
0.0033354275
-0.0013958988
0.0012158810
0.0001619486
0.0000885151
0.0039618108
-0.0029472515
0.0007300082
-0.0090308720
-0.0023135128
0.0004191930
0.0045548412
0.0038779976
0.0000366608
0.0072142375
0.0004522994
0.0067492439
-0.0008095106
0.0027357272
-0.0054239756
-0.0034542277
-0.0024549074
0.0007436907
0.0076953787
-0.0021245098
0.0147611676
-0.0087894863
-0.0183524266
-0.0029843454
0.0069372691
-0.0121440580
0.0019540878
0.0025615529
-0.0034323509
0.0162282791
-0.0268466901
-0.0225040335
0.0219165012
0.0161192510
-0.0156079698
0.0010744503
-0.0017265300
0.0050553028
0.0161226168
-0.0132807223
-0.0118621150
0.0063637961
0.0054938211
-0.0057289046
0.0007542515
-0.0040149773
0.0015502613
0.0131604029
-0.0022540786
-0.0027338036
-0.0000574581
0.0033197692
-0.0019572303
-0.0011585060
-0.0021247892
-0.0013714912
0.0040819896
-0.0049613756
-0.0012162813
-0.0020514803
0.0014072005
-0.0000305895
-0.0012694837
-0.0003172409
-0.0015272659
-0.0028690088
-0.0001293384
-0.0021137258
-0.0034236514
-0.0030193413
-0.0037182448
-0.0006305717
0.0042653950
-0.0030436658
-0.0039723893
0.0035774489
0.0035091280
-0.0003416441
-0.0030556794
-0.0008446883
0.0017293384
0.0048409807
-0.0031116295
-0.0047950940
0.0104304459
0.0012635400
-0.0019936701
0.0050420482
-0.0056968313
-0.0019140013
0.0047594123
-0.0043579349
-0.0207465496
0.0202655811
0.0103462571
-0.0286200624
0.0187646337
-0.0049236543
-0.0078285737
0.0028741180
0.0030096364
-0.0166714229
0.0115636960
0.0591698177
-0.0700200200
0.0117490776
0.0167690869
-0.0011703168
0.0008824176
0.0029270337
-0.0060238047
-0.0246353410
0.0507141910
-0.0348382741
-0.0170202199
0.0264215339
0.0025926677
-0.0008168891
0.0039875186
0.0034098271
-0.0137528554
0.0120864818
0.0087514287
-0.0221359134
0.0141383493
-0.0039024181
-0.0027757967
0.0000165133
0.0024070928
0.0006168222
-0.0036153884
0.0056740544
-0.0083382130
0.0106516704
-0.0000380148
-0.0010671125
-0.0014749351
-0.0002474382
0.0021926409
-0.0002737980
-0.0001888580
-0.0039339070
0.0031973482
0.0014453829
-0.0005734624
0.0004967040
0.0032408440
0.0040908731
0.0021644325
0.0005600391
-0.0052337521
-0.0053222608
0.0015610285
-0.0005027406
0.0008401834
-0.0005682354
-0.0056588622
-0.0079705277
0.0012663276
0.0068958453
-0.0006576381
0.0027921898
-0.0056234719
0.0023939665
-0.0026921108
-0.0160037912
-0.0151712028
-0.0052234405
0.0065913633
0.0060192854
0.0053412677
-0.0039169877
0.0071502589
0.0093436288
0.0145409759
0.0232348479
0.0067744413
-0.0004370167
-0.0058639008
-0.0000577988
-0.0064560282
0.0095500927
0.0249789860
-0.0183597039
-0.0372279137
0.0089654243
0.0077447626
-0.0164132193
-0.0012894707
-0.0096002975
0.0044644526
0.0133257024
-0.0122086694
-0.0142149907
0.0281119067
0.0248280093
-0.0083174380
0.0017607043
0.0007275875
0.0032483067
-0.0114711653
0.0051002936
0.0095006544
-0.0007039708
0.0070935581
0.0013895954
0.0039681722
0.0036833510
0.0015738780
-0.0102171982
0.0014586984
-0.0143713551
-0.0141429687
0.0039696060
0.0014402301
-0.0015132615
-0.0015997090
0.0038250883
0.0036983669
-0.0010758305
-0.0007281719
0.0014630421
0.0064002275
0.0017832858
-0.0000121186
0.0035871461
0.0011624980
-0.0023628292
0.0043522855
0.0034680893
0.0054110340
0.0012440827
-0.0009151315
-0.0019949479
0.0030489371
-0.0011999040
-0.0041558086
0.0038509127
-0.0009815855
-0.0017870952
-0.0019383006
-0.0019853381
0.0004170238
-0.0013409116
-0.0011990773
0.0039749439
0.0098263500
-0.0088312346
-0.0101679005
-0.0063301679
-0.0024499183
-0.0001777967
0.0022841992
-0.0013057747
-0.0073753460
0.0035301407
-0.0037919376
0.0050556120
0.0056561544
-0.0034739780
-0.0042132405
0.0035735576
-0.0030175578
-0.0254716482
0.0215978306
0.0001124066
-0.0051880488
0.0058676708
-0.0090155415
-0.0056563108
0.0023390686
-0.0048216167
-0.0200026333
0.0405817069
-0.0175644998
-0.0150796222
0.0009336018
-0.0082914485
-0.0037634049
0.0017807793
-0.0040866043
-0.0111319032
0.0108245062
-0.0127117680
-0.0006748643
0.0077458122
-0.0068022236
-0.0062625585
0.0009254993
-0.0010185214
-0.0058982675
0.0040599569
0.0006003069
-0.0007557845
0.0051005604
-0.0024574341
-0.0053198254
-0.0004216359
-0.0009043310
-0.0055632018
0.0012492208
0.0028818217
0.0071427394
0.0037222744
-0.0011533572
-0.0000176796
0.0012837435
0.0018319559
0.0007613039
-0.0024496724
-0.0060319989
-0.0014493524
0.0023967922
0.0023003984
0.0021308698
-0.0001311104
-0.0024294322
0.0010639264
0.0005521838
0.0012578651
0.0048525771
0.0006435117
0.0009654074
-0.0002747737
0.0021590067
0.0027388316
-0.0003649297
-0.0042041172
-0.0073392112
-0.0017884602
0.0038244978
-0.0021202068
-0.0061664670
-0.0049523502
0.0021921550
0.0063203829
-0.0042901239
-0.0227581151
0.0246805456
-0.0154134762
0.0003497916
-0.0019205352
-0.0041775964
0.0020002755
0.0022437712
-0.0136171412
-0.0296041071
0.0772196725
-0.0294006336
-0.0045688888
-0.0068090027
-0.0046751029
0.0033582388
0.0059820674
0.0036633445
-0.0296825878
-0.0226435941
-0.0079113524
-0.0041376813
-0.0067767589
0.0000109861
0.0001764660
0.0002220470
0.0071566412
-0.0048903790
0.0144818760
0.0070947581
-0.0035670425
-0.0037142194
-0.0032960081
-0.0013646036
-0.0100961560
-0.0061025671
-0.0134945167
-0.0003388762
0.0061910236
-0.0017681392
-0.0040502865
-0.0027027288
0.0022346850
-0.0016055108
-0.0005524203
-0.0042761993
0.0081891501
0.0026832472
-0.0015381360
-0.0031673922
-0.0018384319
-0.0024353862
-0.0026820414
-0.0021211794
-0.0030057011
-0.0034547283
0.0021362081
-0.0029946065
-0.0009027679
-0.0003283839
0.0007891587
0.0030804372
-0.0002071905
-0.0023288161
0.0009917076
0.0086859772
-0.0009322039
-0.0014451856
-0.0003477563
0.0018023400
0.0055685621
0.0067847655
0.0129522001
0.0175965335
0.0158484261
0.0020001307
0.0029496590
-0.0003146878
-0.0001782557
0.0002663527
-0.0092849350
-0.0095290719
-0.0048014242
-0.0020974842
-0.0049408367
0.0002424528
0.0008221981
-0.0026402357
-0.0055922936
-0.0040975991
-0.0235619079
-0.0349284969
-0.0065541640
-0.0012517452
0.0017728702
0.0030931793
0.0012225090
-0.0025110086
0.0091514988
0.0313893370
0.0228939317
0.0115359183
0.0020308816
0.0009266004
0.0014741542
0.0021647082
0.0009825210
-0.0055604032
-0.0011265903
0.0073599452
0.0102964602
0.0099670254
0.0031739767
0.0005793198
0.0002878444
-0.0018270215
-0.0052989451
-0.0116704861
-0.0165799167
-0.0124685625
-0.0060223565
-0.0040944880
0.0008667375
0.0000330818
0.0002639719
-0.0000145360
-0.0031452605
0.0021091213
-0.0005338900
-0.0043280246
-0.0048504127
-0.0022760595
0.0015733155
0.0046127038
0.0044412692
0.0020862310
0.0035711366
-0.0069334223
-0.0028556162
0.0044865436
-0.0001187367
0.0026110515
0.0009621065
-0.0009994016
-0.0080441330
-0.0090426756
-0.0007358484
0.0073777004
0.0012556608
0.0058173933
0.0010176696
-0.0062955651
-0.0176874362
-0.0206259061
0.0079028569
0.0174531229
0.0012058880
-0.0046968353
0.0039789900
-0.0010044998
0.0019110152
0.0301955584
0.0457335599
0.0066283490
-0.0170637704
-0.0059060748
0.0018174485
-0.0026800127
-0.0018293582
0.0058152950
-0.0053890627
-0.0539211370
-0.0525193475
-0.0217671674
-0.0084839929
-0.0052108178
0.0011913392
0.0031310522
-0.0081878295
-0.0068495413
0.0078676008
0.0534507111
0.0301743094
0.0005036538
-0.0013042619
0.0032155840
0.0022388422
-0.0013711627
0.0142869726
0.0137975784
0.0052134530
0.0001743133
0.0083719809
0.0024081594
-0.0007520489
-0.0013520691
-0.0017383029
-0.0161966030
-0.0361070596
-0.0304535553
-0.0173798464
0.0017935452
0.0014146472
-0.0013419263
0.0003129738
-0.0040416857
-0.0069534257
-0.0086612767
0.0006818116
0.0010567638
0.0001665861
-0.0047475207
-0.0015357633
-0.0047805500
-0.0038928217
-0.0012583676
-0.0060447990
-0.0007643338
-0.0003074742
-0.0005166873
-0.0026251550
0.0044369525
-0.0054974835
0.0012059117
0.0029661844
-0.0126086269
0.0061954856
0.0007425763
-0.0025617594
0.0004604532
0.0025257841
-0.0080726128
0.0083624478
0.0143880658
-0.0286338460
0.0019879278
-0.0048036934
-0.0078988066
0.0008985057
0.0050017228
-0.0025110159
-0.0169785246
0.0093781538
-0.0086432332
-0.0038448726
0.0047180704
-0.0005316006
0.0000589550
0.0008741041
0.0003888031
-0.0168993641
0.0173696484
0.0370696969
-0.0153790247
0.0084958430
0.0062495884
0.0003075420
0.0001940636
0.0018595398
0.0089892466
-0.0144845881
0.0305144265
-0.0312371515
-0.0051492206
0.0010837383
-0.0015671818
-0.0050256834
0.0002149210
0.0214424208
-0.0237873308
-0.0010689828
-0.0145255448
-0.0115574254
-0.0006571838
0.0014211646
-0.0009894148
-0.0032951934
0.0124049755
-0.0066287979
-0.0000016437
0.0148450416
-0.0048928754
-0.0016165182
0.0045767683
-0.0039139497
-0.0068045943
0.0007524031
-0.0052318126
-0.0054957592
0.0107675111
0.0011387406
-0.0070112860
0.0038121031
0.0029987262
0.0006147654
-0.0003078585
-0.0011036891
-0.0015207648
0.0004781833
0.0027408514
0.0025838332
0.0022753258
0.0003221176
0.0000772228
-0.0000391523
0.0023925339
-0.0010337102
0.0008521462
0.0021294283
-0.0021540006
0.0004025345
0.0019434360
-0.0013843096
-0.0018140372
0.0032790133
0.0031004371
0.0024703485
0.0060968245
-0.0041800765
-0.0019161548
-0.0016750797
-0.0015161387
-0.0020300024
-0.0066165389
-0.0045850482
-0.0006600531
-0.0024465087
-0.0002842568
0.0013875873
-0.0081993314
0.0016160164
-0.0012599799
-0.0123506701
0.0120546576
-0.0006002163
-0.0204679072
0.0005157298
-0.0023294808
-0.0081694303
0.0004729473
0.0097652618
-0.0028467423
-0.0028653049
0.0029660522
-0.0027920166
-0.0008399308
-0.0037561781
0.0039850129
-0.0018100588
-0.0071901088
0.0039069238
-0.0386697017
-0.0271164104
0.0073906360
-0.0146275591
-0.0045815418
0.0023854575
0.0019100065
-0.0086155832
0.0156887341
0.0079907468
0.0124188429
0.0121024745
-0.0079366788
-0.0016690985
-0.0037910214
0.0009073296
-0.0019223033
-0.0020989706
-0.0066060419
-0.0000003241
0.0004844314
0.0004312863
0.0031139604
-0.0050398745
-0.0039865649
-0.0019769780
-0.0023666711
-0.0091054840
0.0023618045
-0.0021907506
-0.0032629797
-0.0025488161
-0.0011765201
-0.0000906559
-0.0007383623
0.0018146812
-0.0079720607
-0.0004386866
0.0020192990
-0.0018134698
-0.0013083706
0.0018191609
0.0008438993
0.0024866785
0.0024593526
-0.0051768408
-0.0037287243
0.0015593517
-0.0044947620
0.0001510807
-0.0018726386
-0.0022736033
-0.0004156488
-0.0019286296
-0.0083795991
0.0152375493
0.0095350062
-0.0038630366
0.0027264063
0.0038894911
-0.0037551308
-0.0078309691
-0.0068920944
-0.0280182585
0.0333517566
0.0172302518
-0.0138114616
0.0075025153
0.0036259065
-0.0047399094
-0.0044883597
0.0352749825
-0.0099862013
-0.0117480354
0.0038808645
-0.0142925456
0.0009283025
0.0023494179
-0.0075765457
-0.0137016093
0.0267972443
0.0002325206
-0.0124499621
0.0045653973
-0.0081071500
-0.0010994861
-0.0027720102
-0.0018885517
-0.0110426433
-0.0021783675
-0.0062834555
0.0047640242
0.0118213007
-0.0014240645
0.0012854867
-0.0037198523
0.0006359580
-0.0013846866
0.0028971382
-0.0068779932
-0.0004477247
0.0011761631
-0.0005308978
-0.0001808339
-0.0005109378
-0.0009898465
0.0015474457
0.0015649380
0.0051610912
0.0023010138
0.0037413223
-0.0027041906
-0.0020319053
0.0028071157
-0.0016746788
0.0019191243
0.0014245898
-0.0083427159
-0.0057003950
0.0053586094
0.0004308551
0.0031083976
0.0020897263
-0.0017020977
0.0018994102
-0.0007437367
-0.0226203837
-0.0135041596
-0.0068366821
-0.0137136942
0.0047886586
0.0006282285
0.0044599948
0.0172378849
-0.0140371257
-0.0154168261
0.0540346727
0.0042733597
-0.0028405290
0.0161716454
0.0029382724
0.0015280723
0.0050317515
-0.0182472765
0.0033828754
0.0940138325
0.0100718699
-0.0163043737
0.0131016606
0.0011405984
0.0015096959
0.0124485670
-0.0014715560
-0.0333000645
-0.0189033579
-0.0147179924
-0.0133780148
0.0085268002
0.0100698574
0.0058938474
0.0103132781
0.0119149033
0.0290761944
0.0243949108
0.0107107740
0.0054996195
0.0094620185
0.0023395822
-0.0005232364
0.0053828461
-0.0023366120
-0.0016861616
-0.0059178774
0.0017687166
0.0045912927
0.0038588527
0.0001442901
-0.0028644353
0.0006817894
-0.0056987726
-0.0053394996
-0.0086013591
-0.0051295715
-0.0030450504
0.0015860661
-0.0010339002
-0.0020692337
0.0004131433
-0.0062176362
-0.0054876362
-0.0029411188
0.0011781367
0.0022010012
0.0055624414
0.0013743055
0.0002311293
0.0015382958
0.0010805024
0.0056684073
0.0030655456
-0.0035157569
-0.0017270686
0.0043299333
0.0056527844
-0.0004368057
0.0081172837
0.0151849091
0.0091237826
-0.0033544370
-0.0118706124
-0.0092178658
0.0033499191
0.0016187022
0.0007024894
0.0065712007
-0.0200204477
-0.0122409817
0.0102164317
0.0059660459
-0.0050777318
0.0033620081
-0.0047513121
-0.0015071190
-0.0008718636
-0.0003971282
0.0394299179
0.0307677686
0.0167407934
-0.0051720431
0.0020714707
0.0006339179
0.0021959250
0.0007075188
0.0091703553
-0.0021800536
-0.0284001492
-0.0093145315
-0.0075882738
0.0033776269
0.0021244935
-0.0006940787
-0.0039171721
-0.0035852671
-0.0059679183
-0.0127470018
-0.0023630753
-0.0037699677
0.0010801138
-0.0011948774
-0.0015028366
-0.0021390601
0.0031337086
0.0130662462
0.0252372045
0.0135546708
-0.0022387919
0.0024852986
-0.0020903083
-0.0012529553
-0.0007472500
0.0006452735
0.0001676164
0.0022910237
0.0006544867
-0.0025880218
0.0018391047
0.0051812590
0.0011605347
-0.0021885715
0.0020185276
0.0023716504
-0.0048085297
-0.0024226690
-0.0022158085
0.0033888628
-0.0000006738
-0.0010868468
-0.0028888597
-0.0030428686
-0.0003104749
-0.0016222514
0.0018844757
0.0040758764
0.0026582221
0.0001611716
-0.0031166945
-0.0027494766
-0.0034304827
-0.0029855254
-0.0004642119
0.0032747600
0.0002577111
-0.0031593968
0.0071664224
-0.0027056858
-0.0002331904
0.0027298552
0.0075186556
-0.0109079368
0.0020672479
0.0008326993
0.0028246199
0.0065095485
-0.0062287771
-0.0024642041
-0.0052346247
0.0197519306
-0.0057749683
0.0066512320
0.0053787534
0.0044716652
0.0054486459
-0.0030425403
-0.0082587283
0.0041568964
0.0275988355
-0.0131099271
0.0020124118
0.0030574498
0.0021885727
0.0035325142
-0.0012787477
-0.0063200332
-0.0030231513
0.0080884807
-0.0093902461
0.0067557343
0.0060126907
0.0047343350
-0.0001592130
-0.0018570183
-0.0014649796
-0.0003387850
0.0177304912
-0.0069155316
0.0002979928
0.0024383885
0.0020136125
-0.0033140643
-0.0004763542
-0.0008454279
-0.0051631392
0.0058746650
-0.0051316754
-0.0014238026
0.0003247721
-0.0001128009
-0.0021803991
-0.0005448458
0.0025024984
0.0037904950
0.0047860779
0.0006908632
-0.0033017776
0.0017066556
-0.0006615863
-0.0001464422
-0.0006449815
-0.0007386978
-0.0016453147
-0.0010231255
0.0005230652
0.0006729942
0.0003252004
0.0007935509
-0.0011910551
-0.0004492812
-0.0036834679
-0.0050389166
-0.0117276991
-0.0009858714
-0.0026559304
-0.0022443172
0.0032840362
-0.0017625910
0.0007675252
-0.0006643541
0.0055299741
0.0037543236
-0.0098783933
-0.0077868514
0.0070698131
0.0035589021
0.0061184890
0.0039910791
0.0037503354
0.0293193981
0.0457688756
0.0220495909
0.0049178437
0.0051153977
0.0030733140
-0.0032706610
-0.0041820137
-0.0017644711
-0.0288015883
-0.0373185053
-0.0348007046
-0.0054291352
-0.0044830311
-0.0020434198
-0.0007808845
0.0036283466
0.0133637916
0.0037761517
0.0086660264
-0.0036397711
0.0107600978
0.0084212432
0.0052450215
-0.0018893987
-0.0036290972
-0.0037700976
0.0005416080
-0.0013681183
0.0024770258
0.0029007846
-0.0009822701
0.0015045690
-0.0009593793
-0.0028347846
-0.0033238370
-0.0038615158
0.0001658697
0.0071626683
0.0023714521
-0.0005981486
-0.0021947876
-0.0007319599
0.0015133952
0.0042735906
-0.0035297265
0.0046651508
0.0019144665
0.0004236524
-0.0043185581
-0.0040859897
0.0023532272
-0.0008723398
0.0020044700
-0.0036073383
0.0031597649
0.0011956727
0.0072156144
-0.0027967528
-0.0058887904
0.0064070630
-0.0025232823
-0.0016920458
-0.0011463818
0.0021874409
-0.0030822170
0.0226238109
-0.0039182636
-0.0050733364
0.0049453331
-0.0028872427
-0.0039752205
0.0100077959
-0.0069289301
-0.0071179895
0.0211672410
-0.0300417021
-0.0087018283
0.0009213071
-0.0035293840
0.0027282126
0.0092049474
-0.0409630649
0.0113540115
0.0256040767
-0.0267312266
-0.0023420756
-0.0001173713
-0.0045547178
0.0123126181
0.0082607130
-0.0368957482
0.0414009541
-0.0001512978
-0.0133669283
0.0009178378
-0.0051921224
-0.0053483401
0.0181648470
-0.0043183058
-0.0100278268
0.0266855992
-0.0105807977
-0.0038070506
0.0001330562
-0.0072160508
0.0028368372
0.0138926702
-0.0176911391
-0.0052497769
0.0081251124
-0.0003387957
-0.0060877218
-0.0029824164
-0.0064190654
0.0026818716
0.0076727946
-0.0105706286
-0.0028291142
0.0022063248
0.0019594370
-0.0054226867
0.0010117054
-0.0007423100
0.0004830247
-0.0036322214
0.0010598095
-0.0050455020
-0.0095848758
0.0046600993
0.0069385883
0.0034059321
0.0026162763
0.0014420631
-0.0047378810
0.0022668636
0.0042011202
-0.0035299389
-0.0016441850
0.0018223154
0.0045550200
0.0056083417
0.0028601061
-0.0056993170
0.0076980027
0.0205787607
0.0001852160
-0.0065891049
-0.0044740280
0.0016880484
0.0034532647
0.0002629733
-0.0023727419
0.0066729560
-0.0008707635
-0.0263791271
0.0010995140
0.0062274872
0.0036179267
-0.0025349774
0.0022895352
0.0154819926
0.0096930899
-0.0517199710
-0.0248270668
0.0151060196
-0.0078612668
0.0026309371
-0.0078403363
0.0045149522
0.0173740387
-0.0116572231
-0.0274615549
0.0564370900
0.0072698272
-0.0212604869
0.0019540391
-0.0068315100
0.0083766924
0.0186490864
-0.0134096490
-0.0125120524
0.0180034507
0.0005770123
-0.0020950176
0.0047813859
-0.0048233485
0.0027988881
0.0048920852
-0.0030388827
-0.0206237398
-0.0147045422
0.0008082065
0.0033027246
0.0046737487
0.0020570084
0.0019893863
0.0023936529
0.0032176906
-0.0070535378
-0.0010359780
0.0004415134
0.0015773347
0.0004711667
0.0023548496
-0.0002744014
-0.0008448752
-0.0003143686
0.0029748406
0.0013992675
0.0007387266
-0.0014232692
-0.0015218446
0.0007006107
-0.0008564742
-0.0016759181
0.0007673232
0.0007596381
-0.0037003914
0.0004541212
0.0007517390
-0.0014902997
0.0001323092
0.0015071466
-0.0012571006
-0.0048148399
0.0010202643
-0.0021675292
0.0030454781
0.0071857017
0.0019676664
0.0020153394
-0.0018053279
-0.0007185579
-0.0002971462
-0.0002674830
-0.0100589739
-0.0036223116
0.0036799200
0.0005187429
-0.0026935958
-0.0061146468
-0.0017023223
0.0123254154
0.0213293042
-0.0060787792
-0.0109063340
-0.0009884376
-0.0044948063
-0.0020076220
0.0026125347
0.0003608915
-0.0058326935
0.0080074789
0.0060851527
0.0040316149
0.0120674893
-0.0014467591
-0.0003271665
0.0002840632
-0.0057540601
-0.0023106837
-0.0093849599
-0.0242455006
-0.0163045544
0.0010989422
-0.0013812411
-0.0001286169
0.0005688261
0.0068696938
0.0075884918
0.0079766177
0.0168995354
0.0087182848
0.0003695153
0.0005392082
-0.0031932173
-0.0005571642
0.0029131989
-0.0048802858
-0.0087084509
-0.0049992641
-0.0005164210
0.0004472821
0.0007745302
-0.0039047890
0.0014253806
0.0004632840
-0.0020976397
-0.0037284528
0.0022211962
-0.0038949067
-0.0004692530
-0.0008295818
-0.0060446318
0.0024535556
0.0010977098
-0.0034969519
-0.0023401841
-0.0007402463
-0.0010418410
0.0028731709
-0.0028445914
-0.0111802490
0.0036516625
0.0135861570
-0.0015472403
0.0068531190
0.0070438362
0.0085663889
0.0083445432
-0.0015876674
-0.0070092329
0.0029764166
0.0139973452
-0.0044418825
-0.0015037885
0.0156062124
0.0034743026
-0.0020773031
-0.0025818774
-0.0045209047
-0.0021023655
0.0028174014
0.0060609905
-0.0134729957
0.0325471833
-0.0115728211
-0.0220152345
-0.0051198080
-0.0033412769
-0.0010539000
-0.0026625679
0.0032932367
-0.0383631550
0.0374635532
0.0041191000
-0.0114511885
0.0020292047
-0.0031151024
0.0002061038
0.0059127063
0.0046682032
-0.0204258692
0.0227930453
0.0109167118
-0.0064386902
0.0013846016
0.0019120550
-0.0004381166
0.0011561632
0.0011709002
-0.0003430291
-0.0014113554
-0.0030587213
-0.0014709516
-0.0059884842
0.0041212072
0.0020461276
-0.0008094267
0.0015202636
0.0016002461
0.0010328011
0.0005617585
0.0016626955
-0.0043587214
0.0058921045
-0.0021095236
-0.0043528429
0.0017372527
-0.0021117714
-0.0006886850
0.0060910764
0.0013933599
0.0030918822
0.0038798086
-0.0036263212
-0.0041993842
0.0079982625
0.0018199888
-0.0034663186
0.0043083024
-0.0005581709
0.0015749005
0.0030321488
-0.0042811614
-0.0024837141
0.0173195861
-0.0018828023
-0.0116492910
0.0015735324
0.0023693743
0.0050434582
0.0021119018
-0.0050519351
-0.0116428006
0.0082885865
0.0454902500
0.0199419484
0.0015806677
0.0084472122
0.0037110902
0.0080320360
-0.0031858583
-0.0285024550
0.0635222867
0.3159416020
0.1867008656
0.0084360829
0.0103922328
-0.0030345835
0.0053154300
-0.0013457591
-0.0162206572
0.0623824708
0.2454611808
0.1603419632
0.0237965640
-0.0003312220
0.0019750071
0.0011598226
0.0011367274
-0.0026703912
-0.0146711571
0.0104718013
0.0186931379
0.0067772144
-0.0025507663
0.0079851830
-0.0041984683
-0.0026887699
-0.0004891640
-0.0068957615
-0.0096317101
-0.0015889589
0.0030380897
-0.0057094907
-0.0024357841
-0.0002182025
0.0008908813
0.0030437675
0.0019366686
-0.0028965299
0.0010528554
0.0089423312
-0.0004225275
0.0002112999
-0.0017661353
-0.0007492523
-0.0023464863
-0.0040391553
-0.0098533900
-0.0021981637
-0.0057687173
0.0009195861
-0.0010410437
-0.0007279223
0.0005825961
-0.0015594931
0.0005479312
-0.0027153194
0.0002465753
-0.0053851893
0.0004163043
-0.0016100372
0.0002692906
0.0006087135
0.0008709502
0.0047608819
0.0020236792
0.0046394002
-0.0068011489
-0.0026116592
-0.0039662668
0.0005634587
-0.0006627649
-0.0044521405
-0.0061411029
-0.0175800025
0.0091334516
0.0068783429
-0.0004573671
-0.0011421072
-0.0024125930
0.0022255678
-0.0034526633
0.0101108095
-0.0212001465
-0.0235949792
0.0104142902
0.0064528603
0.0063913548
-0.0027420819
-0.0023748847
-0.0067521599
0.0190020520
0.0391598009
0.0005754118
-0.0023247178
0.0000372008
-0.0015836572
-0.0050769635
-0.0064930297
-0.0043305326
-0.0037708371
0.0046169991
-0.0023624795
-0.0055850567
0.0013387698
-0.0007318332
-0.0018312107
0.0027243106
0.0035176277
-0.0007155357
-0.0083737532
-0.0060855057
-0.0021923578
0.0019520386
-0.0006049188
-0.0031468524
-0.0003861779
0.0022881129
0.0010104246
-0.0002428216
-0.0005921626
-0.0032961082
0.0014040604
-0.0005993169
0.0005840846
0.0006658695
0.0002066621
0.0009178640
-0.0015204744
0.0027787639
0.0012506495
0.0000887960
0.0000350647
-0.0007294192
-0.0006466010
-0.0008987492
0.0000649663
-0.0025404480
-0.0032363646
-0.0029773489
0.0016015741
-0.0003936508
0.0018210617
-0.0019981449
-0.0054639503
-0.0056827674
-0.0130997952
-0.0123501904
-0.0075642373
-0.0005076359
-0.0040691849
0.0039729383
-0.0002411036
-0.0023282846
0.0052425233
0.0076226019
0.0076073054
0.0042331871
0.0015205527
-0.0001180429
0.0037515983
-0.0020977233
0.0003962065
0.0176462643
0.0273305457
0.0178848486
0.0116324751
0.0075778239
0.0045935023
0.0037016729
-0.0029360484
-0.0072621149
-0.0027930115
-0.0259116404
-0.0313129872
-0.0075442186
0.0037680718
-0.0002435356
-0.0039985562
-0.0015803480
-0.0023181352
-0.0085694287
-0.0081043663
-0.0031149506
-0.0115544908
-0.0021011382
-0.0003166701
-0.0020187502
0.0001826903
0.0059147864
0.0016760543
0.0118071865
0.0207500607
0.0104840472
0.0017937422
-0.0001845878
0.0012886229
-0.0013931893
0.0012130406
0.0035215449
-0.0013027125
-0.0049361102
-0.0012760710
0.0007494004
-0.0002633638
-0.0039565475
0.0022762872
0.0005153059
0.0013685230
0.0019110360
-0.0015891558
-0.0123963365
-0.0055467389
-0.0043570781
-0.0046137762
0.0041656317
0.0051553287
-0.0042574494
-0.0036153938
0.0006272346
-0.0073945150
0.0015198017
-0.0036617210
-0.0122534083
0.0065364009
0.0191893112
-0.0083807660
-0.0022754860
-0.0064773867
-0.0101289367
0.0096996902
-0.0035937428
-0.0062784650
0.0077865873
0.0226329807
0.0014519932
0.0456972681
0.0293543059
-0.0205107033
0.0004191202
-0.0018759852
-0.0059936163
0.0011286449
0.0234351810
0.0232342388
0.0858443752
0.1467260569
0.0323915668
-0.0021554818
-0.0028197526
-0.0066446313
-0.0039875661
-0.0011463263
0.0161233433
0.0887971818
0.1338924617
0.0146388886
-0.0072853900
-0.0118314801
-0.0064674849
-0.0044727772
-0.0038105701
-0.0042646579
-0.0016955909
0.0084251817
-0.0164044723
-0.0047830278
-0.0105016194
0.0032405450
0.0034665542
0.0020489495
0.0089380760
0.0119661596
-0.0028861808
-0.0102430563
0.0068601817
0.0011201714
-0.0003592527
-0.0000150702
-0.0002010887
0.0061516245
0.0052680653
-0.0075989808
-0.0102485670
0.0007282762
-0.0025310367
-0.0026370217
-0.0012801397
-0.0003741361
-0.0013245522
-0.0032898120
0.0018303543
0.0011176423
-0.0001310938
-0.0012339300
-0.0038121163
0.0023841534
0.0016185590
-0.0005890936
-0.0010652356
-0.0029772809
0.0010807293
-0.0057660770
-0.0036253321
-0.0028239433
-0.0025940037
0.0043861754
0.0007451453
0.0040575732
0.0142509313
0.0056363000
-0.0015790772
0.0012400480
-0.0012334425
-0.0026139906
-0.0017843792
-0.0003291275
-0.0219932701
-0.0218470041
0.0006991587
-0.0037372182
-0.0017268577
-0.0020108477
0.0005779009
0.0134018343
-0.0096999081
-0.0497558713
0.0205931589
-0.0152957272
-0.0053344783
0.0016363595
-0.0025182916
-0.0014623282
0.0012311283
-0.0027317298
-0.0387169868
0.0212260894
-0.0196380354
-0.0034734937
0.0015333471
-0.0064609721
-0.0041791550
-0.0070168977
0.0022036450
-0.0156298801
-0.0167374834
-0.0030217695
-0.0048261913
-0.0016115726
0.0015876150
0.0000694083
-0.0007928984
0.0052355789
0.0064354436
0.0087661240
0.0070514586
0.0004365170
-0.0013482488
-0.0014618697
-0.0033619953
-0.0007771635
0.0059052240
0.0071292100
-0.0009907288
-0.0042864140
-0.0015384856
-0.0016204915
0.0041423487
-0.0000723022
-0.0037152772
-0.0013449368
-0.0055962000
-0.0039936975
-0.0028894537
-0.0024437674
-0.0024808606
0.0025014244
-0.0028843374
-0.0060632303
0.0001975877
-0.0001713406
0.0015076168
-0.0006697018
0.0022142853
0.0017175991
0.0023414588
-0.0036717106
-0.0059561026
-0.0088450313
-0.0092425831
-0.0120290862
-0.0117920004
0.0059948144
0.0032656428
0.0032645641
-0.0017233943
0.0035291510
-0.0029352913
-0.0107769072
0.0163298734
-0.0012470629
-0.0021494459
-0.0005342558
-0.0011784177
-0.0020946946
0.0101205148
0.0091041662
-0.0282037016
-0.0243167616
0.0019449092
-0.0009632232
0.0085105738
-0.0004287740
-0.0047086943
0.0028181053
-0.0036841403
-0.0538316332
0.0571392849
-0.0053195548
-0.0100287143
0.0002445929
0.0018428774
-0.0000656109
0.0018906541
0.0059389994
-0.0279311277
0.0063085123
0.0047302097
0.0012304812
0.0055105952
0.0016042386
-0.0020816487
0.0012514230
-0.0019928284
-0.0073790252
0.0046565826
0.0005786867
-0.0035166037
-0.0001299694
0.0011593966
-0.0041184542
-0.0027675114
-0.0041736150
-0.0024894495
0.0026497042
0.0011873952
0.0034869562
0.0030356599
0.0021172441
-0.0015345654
-0.0031684467
0.0027581812
0.0015791823
-0.0024461269
0.0011847678
-0.0016201343
0.0028235638
0.0017309883
-0.0005323684
-0.0010924496
0.0046469565
-0.0031490708
-0.0021378375
0.0024918274
-0.0016033305
0.0022610649
-0.0007283256
-0.0002917287
-0.0013128561
0.0090106074
0.0028244576
-0.0051125390
-0.0007212919
-0.0051485663
-0.0025901708
0.0008392737
0.0012847526
-0.0080525549
0.0102939345
0.0184838641
-0.0085567180
0.0093007162
0.0013633322
0.0019369497
0.0025909990
0.0024674796
-0.0147379730
0.0163178500
0.0213649739
-0.0285709631
0.0076600332
0.0075111794
0.0079445997
0.0016968927
0.0018330367
-0.0079055298
0.0139080994
0.0412142128
-0.0222285893
0.0100997575
0.0137151768
0.0076764598
0.0037881609
0.0011934481
-0.0072277193
0.0005769766
0.0244133919
-0.0167116001
-0.0001802368
0.0075057601
0.0024450927
0.0003690487
0.0003691224
-0.0028590860
0.0039730370
0.0106356591
-0.0083154282
-0.0034223211
-0.0003124434
0.0039733662
-0.0004287204
0.0008697094
-0.0002719807
-0.0004140123
-0.0018341352
-0.0105680637
-0.0041368161
-0.0045990949
0.0005319145
-0.0032840995
-0.0013159778
-0.0014178026
-0.0019448245
-0.0037859417
-0.0062534483
-0.0029099991
-0.0039296085
-0.0045723948
-0.0000420145
0.0021596854
0.0013550147
0.0001781371
0.0052831662
0.0028799383
0.0037325483
0.0031312387
-0.0006210069
0.0009183704
0.0009853271
0.0011991325
0.0069424161
0.0116797425
0.0048795296
0.0028298052
-0.0003481548
-0.0009638172
0.0005826164
-0.0010051394
0.0010642109
-0.0036925897
-0.0117668929
-0.0154556762
-0.0084400605
-0.0043261452
-0.0036804141
-0.0016700467
0.0033986778
0.0135513479
-0.0140639348
-0.0266545564
0.0019279767
-0.0069460021
-0.0168479159
-0.0028471916
-0.0050027361
0.0038277421
0.0153187495
-0.0104873246
-0.0025406419
0.0430079475
0.0277849305
-0.0021786022
0.0029144483
-0.0008987602
0.0042360625
0.0029448145
-0.0060314033
0.0050319908
-0.0052239555
-0.0030395184
0.0044928049
-0.0001446675
-0.0034335866
0.0004824498
-0.0014754857
-0.0012405247
0.0029241571
-0.0203877203
-0.0188168138
0.0032140953
0.0019307481
0.0013944561
0.0013010316
-0.0032715043
-0.0009708171
0.0081614368
0.0042605703
0.0021186897
0.0040617515
-0.0009743320
