-0.0006385281
-0.0008085131
0.0014248732
-0.0008559016
-0.0038075449
-0.0064288694
-0.0056790980
-0.0073045460
0.0004360521
0.0006601890
-0.0013667612
-0.0017141195
-0.0009882427
-0.0023332858
-0.0020573393
0.0070641465
0.0021027126
0.0041947910
0.0027791644
0.0041654925
-0.0001828555
-0.0001306605
0.0137192234
0.0192146264
0.0225750804
0.0038555448
0.0064891190
-0.0004987981
0.0001085767
0.0010469208
0.0092860190
0.0118480464
-0.0030534440
-0.0078821369
-0.0084733004
0.0050918879
-0.0030285472
-0.0038559828
-0.0045104921
-0.0239654072
-0.0658019260
-0.0530845411
-0.0034505995
-0.0100201136
-0.0048639788
0.0044851848
0.0048390548
0.0022149889
0.0161407329
0.0602639206
0.0626160800
0.0271143094
0.0021020831
0.0049896538
-0.0009577502
-0.0014312515
0.0026020154
0.0165125057
0.0186013207
-0.0116027044
-0.0160838049
-0.0048560072
0.0018790576
-0.0009180211
0.0018121605
-0.0046820496
-0.0217271112
-0.0222342256
-0.0134883085
-0.0011055630
0.0067385281
0.0035296625
0.0030118218
-0.0021785912
-0.0048787342
-0.0004439589
0.0034162661
-0.0017378854
0.0004240146
0.0024678688
-0.0000324036
0.0017239078
0.0031746349
0.0031990488
0.0045853299
0.0087091066
0.0084254481
-0.0009958816
-0.0028148391
0.0001981183
-0.0017427074
-0.0013056668
-0.0011919474
-0.0035649945
-0.0058226227
-0.0027838587
-0.0030766584
-0.0014844958
-0.0024726507
-0.0048759589
0.0035148549
0.0033859585
-0.0105423639
-0.0197415762
-0.0161410198
-0.0029820465
0.0015139051
-0.0022137277
-0.0054541538
0.0066091428
0.0139945932
0.0007525643
0.0184313674
0.0121107046
-0.0004865115
-0.0010160683
-0.0021372761
-0.0071337088
0.0045968397
0.0174225736
-0.0044661667
0.0155999865
0.0647257119
0.0089475270
-0.0129882116
-0.0012067866
-0.0022282747
0.0018518119
0.0056166728
-0.0081268148
-0.0577977970
-0.0288053900
0.0022866796
-0.0041776882
-0.0001621670
0.0057423091
0.0023248380
-0.0058948807
0.0129321199
0.0135213295
-0.0193937849
-0.0058525321
0.0011342678
-0.0014095027
0.0043770587
-0.0042480570
-0.0128768515
0.0013400627
0.0173871536
0.0149791893
0.0078092627
0.0035555721
-0.0021892742
0.0012223244
0.0010348043
-0.0032734913
-0.0011208694
-0.0065577929
-0.0006551140
0.0009719147
0.0011291682
-0.0010036149
0.0020721890
0.0005613712
0.0025338628
-0.0008265714
0.0020994947
0.0025273487
0.0026916221
-0.0040607215
-0.0007221190
0.0011428025
-0.0006258984
-0.0015257837
-0.0036556243
-0.0020989894
-0.0012152359
0.0000469984
0.0022833238
0.0011420472
0.0030714404
-0.0005819711
-0.0097721824
-0.0149959065
-0.0159206539
-0.0033095416
0.0064457743
0.0062000845
0.0021645427
0.0038825672
0.0010332953
0.0000455310
0.0053242189
0.0235631131
0.0160721131
-0.0069626444
0.0063087391
0.0039278022
0.0052934638
-0.0007016790
-0.0104201548
0.0219703168
0.0668326244
-0.0020300464
-0.0218392573
0.0019808260
-0.0037304049
0.0039150878
-0.0022048526
-0.0129662007
-0.0020400702
-0.0022017104
-0.0307472330
0.0075010490
0.0159563683
0.0041426681
-0.0001199989
0.0000945924
0.0025092354
-0.0001614375
0.0014488101
-0.0002874834
0.0082187876
0.0090776086
0.0056449450
-0.0014552689
0.0037352014
0.0011916475
0.0046827081
0.0161157921
-0.0035565132
-0.0137542076
-0.0097399708
-0.0037453019
0.0022984352
0.0011021215
-0.0013639965
0.0020744484
0.0018812041
-0.0034533213
0.0033352636
0.0006881801
0.0013906093
0.0023745750
-0.0002713483
0.0004436719
0.0008120944
0.0063948389
0.0008161580
0.0019350798
-0.0005380646
-0.0025986289
0.0020741185
-0.0019186785
-0.0017225940
-0.0030144525
0.0024940295
-0.0006794884
0.0006701156
-0.0030952259
-0.0039692069
0.0014490884
-0.0032343543
-0.0036174478
-0.0084066819
-0.0227174405
-0.0190249663
-0.0083806356
-0.0030821266
0.0023469769
0.0018966709
0.0025142406
0.0101264212
0.0037449603
0.0272470284
0.0066841445
0.0002372299
0.0082712583
0.0024695771
0.0019225728
-0.0001969050
0.0072187339
-0.0266787801
0.0035939589
-0.0228627454
-0.0081398282
0.0057682418
0.0035766046
0.0034512021
0.0019575974
0.0069920798
-0.0016105539
-0.0106090512
-0.0020215111
0.0077415956
-0.0041572778
0.0007333203
0.0006291096
0.0006473251
0.0041766427
-0.0105680935
0.0059048962
0.0042613572
-0.0066502593
-0.0014657163
-0.0004566211
0.0010366471
0.0004944136
0.0035434726
-0.0009749380
0.0128594246
0.0033111761
-0.0007042625
-0.0004186565
0.0034996045
0.0038122863
-0.0000234276
0.0001861331
-0.0021208557
0.0072105220
-0.0013688549
0.0015879327
0.0002654515
0.0016020889
-0.0030143526
-0.0015283090
0.0003451181
0.0014220212
-0.0001664518
-0.0031450111
-0.0009627694
-0.0023277274
0.0001404452
0.0013110422
0.0006797203
-0.0010629026
0.0002121855
0.0014523444
0.0027675477
0.0020874797
0.0031235772
0.0032191942
0.0015518275
-0.0012498815
-0.0071836924
-0.0040017408
0.0015751325
-0.0001669497
-0.0011357198
0.0013879482
0.0012320842
-0.0002977047
-0.0016566307
-0.0048048873
0.0066825091
-0.0141338138
-0.0070857769
0.0014938210
-0.0035019093
-0.0014235792
-0.0016644157
-0.0028085778
0.0010459897
-0.0053645940
0.0101219043
0.0103978775
-0.0007134206
0.0011999835
-0.0037608284
-0.0026791007
0.0004072654
0.0057414942
-0.0041643251
-0.0179385003
-0.0095760906
-0.0036992454
0.0035267016
0.0038628958
-0.0027644939
0.0013718884
0.0036805342
0.0009065919
-0.0015724285
0.0000394045
-0.0061820974
0.0044326633
0.0049726693
-0.0036078470
0.0006066014
0.0013291836
-0.0048967609
-0.0011360842
0.0083553940
-0.0037240458
-0.0001296372
0.0003881015
-0.0017949822
0.0002794731
-0.0005163396
0.0013329437
-0.0058605308
-0.0018215697
-0.0011759045
-0.0004063513
0.0007337169
-0.0020405012
-0.0007520019
0.0026070860
0.0036862441
0.0029407141
-0.0023074395
-0.0047077262
0.0017379547
0.0014937221
-0.0000247474
0.0010091169
0.0006852892
-0.0006575730
0.0037449838
0.0033979400
-0.0035810131
-0.0025205247
-0.0022440420
0.0018815193
-0.0025014363
0.0023286000
-0.0088703223
-0.0092640622
0.0045161326
0.0055301641
0.0015847135
-0.0011432254
0.0006816564
-0.0039630472
-0.0060350280
0.0069918400
-0.0038305661
-0.0044814199
0.0006577639
-0.0003020265
-0.0030549127
-0.0004133769
-0.0026052420
-0.0004349013
0.0064626276
0.0184114520
0.0074581127
-0.0003825479
-0.0046238923
-0.0050709243
0.0035809977
0.0016935960
0.0092098992
-0.0324391536
-0.0506264120
0.0246377569
0.0153102688
-0.0059362822
-0.0016341868
0.0014994070
-0.0076039811
0.0104544722
0.0028930935
-0.0227110609
0.0090115350
0.0022007702
-0.0072157276
0.0002086073
0.0058709057
-0.0012441799
-0.0023397394
-0.0030193974
0.0150455208
0.0114081558
-0.0016603171
-0.0069993678
-0.0031847516
0.0002207351
-0.0022232949
-0.0040177382
-0.0090431692
0.0020888676
0.0005001865
-0.0019255670
-0.0038013784
-0.0029162487
-0.0026713489
0.0003138567
0.0005503077
-0.0020179576
0.0014411065
-0.0013575245
0.0013865447
-0.0015586712
0.0032430438
0.0000197972
0.0016173336
0.0002538750
-0.0076119723
-0.0031907631
-0.0033021197
-0.0013380825
-0.0002492803
0.0013433518
-0.0012117046
0.0042978683
0.0025139626
-0.0048689521
-0.0006976634
-0.0116815781
0.0009266704
0.0000806642
-0.0019947835
-0.0005245702
0.0009390047
0.0008180814
-0.0103787947
-0.0161618069
-0.0047324500
0.0136613380
-0.0071487366
-0.0060810163
-0.0055930666
-0.0010612503
0.0022460420
-0.0172626544
0.0336720049
-0.0281720385
0.0218689721
-0.0003905678
-0.0037202502
0.0007817949
0.0033584493
0.0038638983
-0.0036893117
0.0617629737
-0.0112531194
0.0096905297
-0.0030627428
-0.0058918702
0.0006942786
0.0021345692
0.0048893443
-0.0094609139
-0.0120999683
-0.0095314607
-0.0010643002
-0.0036494436
-0.0065179286
-0.0002184347
0.0033268002
0.0074042617
-0.0016726719
0.0143587468
-0.0032305771
0.0032299783
0.0054097958
-0.0010549247
0.0006211787
0.0027778689
0.0054159481
-0.0047975187
-0.0000076899
-0.0045296871
-0.0032395830
-0.0024766785
0.0021798012
0.0023540682
-0.0005283480
-0.0019978648
-0.0008529094
0.0000813028
-0.0002953034
-0.0011519491
-0.0041418187
-0.0002707735
0.0017459053
-0.0006548286
0.0023040739
0.0033774113
-0.0043535493
-0.0033987784
0.0043288539
-0.0019321893
-0.0005729436
-0.0032034721
-0.0008358205
-0.0036405609
-0.0035082069
-0.0144981751
-0.0059923101
0.0040699611
0.0030962564
0.0006121523
0.0000052548
-0.0024741478
-0.0113448845
0.0109979045
0.0309816562
-0.0178320371
-0.0139163630
0.0084326919
0.0058871568
0.0042279232
-0.0033593720
-0.0087916898
0.0380961969
0.0300373081
-0.0309337527
-0.0118163172
-0.0024130514
0.0014687416
0.0011463097
-0.0054035960
-0.0012702458
-0.0092789084
-0.0382600538
0.0156875532
0.0214957893
-0.0120141516
0.0000526882
-0.0007428789
-0.0020749704
0.0012121899
-0.0127683263
-0.0225068722
0.0234977063
0.0038389643
-0.0098666791
0.0047826911
0.0003482642
-0.0011663560
0.0064565260
0.0142712910
-0.0033993835
0.0035951897
-0.0044108150
-0.0003571072
0.0053507858
-0.0011124132
-0.0018298499
0.0059867692
0.0051697847
-0.0058346507
-0.0022460553
-0.0009686829
0.0011394586
0.0005488257
-0.0003735283
-0.0017661067
-0.0005445307
-0.0022849438
-0.0087077543
0.0008755937
-0.0010637854
-0.0005218863
0.0032101860
0.0006338790
0.0003034092
0.0007817666
-0.0033945038
-0.0090085939
0.0089604864
0.0034963649
-0.0028311261
0.0017916653
0.0057666833
-0.0024266464
-0.0046415753
-0.0050726989
-0.0092787249
0.0003323119
0.0086958604
-0.0068321186
0.0001807427
0.0022331895
-0.0036167135
0.0018287332
0.0104882345
-0.0324500315
0.0188366938
0.0215310100
-0.0229799189
-0.0019279148
-0.0032655289
-0.0038012050
0.0181058515
-0.0062966468
-0.0678543374
0.0700641423
0.0169933382
-0.0202015117
-0.0010905152
0.0022675772
0.0024743229
0.0128154820
-0.0269224923
-0.0038640779
0.0181031320
-0.0136155309
-0.0022905313
0.0008875965
0.0010633948
0.0018717340
-0.0077773985
-0.0051088450
0.0295877848
-0.0143731516
-0.0044763763
0.0037898365
-0.0037808744
0.0017292214
-0.0034468684
-0.0075072809
0.0073236474
0.0054361662
-0.0005240845
0.0054682246
0.0055549145
-0.0016685271
0.0022574733
-0.0022300030
0.0008439833
0.0021607806
-0.0030868270
-0.0009855147
-0.0001152408
0.0000324974
0.0011008905
0.0002648119
-0.0010488550
-0.0050981571
-0.0053303102
0.0016597231
0.0055875569
0.0077414145
0.0044271993
0.0003202753
0.0004303314
-0.0005508026
0.0022384436
0.0032688754
0.0030960143
0.0032504809
-0.0026631854
-0.0053273663
-0.0006244099
-0.0049781231
0.0007527563
0.0105971564
0.0024529970
-0.0119207213
-0.0130546950
-0.0086010797
-0.0034651645
0.0005384798
-0.0049658022
0.0022025264
0.0016894162
-0.0214796551
-0.0226961151
0.0091153886
0.0086937388
-0.0027239209
0.0018744968
0.0015884239
0.0004524230
-0.0082481485
0.0036749616
0.0615143031
0.0601289757
0.0139370915
0.0028913019
0.0056025027
0.0005034081
-0.0033315525
0.0031315458
0.0108322762
-0.0219049919
-0.0662668422
-0.0268228278
0.0087656071
0.0041699456
0.0007246498
-0.0023192116
-0.0051646344
-0.0202862807
-0.0245226119
0.0120629650
0.0172277652
0.0027469737
0.0025505617
0.0005588994
-0.0006921329
0.0023055130
0.0154391378
0.0280974526
0.0169945434
-0.0058236071
-0.0106105208
-0.0015651394
-0.0014328752
-0.0003242464
0.0027265085
0.0060855434
0.0046372279
-0.0073815249
-0.0069008651
-0.0014971092
0.0025286390
0.0005737821
-0.0005107574
-0.0010106623
0.0018707940
-0.0013253893
-0.0041991551
0.0028095890
0.0014937806
0.0005070620
-0.0011958783
0.0000392798
-0.0018195406
0.0005249264
0.0028496250
0.0016650402
0.0000956231
0.0016005205
0.0013615992
0.0011257043
-0.0004266629
-0.0079201404
0.0006329272
0.0158701148
0.0137134036
0.0043132431
0.0023647291
0.0005453530
-0.0003173912
-0.0023106320
-0.0103119146
0.0020053543
0.0085982122
-0.0252844989
-0.0053790757
0.0069009885
-0.0012383353
0.0023682988
-0.0043786177
-0.0208087005
0.0013334644
0.0182148721
-0.0467225239
-0.0260208268
0.0112450123
-0.0055250064
-0.0013204471
-0.0000501780
-0.0082127498
-0.0043722810
0.0222442318
-0.0017711726
-0.0035702065
0.0185686368
-0.0005852400
-0.0037263820
0.0023012606
-0.0000995402
-0.0019156552
0.0090014460
-0.0038480556
-0.0073033152
0.0089819105
0.0004224637
-0.0031081322
0.0027434279
0.0032619629
-0.0015501940
-0.0025257857
-0.0096337330
-0.0088092033
-0.0033075979
-0.0023810945
-0.0003669074
0.0024579675
0.0013126108
-0.0015820100
0.0061479034
-0.0009913265
-0.0001219155
0.0032854844
0.0016585853
0.0028787376
-0.0000914276
-0.0006420524
0.0008840325
-0.0005379123
-0.0055298377
0.0005068405
-0.0017504895
0.0021180401
0.0025637571
0.0004271649
0.0010635208
0.0014299244
0.0040440285
0.0018706239
0.0014154676
0.0010771297
0.0030724788
0.0040646754
-0.0009624268
-0.0002411657
0.0024642013
0.0076387078
-0.0020539123
-0.0028248027
-0.0025242062
-0.0006939459
0.0002379877
-0.0016507598
0.0018412413
0.0066423747
0.0032621224
-0.0058854297
0.0012918717
0.0012116890
-0.0006238798
0.0012464386
-0.0055799717
0.0006116912
-0.0348184407
-0.0541875251
-0.0149217099
-0.0001092629
-0.0006727281
-0.0058014048
0.0004796207
0.0042916373
-0.0068513649
0.0198977925
0.0503326505
-0.0219982285
0.0076339454
0.0047131879
0.0029842358
0.0001912476
0.0041204882
0.0036268351
-0.0056463685
-0.0124237146
-0.0161820203
-0.0000315527
0.0060519376
0.0013549230
0.0003093997
0.0000625545
-0.0013324901
-0.0101189008
-0.0024470298
-0.0014579149
-0.0027410672
0.0032282029
-0.0005061398
-0.0007999759
-0.0002082808
0.0005194084
-0.0024982605
0.0022940892
-0.0008264792
-0.0005175306
0.0011283283
0.0014441148
0.0010105436
0.0028290600
0.0023975151
-0.0031809984
-0.0044475445
0.0035353305
0.0021787535
-0.0013421150
-0.0029664701
0.0004142943
0.0024991524
0.0008477966
-0.0006031130
-0.0072201844
-0.0045903753
0.0037831524
0.0009564121
-0.0047546732
-0.0015238689
-0.0039989292
-0.0076183779
-0.0072086970
-0.0273713376
-0.0162643995
0.0020685182
-0.0067493841
-0.0046498007
0.0002668921
0.0021506120
0.0020111431
0.0038621286
0.0066595860
0.0031571984
-0.0063709579
0.0032978223
-0.0050562569
-0.0052992944
0.0047285296
0.0170827936
0.0059624575
0.0482144617
0.0261102654
-0.0432014614
-0.0004699740
-0.0174631216
0.0009612169
0.0003229337
0.0166245867
-0.0120614748
-0.0408465564
-0.0003784906
-0.0145375999
-0.0011301341
-0.0073230774
0.0045035426
-0.0040125488
0.0132129062
-0.0092155347
-0.0335575379
0.0026767040
0.0005591716
0.0007331755
0.0033992138
0.0000191475
-0.0012902791
0.0047957664
0.0068723559
0.0144400727
0.0186887067
-0.0000239209
-0.0039738230
-0.0007832401
0.0007174843
0.0007486842
-0.0036360011
-0.0039684456
-0.0181990601
-0.0083272140
0.0089000044
0.0031334504
-0.0015246433
0.0050516929
0.0045202076
0.0051875166
0.0017544300
-0.0044930875
-0.0035612374
-0.0015773692
0.0033547860
0.0041726031
0.0010772776
-0.0031825791
-0.0019252251
-0.0013216590
-0.0003939174
-0.0028882644
-0.0052383826
-0.0018817580
0.0000576792
0.0000217657
-0.0031619885
-0.0052790968
-0.0055729062
0.0038434761
0.0194729473
0.0070410413
-0.0091043152
-0.0025894141
0.0082517648
-0.0001730675
0.0034638359
0.0093442965
-0.0155188208
-0.0183182377
0.0164088141
-0.0004225523
-0.0028538860
0.0023755175
-0.0008679953
0.0009851364
0.0156998634
0.0170151908
-0.0542724282
-0.0219489839
0.0203862172
0.0038831853
0.0014390829
0.0001679474
-0.0025191591
-0.0234896764
0.0022679325
0.0443280973
-0.0041503594
0.0030915807
-0.0011555055
-0.0006394702
0.0011571691
0.0092389174
-0.0046867589
-0.0106073562
0.0182080884
0.0143688004
-0.0050690114
-0.0001944524
0.0021358668
-0.0010291522
0.0097625572
0.0073383907
0.0063905371
-0.0072715394
-0.0027076874
-0.0085949171
-0.0007152975
0.0018332364
-0.0023744879
0.0023943486
-0.0013558943
0.0013249441
-0.0012685591
-0.0009774262
-0.0057238205
0.0013945679
0.0012183069
0.0019561602
0.0016192186
0.0021878064
0.0020108910
0.0062508392
0.0043001892
0.0027778374
0.0008049349
-0.0003625438
-0.0019121066
-0.0018071833
0.0005608108
-0.0030856738
-0.0007228404
-0.0025029783
-0.0021550287
-0.0016089653
0.0001686449
0.0007992029
0.0044952375
0.0007563318
-0.0060972064
-0.0065545551
-0.0074509359
-0.0038770195
0.0001654226
-0.0000651055
0.0012203036
0.0018251472
0.0027016657
0.0089503834
0.0118073551
0.0052626161
0.0019354115
0.0031182969
0.0071746069
-0.0022801443
-0.0151200378
0.0007161016
0.0014788848
-0.0117178271
0.0032599273
0.0040515214
-0.0023067447
0.0064806063
-0.0018510255
-0.0126987090
0.0102334693
0.0053709438
-0.0402431488
-0.0249192622
0.0048318277
-0.0037083568
0.0042488296
0.0024730321
0.0046107108
0.0043779500
0.0113195591
-0.0013106555
-0.0028971222
0.0129240751
0.0007710989
0.0010724270
-0.0025303345
0.0032066805
-0.0041446132
0.0058871014
-0.0036833733
-0.0026576924
0.0108061731
-0.0010238306
0.0033198530
-0.0000165910
0.0058555128
0.0001054819
-0.0028594937
-0.0019668662
-0.0000043487
-0.0008805007
-0.0001577113
-0.0034260470
-0.0008422762
0.0060190582
0.0057289815
-0.0043565300
-0.0027993468
0.0026065703
0.0024267961
0.0017106404
-0.0001671315
0.0016284599
0.0039713499
-0.0024771122
0.0016394110
0.0033258863
0.0024300981
-0.0015838274
-0.0005664590
-0.0001594133
0.0034249534
0.0074553648
0.0063965237
0.0145997684
0.0067777345
-0.0002675580
-0.0027595218
0.0054473770
-0.0033804947
-0.0017587012
0.0160187297
-0.0008475707
-0.0090355314
-0.0052642473
-0.0007456358
-0.0017851170
0.0012451785
-0.0066309129
0.0038118043
0.0153492950
-0.0494047068
0.0063270736
0.0090205558
-0.0014567723
0.0119860629
0.0069652833
-0.0070557864
0.0064936411
0.0062231836
-0.0101488279
0.0380319729
-0.0106179379
-0.0204661954
0.0209624395
0.0051919604
0.0050286110
0.0036603443
0.0012371753
0.0088966833
0.0152770765
-0.0106762713
-0.0115584349
0.0107171992
-0.0029991004
0.0036024172
-0.0039907224
-0.0054734615
-0.0169314705
-0.0015140983
-0.0060705696
-0.0047633070
0.0048711626
0.0028890627
0.0023820077
-0.0001441101
0.0008943063
0.0010071570
0.0029112969
-0.0022723184
-0.0043391818
0.0002093580
0.0015243822
0.0008542588
0.0019800686
0.0003535929
0.0002450761
-0.0026874996
-0.0003042652
0.0011091179
0.0041680364
-0.0037390301
-0.0022444073
0.0024806773
-0.0011320050
0.0044584065
0.0061076749
-0.0007208919
-0.0033205841
0.0011773583
-0.0026519222
0.0017566262
0.0045970734
0.0049978844
0.0017367472
0.0098051559
0.0055380175
-0.0003971266
0.0126036014
-0.0037449759
0.0029562016
-0.0008144100
-0.0016442505
0.0027414947
0.0486057848
-0.0189075693
-0.0004648045
0.0087165767
-0.0004333193
0.0022053088
-0.0004630967
-0.0178320706
0.0552163385
0.1541894823
-0.0101541812
0.0000627912
0.0059660436
0.0026225951
-0.0025799326
-0.0037799659
-0.0066149100
-0.0262048990
-0.0037872354
-0.0114541138
-0.0095323855
0.0095303738
0.0011912647
-0.0034764647
0.0000576859
-0.0092724254
0.0038631591
0.0148538612
-0.0061383834
0.0032690202
0.0054325410
0.0029784127
0.0009879910
-0.0009440774
-0.0002178303
0.0053834990
-0.0074255234
-0.0050022993
-0.0036936605
-0.0037400916
0.0031157418
-0.0004023450
-0.0007580439
-0.0003921532
0.0015831839
0.0033879220
0.0028227931
-0.0001044731
0.0006303740
-0.0005365729
0.0003380468
0.0060423887
0.0038419350
0.0006519214
0.0021931396
-0.0039468054
0.0011917176
0.0014689955
0.0021063401
-0.0021343206
0.0010738255
-0.0001512355
-0.0008230015
0.0071130451
0.0005493313
0.0036202064
0.0009572226
0.0008997993
0.0022891068
-0.0050222371
-0.0097597763
-0.0097403806
0.0130419573
0.0161589477
0.0116375545
-0.0018698127
0.0001415945
0.0018371223
0.0031210186
0.0036844858
0.0016705747
0.0009680463
-0.0094387680
-0.0051388615
0.0040355143
0.0036933478
-0.0010450479
0.0062863198
-0.0025390347
0.0128958272
0.0154605350
-0.0370937884
-0.0164513029
0.0148954606
-0.0004548097
0.0001540250
0.0055226120
-0.0256261714
-0.0185553730
0.0483275466
-0.0065077208
0.0040292190
0.0109600797
-0.0004021387
-0.0027364593
0.0051498394
-0.0014847564
-0.0178202279
0.0099052032
-0.0037207559
0.0061312160
0.0086615076
0.0016441366
0.0033284556
0.0070009641
0.0079941032
0.0056107715
-0.0039274590
-0.0135967508
-0.0019411196
0.0045867506
-0.0000215003
0.0019193242
0.0040153400
0.0022263969
-0.0029980815
0.0012726634
-0.0032155269
-0.0013260135
0.0015414781
-0.0006700694
-0.0028289754
-0.0003835995
-0.0011987042
0.0038998865
0.0023740118
0.0057444493
-0.0045744572
-0.0000013672
-0.0037593783
-0.0003795769
-0.0002903932
-0.0039030011
0.0071045104
-0.0037030978
0.0044057998
-0.0035250308
0.0002000124
-0.0029857911
-0.0083975978
-0.0041906578
-0.0115057919
0.0192816537
0.0001326476
0.0066424012
-0.0011330646
-0.0016044518
0.0008015506
-0.0074666468
0.0001297155
-0.0067664953
-0.0047564046
0.0083349738
0.0025150077
-0.0120317861
0.0005698922
-0.0017497587
-0.0066783242
-0.0024348956
-0.0105945263
0.0265809670
0.0337497592
0.0108490763
-0.0163233969
0.0055907131
-0.0046220399
-0.0028331792
-0.0015018407
-0.0023123561
0.0540542081
0.0242435895
0.0107537853
-0.0162547361
0.0062842551
-0.0077332379
-0.0017982593
-0.0081695858
-0.0032128487
-0.0051658237
-0.0115046380
-0.0073058810
-0.0246341638
0.0009224172
-0.0073079243
0.0074403165
0.0011233409
-0.0110880043
0.0162331536
0.0044371844
0.0037384927
-0.0027009498
0.0006424841
-0.0008273452
0.0037656366
0.0002800405
-0.0049291733
0.0138218589
0.0031069741
0.0078359041
0.0015253078
0.0010136473
-0.0002984910
0.0030839464
0.0006414396
0.0030022655
0.0002389834
-0.0044131042
0.0028803733
0.0009374130
-0.0000352371
0.0020654802
0.0022729451
-0.0026569348
0.0003701910
0.0021163076
-0.0019428157
0.0013112002
0.0050766524
-0.0016294987
0.0018092938
0.0030432029
-0.0044423202
-0.0037725202
0.0034123557
0.0035875128
0.0065979636
0.0054165875
-0.0027120074
0.0066718566
0.0018469159
-0.0001598816
-0.0017826734
-0.0076606162
-0.0410559736
0.0080266921
-0.0001544025
-0.0049802894
0.0034236892
0.0051146690
0.0088926163
-0.0023968113
0.0126504786
-0.0379931219
-0.0018578040
0.0018842818
-0.0059665870
0.0031954157
0.0045833238
0.0004806954
-0.0111300061
-0.0021704838
-0.0320641622
-0.0014253344
0.0081009008
-0.0018498378
0.0056402311
0.0041105649
0.0003066405
-0.0067677316
0.0012715877
-0.0089791594
0.0058991439
0.0061383648
-0.0000025211
0.0029911865
0.0018099775
-0.0014726978
-0.0029052598
0.0069131479
0.0047293948
0.0040554679
0.0015774091
-0.0007888936
-0.0011832556
0.0019620312
-0.0023381191
-0.0020590194
0.0027138237
0.0001179053
0.0024296308
0.0024193819
-0.0008072312
-0.0009554929
0.0015290062
0.0009294128
0.0010698176
-0.0021743542
0.0009638080
0.0026423677
0.0008100455
0.0001904321
0.0021812231
-0.0010843213
0.0024591591
0.0038559255
-0.0012001632
-0.0006856656
0.0013586142
-0.0051549105
0.0017715724
-0.0004469258
-0.0028264495
0.0041989759
0.0091702389
-0.0042578136
-0.0122207170
0.0002788580
-0.0104164761
0.0019285284
-0.0025995113
-0.0042697578
-0.0006664713
0.0089728842
-0.0090030739
-0.0126867695
0.0298744179
-0.0163388606
0.0038950697
0.0030501722
-0.0069490992
0.0011367791
0.0189461280
-0.0159390755
0.0062967003
0.0246735755
-0.0370470956
0.0220526550
0.0042132195
0.0008892607
0.0065502278
-0.0011668515
-0.0135920849
0.0421535373
-0.0356926061
-0.0202340949
0.0320717879
-0.0008957788
0.0076938719
0.0021726415
-0.0107158395
0.0036009755
0.0142551037
-0.0291133486
0.0009398771
0.0092150159
-0.0021212129
0.0024845735
-0.0056775985
-0.0015250129
0.0017827228
0.0033602396
0.0031581386
-0.0063318936
0.0002716842
0.0044302903
-0.0015110060
-0.0012032356
0.0000246744
-0.0024171593
0.0020836913
-0.0020509269
-0.0063356590
0.0028350998
0.0027950783
0.0014268224
0.0008666609
-0.0027846426
-0.0004475474
0.0010355483
-0.0010663730
0.0034056974
0.0011336799
-0.0013390715
-0.0008378263
-0.0004006011
-0.0017004110
0.0040379423
0.0026313895
-0.0059905900
-0.0021009275
-0.0010173870
-0.0020462277
-0.0054933382
0.0006619153
0.0041385274
0.0045230715
-0.0033691903
-0.0014538190
-0.0077707623
0.0029941166
0.0015505991
-0.0046691033
0.0032089397
0.0010405567
-0.0143278800
0.0118517699
-0.0024768808
-0.0163452942
0.0194060523
0.0011052282
0.0059687616
0.0023672143
-0.0189446229
-0.0095141763
0.0613622032
-0.0447695479
-0.0049550305
0.0230600629
-0.0020545379
0.0077559017
-0.0020547265
-0.0234786738
0.0301277507
0.0331672020
-0.0578032322
0.0108151883
0.0017961399
-0.0062137041
0.0021525354
-0.0049503031
-0.0110482834
0.0193564650
-0.0067462074
-0.0087032206
0.0113558564
-0.0064418339
-0.0048502921
0.0008653945
0.0004203327
-0.0067163836
-0.0015280199
-0.0090491846
0.0064888410
0.0023217385
-0.0065357792
-0.0005544372
0.0006513172
0.0001740774
-0.0022978231
0.0038271344
-0.0035234818
0.0059993058
-0.0008899851
-0.0017711436
0.0004694933
0.0009161821
0.0013891605
0.0001728605
-0.0044679372
0.0032698289
-0.0007674615
-0.0058309818
0.0004476600
0.0004673640
-0.0012268556
0.0014421889
0.0032365145
-0.0017388568
0.0041006096
-0.0046892520
-0.0065995851
0.0051828860
0.0006998032
0.0014087828
0.0039454256
-0.0028972055
0.0018815496
0.0087367911
-0.0047428370
-0.0025631925
0.0079527767
0.0009928858
-0.0027107163
0.0033486790
-0.0029873676
-0.0095879203
-0.0002657518
0.0010281797
-0.0120660467
0.0030917656
0.0020150440
-0.0060510207
-0.0007137587
0.0003415099
-0.0412850864
-0.0139586274
0.0068637072
-0.0149807427
-0.0070134168
-0.0035173353
-0.0070432751
0.0007734073
0.0255930405
-0.0208608452
-0.0119152525
0.0169385411
-0.0062122773
-0.0005843295
-0.0005759380
-0.0004183126
0.0016818012
0.0120383697
-0.0109783644
-0.0019137652
0.0119133350
0.0025916251
0.0023670059
0.0014233487
-0.0052072303
-0.0031549037
-0.0036289261
-0.0130346445
-0.0063175252
0.0038887470
0.0028008777
-0.0078013483
-0.0056169764
-0.0048885015
0.0010010788
-0.0011574239
-0.0024106211
-0.0013820293
0.0019453570
0.0027533078
-0.0028657680
-0.0051103355
0.0038118167
-0.0004845577
-0.0042757774
-0.0051700557
-0.0007562768
0.0016044092
0.0007051890
-0.0010403064
-0.0005362276
-0.0017383075
0.0019939344
0.0026074604
0.0013332070
-0.0009216318
-0.0024860471
0.0005731412
0.0030535629
0.0024831325
-0.0015325429
0.0005742257
0.0096112946
0.0076488918
0.0028905245
-0.0018994109
-0.0018564258
0.0037414234
0.0064877714
0.0011071484
-0.0010188204
0.0001049557
-0.0094092069
-0.0131011177
0.0204705615
0.0028813905
-0.0080257785
0.0003039069
0.0064072311
0.0002269236
0.0000239741
0.0119725419
-0.0244512763
0.0031897558
0.0238537211
-0.0030000280
-0.0056879469
0.0038756670
-0.0032165376
-0.0153943375
0.0071021561
0.0380249023
-0.0330041535
-0.0099163782
0.0064304769
0.0009079391
-0.0001267219
0.0058508199
0.0048573562
-0.0128464475
0.0210044160
0.0157219935
-0.0095022302
0.0069568972
0.0022617388
-0.0053312983
-0.0005464937
0.0109817851
0.0026934636
-0.0197726507
-0.0014650399
-0.0012965004
0.0071772272
0.0060020504
0.0021103516
-0.0038477704
-0.0010429448
0.0050854911
-0.0037922871
-0.0025879331
0.0022387621
0.0024375052
0.0036668519
-0.0016444764
-0.0014105029
-0.0014324829
0.0005328446
0.0046890266
0.0086685559
0.0014379314
0.0027056315
0.0036501554
-0.0009275844
-0.0021755379
-0.0017615120
0.0021658177
0.0030345891
-0.0022467647
-0.0014569622
0.0008512151
0.0011634234
-0.0037951095
-0.0037198146
0.0022637704
0.0032087555
-0.0027683887
-0.0181945767
0.0058996803
0.0029079800
-0.0037254533
-0.0012561455
0.0059777386
0.0076238466
-0.0039879186
0.0177648049
0.0237736050
0.0103517398
-0.0059661954
0.0000660102
-0.0064345291
-0.0012363755
-0.0092272386
-0.0264996402
-0.0231057238
0.0097096534
0.0136041157
-0.0072347787
0.0020416027
-0.0040228884
0.0022086154
0.0061546820
0.0057527656
-0.0000274189
-0.0258688387
-0.0059455112
-0.0033838195
-0.0052860831
-0.0065520513
0.0000139095
-0.0020006020
0.0049697435
0.0265856590
0.0065775607
-0.0072170938
-0.0101294750
-0.0021734701
-0.0021867962
0.0014939971
0.0011421895
-0.0029545540
-0.0064123175
-0.0049422779
0.0084119923
0.0087529486
0.0059659244
-0.0060981731
-0.0035435103
0.0016971548
0.0043442124
0.0015334347
-0.0013324493
0.0001879396
0.0002232317
0.0044754357
-0.0018125497
0.0021004600
0.0017286197
-0.0001294381
-0.0007816344
0.0026011120
0.0070208926
0.0070529510
0.0009057253
-0.0013590517
0.0033216989
0.0004982514
0.0026092913
0.0009137599
-0.0002663458
-0.0044844477
0.0000010260
0.0015521343
0.0013949627
0.0064719887
0.0049287770
0.0188464988
0.0273904279
0.0197471716
-0.0071254359
0.0006125879
0.0019852263
-0.0028568208
-0.0034265618
-0.0058841803
-0.0038611682
-0.0439736694
-0.0142910872
0.0043910020
-0.0051160315
-0.0057684388
-0.0016638152
0.0100595579
0.0154121900
-0.0282474402
-0.0977253467
-0.0116163278
-0.0012189109
-0.0078567248
-0.0047374470
-0.0048668995
0.0006332459
0.0035184908
0.0137799811
0.0213646628
0.0463595614
-0.0001528151
-0.0053683417
-0.0017018289
0.0056885714
0.0003661656
-0.0087894900
0.0057076430
0.0021275021
0.0036904081
0.0027460016
0.0054477248
-0.0014302010
0.0044573089
-0.0009203018
-0.0023935249
-0.0073243962
-0.0174774043
-0.0157216955
-0.0020521989
0.0035065971
0.0001919992
0.0006650522
0.0009487612
0.0000416808
-0.0002988188
0.0043368218
0.0018853735
-0.0008360523
-0.0021687711
-0.0009025315
-0.0030756365
-0.0001758023
0.0009560274
-0.0001740735
0.0034817515
0.0030622294
-0.0011745126
0.0026671079
0.0003068649
-0.0011198173
-0.0001774176
0.0002875209
-0.0002036061
0.0010315768
-0.0032191444
-0.0023677486
0.0009909968
-0.0011883742
-0.0019884040
-0.0002834225
0.0019273850
0.0044320109
-0.0034961922
-0.0149789788
-0.0058318679
-0.0012923342
-0.0043056714
-0.0014885701
-0.0025128140
-0.0073206970
0.0026460839
0.0052559278
-0.0023322075
0.0042580012
0.0041151764
-0.0030973954
0.0020658302
-0.0006794704
-0.0139264157
-0.0008001885
0.0071768588
-0.0022014561
0.0035744084
0.0116509665
-0.0026748383
0.0038466156
-0.0005616937
-0.0137195224
0.0135670276
0.0155753046
-0.0358520076
-0.0111966236
0.0053158849
-0.0044061658
0.0018977924
-0.0034239430
-0.0096555138
0.0029550791
0.0046595391
-0.0100850714
0.0026767475
-0.0019991896
-0.0013529357
0.0012967470
-0.0021625883
-0.0038876827
-0.0003711390
0.0057515474
0.0108462861
0.0080753081
0.0007442223
0.0000882564
-0.0016657421
0.0000339158
0.0004566754
-0.0015810194
-0.0000580420
0.0019144898
0.0016437636
-0.0023132542
-0.0026784241
0.0021849535
0.0026389479
-0.0010816926
0.0002750486
-0.0031537651
0.0025503554
0.0082485434
0.0065610590
-0.0010195952
-0.0016592122
-0.0007374419
-0.0020958041
0.0009833291
-0.0001397110
0.0023500109
-0.0045491406
-0.0029201293
-0.0045768488
0.0040541752
0.0006368732
-0.0111967474
-0.0055864621
-0.0140886400
-0.0027385855
-0.0050517400
-0.0081830220
-0.0117292358
-0.0024488498
0.0003686169
-0.0012256223
0.0019627244
-0.0035315685
0.0017447282
-0.0009835419
0.0111267716
-0.0017560970
-0.0012630117
-0.0002910124
-0.0003866279
0.0333939455
0.0566227548
0.0338748023
-0.0015469043
0.0259901695
0.0024726556
0.0024009750
-0.0061788564
-0.0168461092
-0.0154847456
-0.0474993065
-0.0655398071
-0.0386853069
0.0074754995
-0.0049805027
0.0041929171
-0.0012304774
0.0002752513
0.0039711776
0.0072548180
0.0260113515
0.0096434327
0.0017710204
-0.0028153206
-0.0000733614
-0.0026281567
-0.0025584605
0.0006323835
-0.0105060432
-0.0035916346
0.0032417672
-0.0029949015
-0.0085895015
0.0012286227
-0.0004062370
0.0010665022
-0.0048849257
-0.0076757311
0.0010287625
-0.0033782783
-0.0006959851
-0.0074688247
-0.0002845539
0.0016965575
0.0025411900
-0.0021498962
0.0012919308
-0.0020573044
-0.0003447359
-0.0015123740
-0.0007321724
-0.0002060527
0.0026350266
0.0035658183
-0.0011332870
0.0023379063
0.0001673811
0.0015272206
-0.0007178937
0.0000065772
0.0020547542
0.0036732710
0.0007180367
0.0034446351
0.0174316168
0.0094706239
0.0036810476
-0.0015345139
0.0033725542
0.0071127475
0.0009854081
-0.0078039085
0.0046703233
0.0078831110
-0.0107440175
-0.0038385359
0.0018119753
0.0046953061
0.0033156807
0.0021473479
-0.0033500304
-0.0016625389
-0.0223195795
-0.0426017828
-0.0311820358
-0.0082276696
0.0013559054
0.0080843605
0.0036612630
0.0046285084
0.0012761226
0.0590668283
0.0520368814
0.0081523694
0.0073195919
0.0086356150
0.0018684875
0.0010012459
0.0056471950
-0.0165305119
-0.0175390132
-0.0123756174
0.0005499232
0.0111829760
0.0040508779
-0.0004960481
0.0028542730
0.0034245837
0.0047121588
0.0127520068
0.0039818566
-0.0063234763
-0.0008454060
0.0041606682
0.0032256094
0.0031110113
-0.0054647424
0.0047591212
0.0011293391
-0.0086634988
0.0002343702
-0.0013578833
-0.0008037348
0.0005087366
0.0013370841
-0.0006506800
-0.0000053507
0.0033038242
0.0006202683
-0.0020475418
0.0017782300
-0.0019509285
-0.0009245247
-0.0013796653
0.0011005600
0.0028623533
0.0013361736
-0.0018372471
-0.0021907892
-0.0013960841
-0.0024480140
-0.0017604074
0.0044314787
0.0076382863
0.0086434782
0.0155484006
0.0143898707
0.0033372461
0.0018803931
-0.0007603231
-0.0003937615
0.0017529714
-0.0002265674
0.0011082049
0.0224968065
0.0066364272
-0.0134327337
0.0063452111
0.0042323391
-0.0002541922
-0.0003797876
-0.0000396017
0.0065000784
-0.0125238830
0.0004491679
-0.0039444547
0.0085352119
-0.0021572155
-0.0033893657
-0.0019834214
0.0052656112
-0.0105421450
0.0394054390
0.0231568441
-0.0134060942
0.0025427698
-0.0039395886
-0.0020955938
-0.0036551931
-0.0024319696
0.0026634827
0.0145989750
0.0156976655
0.0052451720
-0.0024984994
-0.0007576108
0.0013415695
-0.0002174825
-0.0053404202
0.0048013641
-0.0023086835
-0.0001591535
-0.0017136239
-0.0046465085
-0.0044759815
-0.0004552139
0.0011317859
0.0007293621
0.0053757750
0.0028839235
0.0052444944
-0.0000179384
-0.0033953032
-0.0034347821
0.0026912652
0.0006596427
-0.0008515710
-0.0007022084
0.0033185382
-0.0016952585
-0.0010498334
-0.0030542822
-0.0009602952
0.0022518437
-0.0012217108
0.0020583193
-0.0003448063
0.0033425228
-0.0013981445
0.0012116686
0.0001346701
0.0000877290
0.0039405390
-0.0029593646
0.0007362996
-0.0090378169
-0.0023113962
0.0004043103
0.0045469953
0.0038505455
0.0000290004
0.0071929130
0.0004292301
0.0067679337
-0.0008054575
0.0027463585
-0.0054313140
-0.0034677878
-0.0024840911
0.0007360257
0.0076693594
-0.0021372947
0.0147697767
-0.0087903505
-0.0183434635
-0.0030283558
0.0069087837
-0.0121610919
0.0019517960
0.0025286952
-0.0034727205
0.0162557941
-0.0268192906
-0.0225088261
0.0218779482
0.0160804745
-0.0156339817
0.0010646749
-0.0017658303
0.0050199064
0.0161219090
-0.0133112548
-0.0118750883
0.0063121379
0.0054535363
-0.0057507167
0.0007407960
-0.0040656268
0.0014902130
0.0131458063
-0.0022768080
-0.0027746083
-0.0001165207
0.0032813109
-0.0019807357
-0.0011677491
-0.0021753556
-0.0014264348
0.0040553138
-0.0050146841
-0.0012449744
-0.0021000376
0.0013698676
-0.0000518350
-0.0012697917
0.0001652194
-0.0009413533
-0.0023006785
0.0002425629
-0.0016901369
-0.0029444175
-0.0023018017
-0.0029774711
0.0003263923
0.0050968635
-0.0022392392
-0.0032721548
0.0043600975
0.0042708949
0.0005315281
-0.0020250345
-0.0001299260
0.0029496935
0.0053610220
-0.0025914109
-0.0044839284
0.0107332310
0.0017373402
-0.0018432327
0.0056480230
-0.0049666315
-0.0012037071
0.0053496589
-0.0038170805
-0.0205022823
0.0209060870
0.0117841400
-0.0289309956
0.0193392187
-0.0041178861
-0.0069416142
0.0031980621
0.0031690709
-0.0167422779
0.0120133162
0.0603946783
-0.0706693009
0.0118269138
0.0179437380
-0.0005292128
0.0011413692
0.0031777113
-0.0061586550
-0.0245792009
0.0516149998
-0.0351423100
-0.0168960113
0.0274261814
0.0032435248
-0.0006963630
0.0040305643
0.0035085215
-0.0136107653
0.0130355442
0.0088996729
-0.0222419351
0.0150400493
-0.0032256276
-0.0029948680
-0.0001970114
0.0027254096
0.0005339732
-0.0034516002
0.0058857305
-0.0080105951
0.0111868223
0.0005076192
-0.0013200362
-0.0018010612
0.0001374445
0.0022384878
0.0002018029
0.0001928621
-0.0034215951
0.0037352336
0.0020501947
-0.0006005162
0.0004709364
0.0032304628
0.0040799528
0.0021548448
0.0005443084
-0.0052371542
-0.0053365901
0.0015555068
-0.0005314941
0.0008028671
-0.0005731843
-0.0056742379
-0.0079709953
0.0012514660
0.0068975724
-0.0006735207
0.0027823483
-0.0056445347
0.0023793858
-0.0026915628
-0.0160128567
-0.0151698515
-0.0052210731
0.0066018039
0.0060157119
0.0053411797
-0.0039367815
0.0071208677
0.0093559865
0.0145343924
0.0232575499
0.0067718760
-0.0004266184
-0.0058658430
-0.0000531125
-0.0064834980
0.0095258374
0.0249778852
-0.0183532983
-0.0372079238
0.0089488970
0.0077398438
-0.0164247099
-0.0012917711
-0.0096287280
0.0044213487
0.0133146523
-0.0122190397
-0.0142123569
0.0281068720
0.0248141419
-0.0083345696
0.0017530833
0.0006927952
0.0032060097
-0.0114957755
0.0050339317
0.0094569959
-0.0007464084
0.0070649637
0.0013684855
0.0039499407
0.0036379804
0.0015062849
-0.0102567300
0.0013794565
-0.0144285830
-0.0142128021
0.0039328090
0.0014158690
-0.0015214479
-0.0016428210
0.0037665372
0.0036518567
-0.0011313432
-0.0007727128
0.0014059626
0.0063670618
0.0017607054
-0.0000196939
0.0036165682
0.0012171130
-0.0023000592
0.0044299527
0.0035396141
0.0054871007
0.0013193418
-0.0008105879
-0.0019146675
0.0030884661
-0.0011452850
-0.0040503344
0.0040405840
-0.0008875351
-0.0017133673
-0.0018057821
-0.0018344277
0.0005607287
-0.0013201687
-0.0011216827
0.0040484238
0.0099032382
-0.0087454282
-0.0100891795
-0.0062467852
-0.0023507739
-0.0000944387
0.0022928359
-0.0012774783
-0.0072745685
0.0036982708
-0.0037463822
0.0050633107
0.0057884557
-0.0033629597
-0.0041142651
0.0035436591
-0.0029923397
-0.0254393891
0.0216368046
0.0000826829
-0.0052197794
0.0059224232
-0.0089406222
-0.0055893199
0.0023230880
-0.0048433882
-0.0198879465
0.0408014469
-0.0176275969
-0.0151324086
0.0010946838
-0.0081208115
-0.0036327252
0.0017073161
-0.0040937406
-0.0110920342
0.0108098779
-0.0127923433
-0.0006669501
0.0077891764
-0.0067544905
-0.0061921407
0.0008774578
-0.0010508299
-0.0058878711
0.0041712183
0.0005523828
-0.0008449092
0.0051623024
-0.0023010524
-0.0051659904
-0.0005265535
-0.0009532710
-0.0055825696
0.0011877152
0.0028441395
0.0071039707
0.0036722096
-0.0010865409
0.0000773318
0.0012893671
0.0018368819
0.0007826000
-0.0024273267
-0.0060065836
-0.0014265227
0.0024195139
0.0023167953
0.0021498173
-0.0001186550
-0.0024247423
0.0010893021
0.0005781390
0.0012947468
0.0048847329
0.0006773045
0.0009993038
-0.0002435485
0.0021628160
0.0027425715
-0.0003439658
-0.0041775908
-0.0073134727
-0.0017659129
0.0038516470
-0.0020995489
-0.0061428775
-0.0049397028
0.0021956188
0.0063454122
-0.0042707748
-0.0227099732
0.0247293189
-0.0153686879
0.0003875849
-0.0018888342
-0.0041748793
0.0020027915
0.0022613693
-0.0135982540
-0.0295729078
0.0772552043
-0.0293632038
-0.0045534563
-0.0067873378
-0.0046661724
0.0033580645
0.0060030404
0.0036799691
-0.0296462793
-0.0225986242
-0.0078825355
-0.0041100592
-0.0067529459
0.0000096317
0.0001759480
0.0002337811
0.0071673971
-0.0048737377
0.0144864423
0.0071133226
-0.0035550434
-0.0037026317
-0.0032831195
-0.0013580435
-0.0100766290
-0.0060886699
-0.0134704774
-0.0003164750
0.0062088491
-0.0017513293
-0.0040360526
-0.0026947148
0.0022411628
-0.0015945031
-0.0005448106
-0.0042648525
0.0081916209
0.0026966794
-0.0015307189
-0.0031563428
-0.0019773268
-0.0026176374
-0.0028107730
-0.0022628645
-0.0030765489
-0.0035548878
0.0021032642
-0.0030512311
-0.0009593114
-0.0005400127
0.0005609752
0.0029191722
-0.0003381209
-0.0024503609
0.0009470389
0.0085957674
-0.0009845812
-0.0015484891
-0.0005141515
0.0016212469
0.0054586586
0.0066503198
0.0128280437
0.0175166521
0.0157448631
0.0018517104
0.0028202084
-0.0005756909
-0.0004204473
0.0000551909
-0.0095091844
-0.0098275850
-0.0050079590
-0.0022958734
-0.0051173707
0.0000887184
0.0006122917
-0.0028916721
-0.0057965457
-0.0043385378
-0.0237968899
-0.0352464579
-0.0067401873
-0.0014069335
0.0016576783
0.0028794750
0.0009718638
-0.0026429777
0.0090349317
0.0314042531
0.0227479115
0.0114861922
0.0018764097
0.0007995046
0.0013015752
0.0019669835
0.0009022641
-0.0056215199
-0.0010870334
0.0073789717
0.0103328293
0.0099199908
0.0031204070
0.0002428723
-0.0000953691
-0.0019952811
-0.0055145570
-0.0118052838
-0.0167202335
-0.0125084193
-0.0061158673
-0.0041734409
0.0005858025
-0.0003009856
0.0001026145
-0.0002311292
-0.0032700736
0.0019330430
-0.0006227689
-0.0044871056
-0.0049573630
-0.0023236193
0.0016868652
0.0047086016
0.0046114763
0.0020726121
0.0036380824
-0.0068694721
-0.0027316473
0.0045198486
-0.0002182565
0.0026528805
0.0008989970
-0.0011456093
-0.0080317026
-0.0089623770
-0.0005176942
0.0075262701
0.0012119092
0.0057587251
0.0009305549
-0.0065031922
-0.0178200211
-0.0205184724
0.0080041960
0.0176958330
0.0013956683
-0.0047315974
0.0037643600
-0.0012704083
0.0019263324
0.0306024123
0.0460415930
0.0066877436
-0.0173393507
-0.0057240999
0.0018208863
-0.0028370160
-0.0020546219
0.0056658690
-0.0056858729
-0.0546457432
-0.0531608164
-0.0220358670
-0.0084080286
-0.0052358899
0.0006987257
0.0027785012
-0.0088533461
-0.0076459986
0.0070516123
0.0531039052
0.0302501284
0.0005037521
-0.0016055942
0.0027509979
0.0018058122
-0.0018308267
0.0139825158
0.0136429239
0.0050928397
0.0000808268
0.0082493639
0.0022458222
-0.0010429707
-0.0017727362
-0.0017638656
-0.0162581690
-0.0360779576
-0.0305534601
-0.0174309779
0.0020013067
0.0015557955
-0.0017028246
-0.0000943820
-0.0042013489
-0.0071752644
-0.0088283997
0.0005645500
0.0011807154
0.0004449525
-0.0046253428
-0.0005261755
-0.0034297828
-0.0026426818
-0.0002020193
-0.0055449326
-0.0003856068
-0.0001767566
-0.0004813664
-0.0025587054
0.0053187832
-0.0045132879
0.0022255848
0.0038139636
-0.0122225164
0.0065603871
0.0006077742
-0.0026532791
0.0002015754
0.0032984070
-0.0070649963
0.0092817405
0.0157304332
-0.0280751400
0.0023292806
-0.0047451509
-0.0077012423
0.0007893837
0.0057411012
-0.0017593452
-0.0165649503
0.0106095318
-0.0081285872
-0.0039257440
0.0044494108
-0.0003695927
-0.0001009166
0.0019196003
0.0013345648
-0.0164283533
0.0185627285
0.0377803221
-0.0153374933
0.0085629430
0.0067418562
0.0003352489
0.0009605963
0.0029105395
0.0093694720
-0.0142794447
0.0310912225
-0.0310410336
-0.0049852547
0.0014889934
-0.0016173015
-0.0039033154
0.0014030836
0.0221858323
-0.0234144703
-0.0004101303
-0.0141005488
-0.0111015039
-0.0002036090
0.0016252507
-0.0000330308
-0.0021989220
0.0130511113
-0.0061326600
0.0001467558
0.0151653141
-0.0045601595
-0.0015492366
0.0045299763
-0.0028861722
-0.0057165860
0.0013219711
-0.0045779911
-0.0051866728
0.0111581953
0.0016295736
-0.0068910057
0.0037703838
0.0029982093
0.0006050533
-0.0003014194
-0.0011097211
-0.0015179508
0.0004705950
0.0027377028
0.0025733404
0.0022685218
0.0003250423
0.0000728822
-0.0000208310
0.0023985049
-0.0010283687
0.0008660294
0.0021412962
-0.0021525004
0.0004107891
0.0019325349
-0.0013975953
-0.0018109259
0.0032659194
0.0030882284
0.0024528319
0.0060786135
-0.0042071734
-0.0019290955
-0.0016815881
-0.0015314702
-0.0020169253
-0.0066188001
-0.0045960187
-0.0006732097
-0.0024392034
-0.0002825169
0.0013915901
-0.0082180938
0.0015936693
-0.0012606035
-0.0123730851
0.0120301275
-0.0006405012
-0.0204824172
0.0005117851
-0.0023345035
-0.0081754336
0.0004515140
0.0097743552
-0.0028554467
-0.0028461257
0.0029352461
-0.0027922061
-0.0008394801
-0.0037503548
0.0039704083
-0.0018408621
-0.0071970774
0.0039161160
-0.0386471339
-0.0271184668
0.0073946323
-0.0146424919
-0.0045820749
0.0023629405
0.0018692190
-0.0086222310
0.0156808235
0.0080333063
0.0124572450
0.0121201230
-0.0079409471
-0.0016687348
-0.0038254042
0.0008743228
-0.0019249779
-0.0021151917
-0.0065961508
-0.0000090392
0.0004922881
0.0004271272
0.0031114819
-0.0050368318
-0.0039783199
-0.0019520627
-0.0023457755
-0.0090862894
0.0023745426
-0.0021813095
-0.0032635862
-0.0025384875
-0.0011706203
-0.0000850347
-0.0007078468
0.0018288088
-0.0079358788
-0.0003941247
0.0020385575
-0.0018042431
-0.0012848737
0.0018159066
0.0008441149
0.0025064736
0.0024878595
-0.0051461780
-0.0037149580
0.0015706916
-0.0044863746
0.0001582518
-0.0018696343
-0.0022816968
-0.0003994080
-0.0019055381
-0.0083276788
0.0152495559
0.0095279813
-0.0038611135
0.0027501837
0.0038815886
-0.0037732187
-0.0078323223
-0.0068539246
-0.0279692840
0.0333465524
0.0172161758
-0.0138109103
0.0075099710
0.0036335099
-0.0047465456
-0.0044900263
0.0352793001
-0.0099147866
-0.0116902627
0.0038912997
-0.0142900050
0.0009484238
0.0023336236
-0.0075893826
-0.0137061244
0.0267948844
0.0002574409
-0.0124409683
0.0045718225
-0.0081078066
-0.0010971185
-0.0027974064
-0.0019229248
-0.0110471556
-0.0021965618
-0.0062770494
0.0047775041
0.0118204383
-0.0014284851
0.0012910904
-0.0037442085
0.0006064371
-0.0013976651
0.0028940781
-0.0068770815
-0.0004647555
0.0011756923
-0.0005383602
-0.0001849195
-0.0005020757
-0.0009789823
0.0015682199
0.0015891816
0.0051832520
0.0023244345
0.0037612296
-0.0026849830
-0.0020153204
0.0028341713
-0.0016511120
0.0019557429
0.0014640618
-0.0083001526
-0.0056582042
0.0053983186
0.0004730542
0.0031452810
0.0021000849
-0.0016886914
0.0019228946
-0.0007119300
-0.0225936212
-0.0134755010
-0.0068097319
-0.0136871347
0.0048115025
0.0006569889
0.0044851168
0.0172757469
-0.0139998011
-0.0153657785
0.0540890172
0.0043231170
-0.0027940364
0.0162104703
0.0029493887
0.0015433080
0.0050546867
-0.0182182770
0.0034131359
0.0940536410
0.0101079177
-0.0162805356
0.0131240981
0.0011684870
0.0015345013
0.0124877654
-0.0014322494
-0.0332528055
-0.0188468583
-0.0146745453
-0.0133338189
0.0085639730
0.0100798625
0.0059088487
0.0103343958
0.0119419638
0.0291003752
0.0244151913
0.0107352547
0.0055247811
0.0094802175
0.0023734453
-0.0004910202
0.0054227305
-0.0022965118
-0.0016457484
-0.0058755325
0.0018045215
0.0046301577
0.0038916741
0.0001642259
-0.0028395439
0.0007063120
-0.0056706369
-0.0053168940
-0.0085779503
-0.0051060556
-0.0030194295
0.0016067567
-0.0010388009
-0.0020717075
0.0004279064
-0.0062023923
-0.0054736338
-0.0029322996
0.0011895490
0.0022127049
0.0055660484
0.0013843171
0.0002394678
0.0015649737
0.0010974597
0.0057001472
0.0030813350
-0.0034832680
-0.0017044776
0.0043518376
0.0056537273
-0.0004324761
0.0081239976
0.0152029991
0.0091532925
-0.0033329392
-0.0118501810
-0.0092144562
0.0033610512
0.0016404514
0.0007183611
0.0066154352
-0.0199675132
-0.0121749435
0.0102764377
0.0060019544
-0.0050507765
0.0033887420
-0.0047523417
-0.0014981703
-0.0008430703
-0.0003858490
0.0394471921
0.0307740793
0.0167506523
-0.0051392349
0.0020842024
0.0006426331
0.0022030706
0.0007424625
0.0091870734
-0.0021684088
-0.0284031890
-0.0092948796
-0.0075475536
0.0034133955
0.0021200692
-0.0007018832
-0.0039149895
-0.0035913221
-0.0059803566
-0.0127553558
-0.0023653931
-0.0037660187
0.0010860914
-0.0011652663
-0.0014866189
-0.0021133369
0.0031574559
0.0131046213
0.0252768621
0.0135866320
-0.0022004829
0.0025315683
-0.0020858068
-0.0012555599
-0.0007385513
0.0006483368
0.0001775049
0.0023043118
0.0006720169
-0.0025490515
0.0018712669
0.0053907284
0.0013801890
-0.0020269966
0.0021941420
0.0025424543
-0.0046106949
-0.0022697304
-0.0020767658
0.0034976429
0.0003478961
-0.0008327098
-0.0025730545
-0.0028846930
-0.0000338407
-0.0012695349
0.0021633334
0.0043894183
0.0029314461
0.0003253033
-0.0029542898
-0.0026122453
-0.0032944037
-0.0028558713
-0.0003270896
0.0033529652
0.0003722408
-0.0030679354
0.0075535015
-0.0024677878
0.0001175768
0.0030834766
0.0078914193
-0.0106965611
0.0021790101
0.0011545500
0.0031163248
0.0067288592
-0.0060715438
-0.0023098195
-0.0050931475
0.0199737735
-0.0055939080
0.0067662038
0.0055652196
0.0045952243
0.0057963985
-0.0027722602
-0.0079708220
0.0043385187
0.0279511232
-0.0128054908
0.0022802732
0.0033136155
0.0024321377
0.0037148108
-0.0011581244
-0.0061907051
-0.0029383334
0.0081827566
-0.0091874488
0.0069316761
0.0060874145
0.0048079682
0.0002514416
-0.0015821256
-0.0010195811
0.0001570163
0.0184170417
-0.0063604331
0.0007149486
0.0028873309
0.0023973826
-0.0031544331
-0.0003329613
-0.0006824583
-0.0049811089
0.0061136964
-0.0049856440
-0.0012835779
0.0004775910
0.0000238298
-0.0021933643
-0.0005632690
0.0025050768
0.0037857641
0.0047883084
0.0006816079
-0.0033039472
0.0016923804
-0.0006649122
-0.0001704712
-0.0006787947
-0.0007436835
-0.0016565599
-0.0010221312
0.0003322319
0.0006725549
0.0003182994
0.0007921503
-0.0012128060
-0.0004741740
-0.0036834036
-0.0050423294
-0.0117241852
-0.0009945779
-0.0026566500
-0.0022585525
0.0032816003
-0.0017942277
0.0007252032
-0.0006773328
0.0055084396
0.0037508404
-0.0098943245
-0.0077974461
0.0070540351
0.0035512976
0.0060931672
0.0039627994
0.0037458383
0.0293116458
0.0457682461
0.0220320206
0.0049117925
0.0050969352
0.0030709375
-0.0033057590
-0.0042328341
-0.0017791199
-0.0288294535
-0.0373002365
-0.0347983576
-0.0054392745
-0.0045024646
-0.0020541684
-0.0008138327
0.0035882606
0.0133506842
0.0037653558
0.0086792968
-0.0036587792
0.0107578225
0.0084020440
0.0052381922
-0.0019342161
-0.0036887475
-0.0037922934
0.0005118660
-0.0013786135
0.0022780893
0.0028780224
-0.0010122354
0.0014804679
-0.0009961651
-0.0028764233
-0.0033416955
-0.0038917952
0.0001535892
0.0071281912
0.0023577758
-0.0006261206
-0.0022119638
0.0003508094
0.0024798533
0.0051185652
-0.0030205431
0.0050895591
0.0026882673
0.0007552993
-0.0039358200
-0.0039006153
0.0032526976
-0.0002115434
0.0026324119
-0.0032324390
0.0032996389
0.0012418035
0.0074066729
-0.0027562508
-0.0059042634
0.0070631988
-0.0021896192
-0.0016329566
-0.0010878496
0.0023893742
-0.0030223674
0.0227331016
-0.0040142108
-0.0052303467
0.0057086777
-0.0026524127
-0.0032210818
0.0108705014
-0.0069851899
-0.0067278361
0.0217905957
-0.0299066138
-0.0085329637
0.0012494156
-0.0035541621
0.0029106496
0.0094630402
-0.0421809256
0.0121935196
0.0260641258
-0.0271795634
-0.0024742913
0.0003715937
-0.0044838781
0.0126653258
0.0086755641
-0.0379773602
0.0421668813
0.0002819834
-0.0134499883
0.0009433860
-0.0049095671
-0.0053160125
0.0186432302
-0.0044334922
-0.0107766949
0.0276913065
-0.0103397369
-0.0041948520
-0.0000173531
-0.0065386398
0.0032224506
0.0142421359
-0.0174472332
-0.0051750261
0.0084258495
-0.0002113282
-0.0060297917
-0.0031458931
-0.0052002589
0.0032780119
0.0082336850
-0.0096950326
-0.0025673683
0.0024369415
0.0021850877
-0.0053974562
0.0008986423
-0.0006636917
0.0005707160
-0.0035600485
0.0011618797
-0.0049414621
-0.0094521390
0.0047429530
0.0070547992
0.0035033785
0.0027215008
0.0015578484
-0.0046422859
0.0023693584
0.0043037445
-0.0033893182
-0.0015258114
0.0019488402
0.0046657892
0.0056672087
0.0029259506
-0.0056484970
0.0077548265
0.0206350330
0.0002410157
-0.0065537142
-0.0044045518
0.0017349980
0.0035312448
0.0003062947
-0.0022675167
0.0068348553
-0.0008478021
-0.0263086949
0.0012904076
0.0063643688
0.0037188868
-0.0025099711
0.0023137494
0.0155583285
0.0097560072
-0.0517771505
-0.0247348379
0.0152450129
-0.0078410069
0.0026612536
-0.0077641900
0.0045909155
0.0174504295
-0.0116255367
-0.0274969209
0.0565813966
0.0074515771
-0.0211614035
0.0020129080
-0.0068068714
0.0084283287
0.0186940003
-0.0133871567
-0.0125206709
0.0181799941
0.0006675273
-0.0021151449
0.0047873612
-0.0048064403
0.0028289880
0.0049101482
-0.0029969101
-0.0205100644
-0.0146009028
0.0008692161
0.0033856223
0.0046956353
0.0020476042
0.0020170526
0.0024015442
0.0033136611
-0.0070121139
-0.0010123689
0.0004603396
0.0015932281
0.0004374043
0.0024623310
0.0000403696
-0.0006918415
0.0000143513
0.0031813527
0.0016131627
0.0009197418
-0.0013194772
-0.0015451930
0.0011303786
-0.0001850239
-0.0011890730
0.0012529055
0.0011460510
-0.0033374487
0.0008037190
0.0010852218
-0.0012756638
0.0005591884
0.0020676875
-0.0007931087
-0.0043972065
0.0015129106
-0.0016132526
0.0035430344
0.0077766296
0.0024423625
0.0027784004
-0.0009182013
0.0001385287
0.0005151068
0.0004296256
-0.0094654728
-0.0031594418
0.0042392095
0.0010655602
-0.0021202778
-0.0055551017
-0.0011408321
0.0138945859
0.0229051597
-0.0048725386
-0.0093998350
0.0000394755
-0.0039325263
-0.0013556603
0.0034112064
0.0008146262
-0.0050110104
0.0087156324
0.0071449075
0.0054022777
0.0134254098
-0.0007199880
0.0002842758
0.0007867377
-0.0052406671
-0.0020833770
-0.0092973039
-0.0238196217
-0.0156720895
0.0020826359
-0.0004415208
-0.0000504995
0.0007435952
0.0072074304
0.0080352100
0.0085673453
0.0174913593
0.0089931637
0.0008931959
0.0008772538
-0.0031541227
-0.0004829043
0.0030420043
-0.0045483857
-0.0083852764
-0.0045593902
-0.0001905451
0.0007906408
0.0010194888
-0.0039393445
0.0013917264
0.0004484183
-0.0021248243
-0.0037483736
0.0021843838
-0.0039308486
-0.0005204691
-0.0008624952
-0.0060773478
0.0024147166
0.0010887748
-0.0035182999
-0.0023570948
-0.0007642473
-0.0010802087
0.0028023443
-0.0028777118
-0.0112092951
0.0036285419
0.0135792587
-0.0015612188
0.0068440372
0.0070064217
0.0085335048
0.0083003137
-0.0016124606
-0.0070334766
0.0029441663
0.0139964810
-0.0044491845
-0.0014969326
0.0155690489
0.0034309695
-0.0021316579
-0.0026029695
-0.0045469613
-0.0021309955
0.0028051445
0.0060533732
-0.0134689137
0.0324907005
-0.0116225956
-0.0220462140
-0.0051405057
-0.0033764623
-0.0011014252
-0.0026711323
0.0032746438
-0.0383646153
0.0374259502
0.0040608109
-0.0114990165
0.0020061294
-0.0031586860
0.0001601659
0.0058887363
0.0046399129
-0.0204393901
0.0227231346
0.0108598927
-0.0064762551
0.0013568823
0.0018527665
-0.0005101577
0.0011326873
0.0011369732
-0.0003757738
-0.0014683547
-0.0031136961
-0.0015293071
-0.0060233828
0.0040671960
0.0019853311
-0.0008403074
0.0014707292
0.0015725949
0.0009860583
0.0005244740
0.0016218713
-0.0043836520
0.0059067695
-0.0020913656
-0.0043286225
0.0017657927
-0.0020889821
-0.0006621998
0.0061119795
0.0014171511
0.0031105441
0.0039251884
-0.0035812045
-0.0041452707
0.0080545330
0.0018741176
-0.0034091086
0.0043595331
-0.0005046290
0.0016238996
0.0030519008
-0.0042553633
-0.0024531221
0.0173580125
-0.0018519588
-0.0116135897
0.0016022089
0.0024028982
0.0050685806
0.0021604942
-0.0050028753
-0.0115858354
0.0083485870
0.0455511250
0.0200036876
0.0016365540
0.0085049532
0.0037629132
0.0080538932
-0.0031580310
-0.0284716487
0.0635656491
0.3159788549
0.1867419779
0.0084681725
0.0104261078
-0.0030079614
0.0053672898
-0.0012933539
-0.0161603745
0.0624493361
0.2455288768
0.1604141593
0.0238558743
-0.0002701824
0.0020293824
0.0011834125
0.0011682879
-0.0026368042
-0.0146276532
0.0105096726
0.0187338777
0.0068098619
-0.0025119779
0.0080133397
-0.0041443338
-0.0026323136
-0.0004258898
-0.0068288897
-0.0095704719
-0.0015231279
0.0030961276
-0.0056457585
-0.0023790898
-0.0001863232
0.0009317540
0.0030834882
0.0019856135
-0.0028579328
0.0010983064
0.0089787291
-0.0003771083
0.0002457855
-0.0017584354
-0.0007392988
-0.0023382313
-0.0040475596
-0.0098690828
-0.0021983485
-0.0057646236
0.0009252835
-0.0010469541
-0.0007309076
0.0006014456
-0.0015045000
0.0006242021
-0.0026912261
0.0003035370
-0.0053596245
0.0004278446
-0.0015904506
0.0002180997
0.0006155801
0.0009044342
0.0047059082
0.0019586962
0.0046526580
-0.0068323449
-0.0026674317
-0.0040187272
0.0005406546
-0.0006582512
-0.0044003204
-0.0061771972
-0.0176971108
0.0091025941
0.0069016330
-0.0004516857
-0.0011489466
-0.0024472957
0.0022332871
-0.0034648899
0.0101220086
-0.0212720931
-0.0237535145
0.0103587322
0.0064789834
0.0063952529
-0.0027203395
-0.0023446751
-0.0066905203
0.0192084294
0.0393529236
0.0005694650
-0.0023141373
0.0000626576
-0.0015712308
-0.0051146927
-0.0065323454
-0.0043459297
-0.0037536703
0.0047311932
-0.0022780322
-0.0055526523
0.0013724403
-0.0007146376
-0.0019676164
0.0026001527
0.0034246880
-0.0008268749
-0.0084502809
-0.0061279717
-0.0022042533
0.0019675293
-0.0005716342
-0.0033365244
-0.0005256771
0.0021896423
0.0008940283
-0.0002806583
-0.0006295604
-0.0033454159
0.0014192909
-0.0005825833
0.0004328739
0.0005099626
0.0000936752
0.0008000815
-0.0016169440
0.0026640601
0.0011794774
-0.0000220251
-0.0000472273
-0.0009021591
-0.0008386262
-0.0010351100
-0.0001068641
-0.0026608186
-0.0034413207
-0.0030866771
0.0014374682
-0.0005406937
0.0017114672
-0.0021109043
-0.0055589597
-0.0057851654
-0.0131741408
-0.0124377143
-0.0076218178
-0.0006245222
-0.0041648257
0.0038900634
-0.0003449643
-0.0023479466
0.0052222773
0.0077312281
0.0076959627
0.0042692423
0.0014581498
-0.0002057234
0.0036257419
-0.0022545299
0.0003040834
0.0175388455
0.0273466539
0.0178150833
0.0115881916
0.0074716303
0.0044767102
0.0036170962
-0.0030441883
-0.0073467838
-0.0029038074
-0.0260953885
-0.0315331221
-0.0076457364
0.0037079169
-0.0003201530
-0.0040740701
-0.0016938116
-0.0024311116
-0.0087803025
-0.0083411448
-0.0033626501
-0.0117390519
-0.0022431959
-0.0004482112
-0.0021055255
0.0000482532
0.0057927100
0.0014557127
0.0116505772
0.0205349252
0.0103101507
0.0016281803
-0.0002903537
0.0012206625
-0.0015301508
0.0011040090
0.0033629646
-0.0014348163
-0.0050821626
-0.0013972835
0.0006430829
-0.0003227604
-0.0039372249
0.0022995768
0.0005428255
0.0014021624
0.0019374093
-0.0015563762
-0.0123719862
-0.0055171284
-0.0043363054
-0.0045601628
0.0042203707
0.0052152812
-0.0041935677
-0.0035556396
0.0006921776
-0.0073364596
0.0015831981
-0.0036075967
-0.0122286528
0.0065674554
0.0192227922
-0.0083370302
-0.0022414736
-0.0064343605
-0.0100962855
0.0097390348
-0.0035659075
-0.0062209223
0.0078462418
0.0226968899
0.0015223076
0.0457634814
0.0294274036
-0.0204458367
0.0004874444
-0.0018183826
-0.0059660459
0.0011632916
0.0234715138
0.0232819989
0.0858822241
0.1467780918
0.0324307941
-0.0021141744
-0.0027898266
-0.0065823724
-0.0039220797
-0.0010776902
0.0161987618
0.0888707861
0.1339751780
0.0147097437
-0.0072123394
-0.0117694065
-0.0064357482
-0.0044318330
-0.0037704331
-0.0042098388
-0.0016516640
0.0084793828
-0.0163626485
-0.0047363234
-0.0104682734
0.0033097139
0.0035407040
0.0021246681
0.0090222750
0.0120432815
-0.0028013403
-0.0101708462
0.0069389124
0.0011872343
-0.0003167570
0.0000392710
-0.0001509515
0.0062152189
0.0053169816
-0.0075391256
-0.0102019357
0.0007857340
-0.0024898604
-0.0026380490
-0.0012826436
-0.0003603774
-0.0013129916
-0.0032742659
0.0018406435
0.0011301284
-0.0001267368
-0.0012236321
-0.0038145096
0.0023739368
0.0016316036
-0.0005777603
-0.0010409286
-0.0029539466
0.0011027817
-0.0057449169
-0.0036066514
-0.0028300590
-0.0026017202
0.0043994645
0.0007611394
0.0040775165
0.0142628653
0.0056555299
-0.0015668805
0.0012561901
-0.0012395312
-0.0026316724
-0.0017763274
-0.0003274380
-0.0219680909
-0.0218313430
0.0007230429
-0.0037179615
-0.0017094353
-0.0020189153
0.0005672186
0.0134101911
-0.0096910810
-0.0497383624
0.0206141714
-0.0152712045
-0.0053321728
0.0016494686
-0.0025269766
-0.0014836207
0.0012361332
-0.0027348192
-0.0386848189
0.0212657582
-0.0196165014
-0.0034589532
0.0015443801
-0.0064756162
-0.0041950839
-0.0070150178
0.0022027644
-0.0156179136
-0.0167409107
-0.0030058257
-0.0048234621
-0.0016057706
0.0015724846
0.0000444518
-0.0007950084
0.0052258410
0.0064394209
0.0087672286
0.0070506646
0.0004337723
-0.0013526056
-0.0014733459
-0.0033767999
-0.0007817223
0.0058965427
0.0071273646
-0.0010062464
-0.0042854776
-0.0015482844
-0.0016237648
0.0041352976
-0.0000825210
-0.0037074157
-0.0013415420
-0.0055877063
-0.0039930115
-0.0028837952
-0.0024479295
-0.0024774924
0.0024885142
-0.0029060172
-0.0060590724
0.0001970870
-0.0001565722
0.0013322465
-0.0006549503
0.0022271806
0.0017276370
0.0023280380
-0.0036879738
-0.0059489002
-0.0088371737
-0.0092272339
-0.0120227309
-0.0117780315
0.0059979805
0.0032750783
0.0032456012
-0.0017551127
0.0035262660
-0.0029440403
-0.0107674133
0.0163265802
-0.0012400302
-0.0021459954
-0.0005278101
-0.0011946204
-0.0021140783
0.0101240547
0.0091057206
-0.0281968303
-0.0243103523
0.0019562847
-0.0009701404
0.0085171787
-0.0004494032
-0.0047439649
0.0028124193
-0.0037021029
-0.0538021587
0.0571708940
-0.0053041605
-0.0100528616
0.0002476333
0.0018198977
-0.0000923728
0.0018856744
0.0059324345
-0.0279191379
0.0063030566
0.0047442648
0.0012246432
0.0055123274
0.0015749589
-0.0021234571
0.0012387403
-0.0020129413
-0.0073829368
0.0046509807
0.0005686911
-0.0035296681
-0.0001423919
0.0011367695
-0.0041457177
-0.0027791937
-0.0041903523
-0.0024963641
0.0026261744
0.0011829076
0.0034700364
0.0030249886
0.0020994346
-0.0015625871
-0.0031661903
0.0027403100
0.0015898200
-0.0024454389
0.0011690492
-0.0016647915
0.0027788319
0.0017165600
-0.0005599388
-0.0010837220
0.0046509528
-0.0031280357
-0.0021393225
0.0024871163
-0.0016846043
0.0022107409
-0.0007043037
-0.0002652063
-0.0012754282
0.0090240063
0.0028644153
-0.0050848816
-0.0007152695
-0.0051771421
-0.0025967932
0.0008864620
0.0013233161
-0.0079733999
0.0103633981
0.0185589902
-0.0085550090
0.0092987772
0.0013629913
0.0019420346
0.0026224456
0.0025083246
-0.0146618970
0.0163458996
0.0213858057
-0.0285773873
0.0076135290
0.0075538643
0.0079503916
0.0017298571
0.0018581249
-0.0078290123
0.0139773358
0.0412937589
-0.0222515594
0.0100522330
0.0137399537
0.0076911841
0.0038142537
0.0012046312
-0.0071727210
0.0006246584
0.0244628284
-0.0167279094
-0.0001955713
0.0075257001
0.0024617426
0.0003754113
0.0003671448
-0.0028180641
0.0040341071
0.0107355965
-0.0082744025
-0.0033830851
-0.0002783272
0.0039992910
-0.0004237457
0.0008659679
-0.0002330144
-0.0004003254
-0.0017688617
-0.0105213383
-0.0041066404
-0.0045654322
0.0005713563
-0.0033762399
-0.0013991459
-0.0014872247
-0.0020103988
-0.0038554899
-0.0063236533
-0.0029930694
-0.0040376536
-0.0046454733
-0.0001379601
0.0020629524
0.0013010148
0.0001125399
0.0052583055
0.0028176464
0.0036883156
0.0030466390
-0.0007088211
0.0008453506
0.0009263387
0.0011637396
0.0069244760
0.0116795339
0.0048562163
0.0028129024
-0.0003590741
-0.0009967973
0.0005622472
-0.0010311475
0.0010837903
-0.0036609587
-0.0117047001
-0.0154276434
-0.0084044654
-0.0043445705
-0.0036748950
-0.0017103892
0.0033271085
0.0134902671
-0.0140995113
-0.0266437400
0.0019905414
-0.0069005042
-0.0168804079
-0.0028924127
-0.0050178841
0.0038014161
0.0152977109
-0.0104792118
-0.0025245796
0.0430799685
0.0278668851
-0.0021077639
0.0029002808
-0.0009662797
0.0041812095
0.0029050224
-0.0060995012
0.0049333461
-0.0053562871
-0.0030871918
0.0045238701
-0.0001741510
-0.0035339606
0.0003800815
-0.0015203775
-0.0013263596
0.0028722314
-0.0205208026
-0.0189127531
0.0031694514
0.0018831854
0.0013218037
0.0012083993
-0.0033270237
-0.0010321803
0.0080911452
0.0042030695
0.0020595142
0.0039955084
-0.0010340272
