-0.0175040156
-0.0187295821
-0.0175379761
-0.0215044167
-0.0244163877
-0.0297186737
-0.0273949942
-0.0323232075
-0.0224535606
-0.0155926642
-0.0182939006
-0.0204890457
-0.0209250653
-0.0231582331
-0.0252229616
-0.0155922702
-0.0233920361
-0.0202445697
-0.0172559036
-0.0176957536
-0.0214678005
-0.0236877395
-0.0086354856
-0.0077746261
-0.0021013482
-0.0250457305
-0.0193206009
-0.0223136659
-0.0232695340
-0.0229272823
-0.0168601404
-0.0145712867
-0.0322443355
-0.0352969689
-0.0375452419
-0.0216971179
-0.0253762201
-0.0288574838
-0.0289297735
-0.0512573117
-0.0918187920
-0.0809475921
-0.0280609564
-0.0369109002
-0.0291966006
-0.0204502279
-0.0213235945
-0.0236919247
-0.0099122031
0.0355345412
0.0370755629
0.0023944670
-0.0248783324
-0.0212605075
-0.0238095532
-0.0256525065
-0.0195762186
-0.0059526744
-0.0024858294
-0.0360808169
-0.0386081143
-0.0313558835
-0.0223265655
-0.0267511540
-0.0242507202
-0.0305698761
-0.0485769539
-0.0496115212
-0.0434059123
-0.0299216195
-0.0243823358
-0.0259725180
-0.0203185628
-0.0270666563
-0.0290894180
-0.0271525211
-0.0222912337
-0.0307360364
-0.0260875474
-0.0273565277
-0.0272270135
-0.0075049555
-0.0028899957
-0.0031455555
-0.0005212878
0.0001520180
-0.0012567675
-0.0081335865
-0.0087556477
-0.0066534084
-0.0124649324
-0.0098725077
-0.0122550728
-0.0079847482
-0.0135461866
-0.0118563611
-0.0129728114
-0.0080307162
-0.0099142563
-0.0114910134
-0.0042755815
-0.0070133403
-0.0128008140
-0.0199947187
-0.0191530288
-0.0096819706
-0.0061301316
-0.0065951401
-0.0105390850
0.0002676537
-0.0017166669
-0.0078256046
0.0158261770
0.0147581365
-0.0030103900
-0.0067330375
-0.0080534646
-0.0076589532
0.0008774872
0.0019808623
-0.0222416075
0.0052333540
0.0649302399
0.0119645961
-0.0145392443
-0.0056766795
-0.0020222009
0.0026490610
-0.0060141933
-0.0258312784
-0.0808042990
-0.0423459325
-0.0035559134
-0.0056341332
-0.0056733897
0.0090835092
0.0056869870
-0.0084830698
0.0048154016
-0.0056919575
-0.0411357192
-0.0183707135
-0.0055052182
-0.0044139310
0.0186736671
0.0109869092
-0.0057434808
0.0093550664
0.0136653144
0.0051439087
-0.0023967041
-0.0013943569
-0.0035156645
0.0180346402
0.0183271905
0.0050179503
0.0075465726
-0.0034079174
-0.0024829418
-0.0041429448
-0.0026205396
-0.0016602307
0.0308501919
0.0304690059
0.0279868742
0.0255057456
0.0260379092
0.0280210540
0.0272331617
0.0206127694
0.0228990962
0.0294937099
0.0280584192
0.0229160781
0.0207701233
0.0230179898
0.0262001217
0.0262808133
0.0247730608
0.0234101343
0.0304097022
0.0280615622
0.0131308731
0.0097859807
0.0101018083
0.0266074795
0.0311606846
0.0271763315
0.0241192343
0.0316682715
0.0287316798
0.0236411673
0.0325915914
0.0530810675
0.0425918299
0.0129021602
0.0257017575
0.0259007494
0.0328791803
0.0271945682
0.0142960741
0.0515229242
0.0942902189
0.0190139207
-0.0056144756
0.0221246417
0.0186422390
0.0305253132
0.0248125565
0.0133890613
0.0248155017
0.0207776440
-0.0123731291
0.0257914768
0.0415749049
0.0312357148
0.0258777541
0.0278791209
0.0279271209
0.0248718527
0.0220541151
0.0189956211
0.0291205229
0.0382307435
0.0327232164
0.0277743138
0.0335147293
0.0315613268
0.0340118964
0.0438032749
0.0270257036
0.0186638010
0.0282594938
0.0318161394
0.0302239730
0.0308320480
0.0276835239
0.0308498097
0.0286664882
0.0270450466
0.0336524213
0.0379325370
0.0353103504
-0.0110700849
-0.0129915183
-0.0125552138
-0.0095048972
-0.0068242535
-0.0103449482
-0.0136051645
-0.0167119249
-0.0226241079
-0.0097265091
-0.0132054109
-0.0150343258
-0.0141779820
-0.0137679190
-0.0138323254
-0.0181487329
-0.0193974287
-0.0246609665
-0.0147267415
-0.0197486124
-0.0200611637
-0.0251703790
-0.0413173537
-0.0376017272
-0.0283001764
-0.0229343465
-0.0197376462
-0.0156696293
-0.0161389520
-0.0096438475
-0.0192546887
-0.0005060893
-0.0204887619
-0.0254251641
-0.0131429472
-0.0205747961
-0.0160342367
-0.0184800864
-0.0108251127
-0.0463959158
-0.0215962483
-0.0470991807
-0.0293042215
-0.0119941903
-0.0163962653
-0.0157461961
-0.0181396067
-0.0133107175
-0.0223919292
-0.0356773611
-0.0245342765
-0.0121115532
-0.0217724925
-0.0209363407
-0.0208047601
-0.0204145354
-0.0160311350
-0.0275722479
-0.0127616256
-0.0111974138
-0.0232686498
-0.0213821433
-0.0228268491
-0.0228521822
-0.0222920437
-0.0186545067
-0.0194697888
-0.0069817533
-0.0165318966
-0.0251523189
-0.0274429869
-0.0254040414
-0.0236878908
-0.0260280786
-0.0239429434
-0.0235358128
-0.0152029739
-0.0245267510
-0.0251422647
-0.0290192511
-0.0296806606
-0.0164753120
-0.0158746949
-0.0109871340
-0.0070491861
-0.0092241367
-0.0089283568
-0.0099932633
-0.0101345216
-0.0134993131
-0.0107632366
-0.0115175789
-0.0115941294
-0.0071880494
-0.0073006168
-0.0014785469
-0.0073164520
-0.0019662762
-0.0090494266
-0.0135172570
-0.0184943568
-0.0223096744
-0.0207348403
-0.0141194261
-0.0144069032
-0.0165493262
-0.0134306455
-0.0141104915
-0.0142066369
-0.0171267047
-0.0192926316
-0.0130040490
-0.0359268193
-0.0264812073
-0.0171713048
-0.0140679231
-0.0148513750
-0.0176693961
-0.0217329673
-0.0134417841
-0.0259772098
-0.0135197929
-0.0152886961
-0.0185678304
-0.0098202998
-0.0165164286
-0.0181587411
-0.0173767404
-0.0084088851
-0.0224318027
-0.0427151217
-0.0340073640
-0.0199994749
-0.0027443178
-0.0079384707
-0.0225080251
-0.0210316670
-0.0137680255
-0.0180605556
-0.0217119668
-0.0179726857
-0.0207684966
-0.0093991244
-0.0097560993
-0.0221249688
-0.0185242946
-0.0155100259
-0.0179442205
-0.0137192346
-0.0032583014
-0.0199890662
-0.0159355894
-0.0170148669
-0.0268697961
-0.0258949392
-0.0216705773
-0.0182716634
-0.0229149202
-0.0198349432
-0.0216793092
-0.0220918571
-0.0219637607
-0.0472306623
-0.0452013401
-0.0453110994
-0.0444421496
-0.0460305307
-0.0558319826
-0.0575955178
-0.0560766703
-0.0538539469
-0.0503617418
-0.0473563498
-0.0502059069
-0.0485780747
-0.0474656507
-0.0512305743
-0.0571284545
-0.0599751509
-0.0576580933
-0.0417370684
-0.0511887025
-0.0483400044
-0.0517882467
-0.0534349142
-0.0499449020
-0.0466704187
-0.0541978686
-0.0552538753
-0.0449295009
-0.0537508903
-0.0639646445
-0.0442358511
-0.0467845160
-0.0544931235
-0.0537351094
-0.0571527676
-0.0569228921
-0.0368883045
-0.0457935593
-0.0511271779
-0.0497749994
-0.0239635850
-0.0317961328
-0.0485575859
-0.0626782517
-0.0575461684
-0.0340371211
-0.0358933940
-0.0496749154
-0.0921066463
-0.1024200351
-0.0188371455
-0.0323255785
-0.0619127834
-0.0557490312
-0.0301825018
-0.0383737564
-0.0378853749
-0.0532202098
-0.0757526208
-0.0408385135
-0.0399055426
-0.0601052916
-0.0520358162
-0.0187104629
-0.0245151274
-0.0475278691
-0.0531846911
-0.0448384220
-0.0466931872
-0.0505186582
-0.0582986027
-0.0560684635
-0.0166508797
-0.0225121821
-0.0446789659
-0.0520333608
-0.0487359977
-0.0564554195
-0.0518079719
-0.0546382528
-0.0517244016
0.0003623095
0.0097025254
0.0027124183
0.0065132587
0.0032109612
0.0079768974
0.0032724384
0.0084907791
0.0064668382
0.0020557107
0.0105661574
0.0014666617
0.0004971874
-0.0022954723
0.0055438549
-0.0002249772
0.0093073519
0.0037533788
0.0011414091
0.0130616979
0.0041034321
0.0032718908
0.0005992110
-0.0026983024
0.0024481752
0.0098292229
0.0008546279
0.0007170754
0.0091911672
0.0012659855
-0.0025883475
-0.0155006720
0.0038777544
0.0141904342
0.0020447936
-0.0041254885
-0.0033043498
0.0078060438
0.0038438070
-0.0085569304
0.0356642561
-0.0183808105
0.0235869072
0.0094733089
-0.0006275261
0.0027943594
0.0124645789
0.0051289245
0.0051427314
0.0634746425
-0.0013003163
0.0112516062
0.0071022913
-0.0028711847
0.0031011011
0.0111775556
0.0066794071
-0.0007353154
-0.0098592625
0.0002509258
0.0010250239
0.0066038537
-0.0031020435
0.0020659476
0.0127998896
0.0089960487
0.0072835938
0.0160365065
0.0068731944
0.0054173098
0.0163779474
0.0025607843
0.0037197710
0.0124674490
0.0079863217
0.0044600741
0.0026813093
0.0058937748
-0.0001260328
0.0087871566
0.0065089065
0.0388130178
0.0378600264
0.0293199757
0.0296698222
0.0247751533
0.0259345544
0.0253812884
0.0208169308
0.0234331376
0.0383840728
0.0369770246
0.0322233857
0.0327330015
0.0243964262
0.0258220773
0.0299390477
0.0202296330
0.0225456690
0.0291101890
0.0311087453
0.0182842503
0.0232319596
0.0139002029
0.0196685622
0.0217072896
0.0231736632
0.0236517548
0.0314874815
0.0277906491
0.0153849506
0.0439324967
0.0571643750
-0.0027652413
-0.0011997670
0.0303291065
0.0298260095
0.0324538367
0.0260464120
0.0191016651
0.0690068421
0.0453279214
-0.0284617020
-0.0002067711
0.0271005572
0.0287816204
0.0293410622
0.0250342762
0.0267840057
0.0145013092
-0.0302290160
0.0217238472
0.0427264220
0.0251676243
0.0323418995
0.0275407109
0.0297225199
0.0266729929
0.0019073864
-0.0133629236
0.0439536045
0.0309953754
0.0268245721
0.0376006771
0.0336523718
0.0333171842
0.0354675840
0.0364645864
0.0241098645
0.0410422121
0.0324529084
0.0442596243
0.0495823564
0.0309729446
0.0298723507
0.0328412993
0.0308410600
0.0218971636
0.0331211610
0.0337759652
0.0465132991
0.0433328701
0.0064336135
0.0077089682
-0.0102461159
-0.0135127528
-0.0294505041
-0.0261623706
-0.0261084844
-0.0276986966
-0.0198121567
0.0052758037
0.0058579405
-0.0116523811
-0.0181976033
-0.0341875855
-0.0215180861
-0.0236132898
-0.0288916621
-0.0218389346
0.0045937979
-0.0016836115
-0.0210977827
-0.0257681059
-0.0375279679
-0.0329948705
-0.0177221436
-0.0322632093
-0.0221940515
-0.0013240849
-0.0052518648
-0.0176006604
-0.0166631578
-0.0654040766
-0.0107944806
-0.0012301877
-0.0506232378
-0.0282745223
-0.0100380974
-0.0082970349
-0.0024843079
-0.0381280528
-0.0989651550
0.0464446303
-0.0016526874
-0.0504953285
-0.0272810600
-0.0080169557
-0.0076033629
-0.0140604175
-0.0597177667
-0.0314914430
-0.0025488634
-0.0363970982
-0.0355511172
-0.0280504490
-0.0108336972
-0.0111998313
-0.0348155826
-0.0358232662
0.0050506337
-0.0364923435
-0.0273425819
-0.0287639964
-0.0323637415
-0.0120973296
-0.0190015512
-0.0347097151
-0.0200315578
-0.0172464801
-0.0262154247
-0.0199837265
-0.0268054475
-0.0315015594
-0.0112347916
-0.0183672940
-0.0245231962
-0.0220402274
-0.0244524219
-0.0274924663
-0.0246360971
-0.0315405374
-0.0271599350
-0.0079459021
-0.0101870333
-0.0124696727
-0.0133111055
-0.0055888832
-0.0040912062
-0.0004595963
-0.0066307688
-0.0092188910
-0.0097273331
-0.0113798646
-0.0076284771
-0.0073968363
-0.0074042316
-0.0085030437
-0.0129018459
-0.0171787803
-0.0114618751
-0.0138667324
-0.0093699354
0.0012700673
-0.0084908286
-0.0214524848
-0.0232022453
-0.0160249981
-0.0123079080
-0.0071521980
-0.0160864849
-0.0093439875
-0.0090933590
-0.0316117787
-0.0312866616
0.0002125546
0.0007383643
-0.0130200428
-0.0090154576
-0.0087696011
-0.0106017436
-0.0170889123
-0.0040182576
0.0552910394
0.0514490510
0.0063634452
-0.0090179206
-0.0048949598
-0.0131570975
-0.0168533828
-0.0094258559
-0.0022632085
-0.0367074982
-0.0840404134
-0.0441477517
-0.0096927854
-0.0124745057
-0.0099046034
-0.0140689874
-0.0154022022
-0.0338516754
-0.0376182194
-0.0045868418
0.0039166792
-0.0117131618
-0.0093363384
-0.0146007748
-0.0169694676
-0.0135820477
-0.0017242518
0.0128561492
0.0018838293
-0.0178678914
-0.0228406011
-0.0125147668
-0.0131688066
-0.0139748485
-0.0087396150
-0.0063913407
-0.0053205220
-0.0184062424
-0.0151071412
-0.0115182958
-0.0053292982
0.0142964987
0.0148382700
0.0109981955
0.0161179217
0.0104068476
0.0098570979
0.0141894261
0.0149780009
0.0114334981
0.0140263940
0.0160633477
0.0112364819
0.0152443528
0.0160296919
0.0166299976
0.0128497970
0.0156935432
0.0138938844
0.0147767905
0.0146490817
0.0035034476
0.0140429157
0.0271378407
0.0283497166
0.0157086196
0.0151281790
0.0114191861
0.0149550982
0.0139934051
0.0023257134
0.0154644259
0.0211834497
-0.0091911557
0.0080195480
0.0208096068
0.0112104627
0.0160415747
0.0113636702
-0.0090301248
0.0132681713
0.0283144085
-0.0309831306
-0.0135110376
0.0246410409
0.0054255352
0.0147395696
0.0173393673
0.0061095045
0.0096006150
0.0335983920
0.0136414412
0.0108366675
0.0339548756
0.0125340698
0.0101395070
0.0180583705
0.0119917165
0.0106726547
0.0182156617
0.0095862947
0.0044220391
0.0228985194
0.0113435128
0.0140309648
0.0208798359
0.0184783010
0.0142954650
0.0106362901
0.0058474174
0.0052596314
0.0125541508
0.0115647245
0.0145647769
0.0190245642
0.0141887541
0.0127574415
0.0172976602
0.0131069443
0.0115092965
0.0176347778
0.0134080574
0.0097113787
0.0094142457
0.0055937384
0.0094782944
0.0055140436
0.0039209180
0.0067944617
0.0085683834
0.0097655173
0.0058995745
0.0074826017
0.0035499609
0.0075563345
0.0061424912
0.0088038417
0.0038116436
0.0088950776
0.0068733091
0.0101581885
0.0078469597
0.0054543913
0.0104425528
0.0132159145
0.0067907345
0.0030798823
0.0072182900
0.0064971799
0.0026688029
0.0045760310
0.0035878855
0.0121759773
0.0047907125
0.0005416519
0.0030564697
0.0084641066
0.0025727942
0.0073069829
0.0032060772
0.0064213303
-0.0262034352
-0.0477571371
-0.0056265076
0.0060321093
0.0091771388
0.0016093323
0.0036050126
0.0111975601
-0.0041653341
0.0267626122
0.0533339132
-0.0142581179
0.0103621997
0.0129056195
0.0072131042
0.0062998164
0.0129556031
0.0095733484
0.0032196166
-0.0056612084
-0.0065878410
0.0062288115
0.0160103637
0.0088662126
0.0036920679
0.0073145516
0.0016026800
-0.0031197269
0.0007110779
0.0065582466
0.0005688009
0.0120038126
0.0042188462
0.0058669365
0.0092190132
0.0070102251
0.0065536370
0.0090693004
0.0092614761
0.0065080548
0.0119712264
0.0096551939
0.0120930421
0.0143313564
0.0136783784
0.0086060013
0.0070322109
0.0160804877
0.0132860756
0.0107808853
0.0076530866
0.0129320082
0.0154909760
0.0134727013
0.0125776824
0.0056415239
0.0093478464
0.0163431310
0.0145792067
0.0074095580
0.0098875812
0.0078293276
0.0038973316
0.0047881826
-0.0156388678
-0.0033568547
0.0134717549
0.0057265324
0.0062976697
0.0131378575
0.0155227010
0.0149537442
0.0172656635
0.0197188549
0.0174391039
0.0065511046
0.0172678786
0.0074139890
0.0062946557
0.0168396026
0.0288581768
0.0180142080
0.0597497117
0.0390596134
-0.0315423676
0.0122448474
-0.0064214735
0.0146980980
0.0145620318
0.0304729949
0.0019495196
-0.0274131417
0.0143733302
-0.0007873763
0.0136544604
0.0058918748
0.0158336688
0.0078443158
0.0246670944
0.0024141288
-0.0226054234
0.0150808940
0.0118276273
0.0132335097
0.0140966291
0.0137141766
0.0128280908
0.0185280262
0.0209078199
0.0279343606
0.0333178028
0.0135480445
0.0106992828
0.0123301549
0.0119123615
0.0123920211
0.0075946891
0.0077139063
-0.0070252706
0.0040290257
0.0198101168
0.0152798238
0.0090125981
-0.0400111250
-0.0442988316
-0.0390707422
-0.0464498056
-0.0461389383
-0.0469480614
-0.0388779714
-0.0340888128
-0.0241291177
-0.0446367814
-0.0519353885
-0.0465467238
-0.0511028587
-0.0457760708
-0.0487558889
-0.0431941282
-0.0405629489
-0.0303526864
-0.0480699648
-0.0545478810
-0.0503632477
-0.0557109826
-0.0437839533
-0.0314511285
-0.0340555385
-0.0498067326
-0.0388708206
-0.0400083351
-0.0506431560
-0.0418280063
-0.0396049065
-0.0630636649
-0.0720876206
-0.0301802790
-0.0448118980
-0.0409714205
-0.0460007042
-0.0524503928
-0.0454713984
-0.0329357442
-0.0259878065
-0.1051975970
-0.0696553688
-0.0293344142
-0.0366061664
-0.0477718812
-0.0517090164
-0.0521133756
-0.0735337337
-0.0407658826
-0.0039354608
-0.0518014580
-0.0495499064
-0.0461313232
-0.0502290593
-0.0510498479
-0.0390509475
-0.0562469112
-0.0552739335
-0.0288810395
-0.0288772971
-0.0546899570
-0.0443982610
-0.0491765580
-0.0545413091
-0.0399919627
-0.0453173368
-0.0434797493
-0.0583793835
-0.0480979550
-0.0587830305
-0.0475344514
-0.0491484811
-0.0567512622
-0.0476265492
-0.0540311162
-0.0474033883
-0.0534219577
-0.0463989986
-0.0549093711
-0.0444253590
0.0163705947
0.0173103865
0.0174351809
0.0182516447
0.0174870506
0.0239370557
0.0218597677
0.0254208933
0.0222906191
0.0189026821
0.0175496215
0.0184070136
0.0200033834
0.0159260262
0.0199407021
0.0185637177
0.0228346381
0.0231160498
0.0097110969
0.0106581094
0.0150380746
0.0098429493
0.0022778735
0.0032957228
0.0042017638
0.0114137115
0.0154930294
0.0125936813
0.0136017060
0.0154209541
0.0137734280
0.0163782882
0.0198558592
0.0169749849
0.0173985543
0.0191377636
0.0128321771
0.0028029192
-0.0073836226
0.0059641084
0.0013320257
-0.0157919679
0.0054729649
0.0127840411
0.0074844934
0.0137321158
0.0047852390
-0.0039815553
0.0184557605
0.0113300645
-0.0392162573
-0.0219871127
0.0131158681
0.0072890757
0.0070926078
0.0047056200
0.0078643694
0.0098019536
0.0185726413
0.0033960753
-0.0015583220
0.0162200113
0.0084072910
0.0066236293
0.0032476190
0.0090083396
0.0039023974
0.0173814784
0.0065901033
0.0032705783
0.0160060533
0.0078689946
0.0034077208
0.0006768639
0.0074301388
0.0023953875
0.0017012184
0.0013933800
0.0017117397
-0.0001201144
0.0028992268
0.0066030104
0.0119738273
0.0161872284
0.0186890140
0.0060629002
0.0116042233
0.0134762398
0.0173143055
0.0132161733
0.0118860798
0.0164167069
0.0161666232
0.0125736376
0.0142996285
0.0196734365
0.0154015558
0.0152953159
0.0130709174
0.0097343878
0.0160584757
0.0177153055
0.0196863544
0.0252291625
0.0212705497
0.0107030580
0.0121767072
0.0169224458
0.0084369459
0.0129542170
0.0287461525
0.0148770388
0.0037855477
0.0108250236
0.0119649499
0.0152532022
0.0149621568
0.0032611585
0.0164689253
0.0265901580
-0.0344547177
0.0172592951
0.0224438156
0.0092466288
0.0275860982
0.0186906745
0.0054875056
0.0219985954
0.0204384648
0.0068817505
0.0511589742
0.0058462520
-0.0064853296
0.0392509698
0.0198057626
0.0147732133
0.0166821579
0.0123928196
0.0226482850
0.0256117377
0.0033475945
-0.0006317486
0.0261886414
0.0086861780
0.0166642727
0.0119195953
0.0082799828
-0.0002719588
0.0124793904
0.0116366558
0.0097206980
0.0235148182
0.0180164121
0.0126151147
0.0131299213
0.0118297837
0.0148055938
0.0140517164
0.0128773822
0.0071959000
0.0160815468
0.0136482092
-0.0002098530
0.0037214233
-0.0013949478
0.0012203762
-0.0048454943
0.0015142559
-0.0007792609
0.0066518013
-0.0043723400
0.0030272200
0.0113106524
0.0036251656
0.0126694223
0.0106772684
0.0082400219
0.0015110607
0.0107120102
0.0032604946
0.0002041004
0.0058189927
0.0028340295
0.0025312135
0.0073185898
0.0071657535
-0.0026141437
0.0148756679
-0.0047000095
0.0077559762
0.0076335512
0.0028149964
0.0111606303
0.0533828112
-0.0097922664
0.0041847568
0.0181395097
0.0053576583
0.0006510423
0.0009415758
-0.0198375627
0.0565369009
0.1519255300
-0.0078658612
-0.0021005098
0.0084857856
0.0018480511
0.0032301871
0.0056865809
-0.0011757905
-0.0168850936
0.0021197833
-0.0013183251
-0.0037583154
0.0200205844
0.0081495197
-0.0048270641
0.0017657429
-0.0111649602
0.0050048179
0.0127233614
-0.0038165854
0.0014156320
0.0084244913
0.0025065547
0.0073110483
0.0090184026
0.0057325233
0.0148742595
-0.0012473206
0.0056757209
0.0029086094
0.0077582911
0.0108241930
-0.0009543885
0.0017520747
-0.0014362804
0.0036227099
0.0022414153
0.0061664350
-0.0008188525
0.0048405810
0.0000103216
0.0082685403
0.0175019536
0.0077612123
0.0090094729
0.0044279990
0.0000583920
0.0017590182
0.0011812710
0.0009004582
0.0063332803
0.0122664972
0.0031848331
0.0074484741
0.0093059880
0.0055782656
0.0055794428
0.0023011818
0.0010768238
0.0079482475
0.0023460798
-0.0111765691
-0.0050548724
0.0114064168
0.0173123249
0.0103089334
-0.0033420814
-0.0024770949
0.0099083814
0.0109654313
-0.0009503422
0.0051135297
0.0018699903
-0.0052118239
-0.0054909482
0.0030107475
0.0022311494
0.0062287344
0.0136634344
-0.0111767052
0.0100800670
0.0153786085
-0.0306237208
-0.0184272825
0.0094922089
-0.0029237788
0.0096089007
0.0157050280
-0.0348491205
-0.0231985898
0.0500685747
0.0027631569
0.0032113315
0.0067822214
-0.0017157514
0.0048724401
0.0140128595
-0.0119957003
-0.0268675064
0.0082956448
0.0049708649
0.0040418024
0.0015000893
-0.0015472367
0.0133277763
0.0189699314
0.0034560431
0.0009814632
-0.0066956162
-0.0059480704
-0.0003579725
0.0018599402
-0.0019288785
0.0112392779
0.0138428360
-0.0019360863
-0.0052712404
-0.0036877364
-0.0001628396
-0.0013125413
-0.0010596438
-0.0036349653
0.0056287060
0.0029812371
0.0068020837
0.0064838285
0.0101926632
0.0094021984
0.0037033604
0.0047336765
0.0058722305
0.0081344451
0.0031992352
0.0041731624
0.0098703499
0.0042830383
0.0081973308
0.0049401950
0.0050021729
0.0067691546
-0.0004759498
-0.0013381596
-0.0038712575
0.0213783436
0.0075930790
0.0098685053
0.0068626311
0.0027527791
0.0100910997
0.0003251631
0.0029985778
0.0010036658
-0.0021441643
0.0160447815
0.0058432267
-0.0039475946
0.0050486237
0.0076297547
0.0010929261
0.0004357255
-0.0025943415
0.0296505601
0.0417246840
0.0142256421
-0.0081455859
0.0102041771
0.0048739031
0.0056777367
0.0021755325
0.0065349408
0.0579256688
0.0331668919
0.0150722198
-0.0072359436
0.0118146488
0.0027023531
0.0060475641
-0.0050539178
0.0048876210
-0.0020373373
-0.0032565243
-0.0035788741
-0.0163007060
0.0057847543
0.0023982055
0.0162684127
0.0051356568
-0.0022501493
0.0199700324
0.0135215268
0.0087028709
0.0068308717
0.0067939629
0.0101204091
0.0122039276
0.0039809530
0.0035313470
0.0172093692
0.0117942160
0.0125102146
0.0106600215
0.0067727067
0.0101576954
-0.0047913334
-0.0073686704
-0.0069297521
-0.0076681197
-0.0165522139
-0.0114994143
-0.0164404638
-0.0208912170
-0.0231347924
-0.0037953391
-0.0090918752
-0.0101326965
-0.0055343270
-0.0149742181
-0.0130186356
-0.0146281568
-0.0225121349
-0.0238603369
-0.0066928782
-0.0166757504
-0.0194389429
-0.0142967311
-0.0148951413
-0.0137701487
-0.0165979273
-0.0282114193
-0.0197872718
-0.0066414124
-0.0106635619
-0.0194586690
-0.0297811786
-0.0643477806
-0.0156652964
-0.0234241795
-0.0307709177
-0.0241605861
-0.0052907422
-0.0053481809
-0.0208804476
-0.0124468858
-0.0625165657
-0.0269852799
-0.0188473112
-0.0302084399
-0.0224257135
-0.0054297861
-0.0124526742
-0.0298075477
-0.0279361823
-0.0604250147
-0.0274000318
-0.0128081477
-0.0260385974
-0.0215314798
-0.0086421979
-0.0157393338
-0.0248280821
-0.0202643985
-0.0321102552
-0.0165582338
-0.0131442105
-0.0254721632
-0.0242461721
-0.0095611799
-0.0139027526
-0.0191284021
-0.0091807932
-0.0160972412
-0.0184972090
-0.0226995518
-0.0308497779
-0.0324580111
-0.0121384673
-0.0178003718
-0.0193203842
-0.0151531112
-0.0207067573
-0.0229396642
-0.0238282492
-0.0326105677
-0.0342849243
-0.0025324301
-0.0034895436
-0.0074348829
-0.0120369176
-0.0088382254
-0.0101885452
-0.0091678638
-0.0104845951
-0.0028468144
-0.0060063960
-0.0046822141
-0.0056934303
-0.0140068974
-0.0118070355
-0.0119379184
-0.0146496560
-0.0132434388
-0.0084938751
-0.0086148023
-0.0021747609
-0.0012546268
-0.0179206871
-0.0245257708
-0.0104499688
-0.0191119184
-0.0146206118
-0.0118781656
-0.0113211773
-0.0101677589
-0.0040242477
-0.0244847322
-0.0216820379
0.0180684083
-0.0293407613
-0.0171196957
-0.0071920847
-0.0123580366
-0.0070384559
0.0049500035
-0.0271068398
0.0011248385
0.0140237289
-0.0505613783
0.0034592555
-0.0039170687
-0.0067672953
-0.0053102705
-0.0152286347
-0.0241785032
0.0364647628
-0.0525541949
-0.0371075782
0.0141318401
-0.0089123745
0.0025325139
-0.0067254856
-0.0214141872
-0.0001083275
0.0123529992
-0.0457612412
-0.0131876006
-0.0012547722
-0.0063976628
-0.0052858215
-0.0162142784
-0.0092147261
-0.0063789978
-0.0042800175
-0.0136789519
-0.0170256740
-0.0098834796
-0.0011180801
-0.0070385713
-0.0058455310
-0.0033225987
-0.0085892435
-0.0037736891
-0.0132032610
-0.0141383910
-0.0037924222
0.0002836191
-0.0021478329
-0.0021859987
-0.0062463309
-0.0039425632
-0.0026592544
-0.0047344009
0.0001737267
-0.0041488089
-0.0052397728
-0.0038825043
-0.0041104095
-0.0049869193
-0.0004987901
-0.0003859554
-0.0094291472
-0.0047676112
-0.0080098596
-0.0061861840
-0.0084397029
-0.0021662532
0.0006402895
0.0010917064
-0.0061117059
-0.0040453806
-0.0113225775
-0.0044023009
-0.0033245909
-0.0072882980
-0.0010929957
-0.0029280488
-0.0172194125
0.0116745584
-0.0071064675
-0.0213314341
0.0122130054
-0.0025136054
0.0031134663
-0.0021768129
-0.0238941897
-0.0096125822
0.0616608923
-0.0512690826
-0.0116881730
0.0180461415
-0.0055141369
0.0037354813
-0.0079466779
-0.0266367607
0.0292371475
0.0317312644
-0.0667514634
0.0049001983
-0.0021496676
-0.0089431987
-0.0016851442
-0.0086091116
-0.0129509075
0.0194268713
-0.0088505808
-0.0168636359
0.0058393921
-0.0080834356
-0.0067030357
-0.0041058018
-0.0046994625
-0.0083953164
-0.0050185612
-0.0130302596
-0.0011349821
-0.0021036755
-0.0092168869
-0.0028010149
-0.0041965219
-0.0026814980
-0.0034302748
0.0003866749
-0.0080972601
0.0003500700
-0.0049917226
-0.0030890052
-0.0013620885
-0.0205578065
-0.0194692312
-0.0226472830
-0.0261393493
-0.0198992226
-0.0242615531
-0.0293521923
-0.0239910159
-0.0239432720
-0.0225051832
-0.0195775316
-0.0198266950
-0.0236128254
-0.0189727657
-0.0279968677
-0.0300055984
-0.0189581695
-0.0236024856
-0.0198821296
-0.0170966525
-0.0264707810
-0.0202292521
-0.0145571731
-0.0282406537
-0.0262752706
-0.0165690379
-0.0235880851
-0.0236244607
-0.0175195964
-0.0268872142
-0.0324270581
-0.0231779291
-0.0219749744
-0.0357619972
-0.0213228753
-0.0224084024
-0.0270846234
-0.0213373554
-0.0236327631
-0.0647363745
-0.0370787821
-0.0159869419
-0.0389134736
-0.0320045040
-0.0281142440
-0.0286434991
-0.0204344841
0.0008924665
-0.0454805150
-0.0355933582
-0.0060528939
-0.0305731363
-0.0260399104
-0.0256877595
-0.0215344528
-0.0188436008
-0.0118080674
-0.0349181809
-0.0256612038
-0.0105438788
-0.0210548817
-0.0225838596
-0.0232204471
-0.0266051967
-0.0239888491
-0.0273631717
-0.0369809548
-0.0307558795
-0.0195212442
-0.0210498040
-0.0330524882
-0.0309798117
-0.0255643861
-0.0191959764
-0.0241647980
-0.0251941999
-0.0254239242
-0.0213671291
-0.0204957819
-0.0275224103
-0.0299319351
-0.0349203239
-0.0417367797
-0.0426319703
-0.0445167295
-0.0367161416
-0.0355472350
-0.0316299223
-0.0313504723
-0.0280501550
-0.0415346900
-0.0395355347
-0.0375493830
-0.0398510241
-0.0384341909
-0.0397312437
-0.0333179560
-0.0283088086
-0.0250954969
-0.0412150939
-0.0415449417
-0.0301220425
-0.0349121710
-0.0353954730
-0.0403141653
-0.0365508969
-0.0317715153
-0.0240366362
-0.0395930929
-0.0427088575
-0.0397130215
-0.0522960674
-0.0546165352
-0.0202990559
-0.0329531908
-0.0437277105
-0.0315701446
-0.0345821864
-0.0427777249
-0.0388044660
-0.0299708304
-0.0656522338
-0.0402528705
-0.0128543438
-0.0396865177
-0.0389696454
-0.0381787500
-0.0470471757
-0.0565748119
-0.0336961564
-0.0030746783
-0.0781818701
-0.0510011302
-0.0326482225
-0.0348184024
-0.0406676574
-0.0377816203
-0.0361165303
-0.0543268784
-0.0163243616
-0.0270928969
-0.0497825067
-0.0339067159
-0.0329385577
-0.0468196164
-0.0436405890
-0.0319851915
-0.0413916569
-0.0599258349
-0.0431989153
-0.0435765701
-0.0364638162
-0.0325364106
-0.0389825583
-0.0468358947
-0.0417330128
-0.0386575163
-0.0438957456
-0.0440961765
-0.0366328815
-0.0400051699
-0.0339378586
0.0092474763
0.0113269339
0.0089289732
0.0127318766
0.0148734362
0.0214469054
0.0111910875
0.0153319424
0.0137316481
0.0102246520
0.0107602149
0.0089948445
0.0144880716
0.0133461744
0.0105085790
0.0085901230
0.0136152567
0.0116047074
0.0065330807
0.0085307982
0.0122762050
0.0148422649
0.0064882725
-0.0065148775
0.0149598888
0.0152555219
0.0059560659
0.0091731358
0.0181415321
0.0176818190
0.0078080354
0.0272401394
0.0353569391
0.0196504145
0.0064875188
0.0100736694
0.0036939922
0.0107730151
0.0004937991
-0.0147809870
-0.0134050499
0.0218384311
0.0227214725
0.0049795684
0.0117617070
0.0072094575
0.0152002850
0.0169656051
0.0184211869
0.0112266462
-0.0121225122
0.0048680797
0.0097361699
0.0055762016
0.0033972557
0.0120015216
0.0076850868
0.0165906531
0.0361932105
0.0190040938
0.0023764864
0.0021494153
0.0073140146
0.0087006080
0.0141668514
0.0117230329
0.0092893924
0.0038049544
0.0076269738
0.0187140021
0.0217453943
0.0164247091
0.0037906900
0.0082996246
0.0111835121
0.0157276634
0.0108352635
0.0105387540
0.0092936100
0.0123289745
0.0138799696
0.0363152322
0.0407445394
0.0319892359
0.0296842114
0.0227178713
0.0231374140
0.0220329041
0.0201933089
0.0139021227
0.0412363465
0.0451819430
0.0358098201
0.0363544801
0.0278486285
0.0213911665
0.0146685644
0.0179209720
0.0190415099
0.0315801543
0.0364913999
0.0271368452
0.0357943040
0.0330998638
0.0178248581
-0.0030119948
0.0063681529
0.0107041240
0.0290895565
0.0267351758
0.0159592511
0.0082348015
-0.0398189222
-0.0115918991
0.0136853796
0.0031005587
0.0041104433
0.0210927710
0.0301894202
0.0236128042
-0.0275678574
-0.0938042892
-0.0017984212
0.0112653380
-0.0006479809
0.0025987150
0.0205618577
0.0228409258
0.0180204495
0.0289387280
0.0400173934
0.0651102615
0.0159202406
0.0021892760
0.0059082338
0.0240187232
0.0183061723
0.0060963388
0.0249913337
0.0203846214
0.0176439098
0.0129252715
0.0088222483
0.0023116274
0.0197855456
0.0147122764
0.0092022870
0.0044769103
-0.0087403650
-0.0145781697
-0.0013305189
-0.0012239247
-0.0033947604
0.0131773607
0.0138647909
0.0078681741
0.0062827067
0.0074476481
-0.0010452845
-0.0034110114
-0.0092266868
-0.0061894498
0.0115749181
0.0156053319
0.0132517013
0.0131787478
0.0146697142
0.0154367887
0.0089198661
0.0140490858
0.0099976624
0.0155628943
0.0171564614
0.0147735671
0.0148250760
0.0139872353
0.0104459022
0.0094089942
0.0140256538
0.0105905424
0.0111920719
0.0139394340
0.0128458668
0.0160884244
0.0059042250
-0.0044129774
0.0027386204
0.0091446261
0.0046322237
0.0137242742
0.0134977771
0.0052435067
0.0146574382
0.0151405281
0.0097441238
0.0154417809
0.0164588507
0.0076435248
0.0148824529
0.0133530627
-0.0040850618
0.0081990039
0.0144845716
0.0090024212
0.0134436174
0.0225142097
0.0060702907
0.0196565429
0.0158310598
-0.0015544089
0.0250141357
0.0266208992
-0.0211389582
0.0018782606
0.0178086178
0.0067142847
0.0144012292
0.0100076210
-0.0005830448
0.0125829474
0.0133436958
0.0020978598
0.0125029457
0.0076263270
0.0068190274
0.0168664802
0.0138179847
0.0085527018
0.0126219174
0.0175971065
0.0242246735
0.0194477712
0.0119820596
0.0108847033
0.0108980668
0.0134207982
0.0100582890
0.0090805641
0.0086834001
0.0122296650
0.0099991482
0.0070156365
0.0053803540
0.0094616723
0.0085272042
0.0059057369
0.0058042923
0.0038521794
0.0089064469
0.0151661661
0.0129772684
0.0062353268
0.0128815478
0.0131091996
0.0121727438
0.0144425817
0.0141333795
0.0165491353
0.0097371068
0.0113985850
0.0099914257
0.0112653337
0.0065204153
-0.0040493834
-0.0000268229
-0.0070450279
0.0035855359
0.0019903249
-0.0016326378
-0.0043887922
0.0119162457
0.0140910061
0.0129830721
0.0153292154
0.0105449747
0.0157741232
0.0132206315
0.0254892540
0.0128002724
0.0060007041
0.0056424459
0.0067674486
0.0391735528
0.0638178069
0.0405771383
0.0057556368
0.0327811630
0.0100059571
0.0178094289
0.0085290663
-0.0016032086
-0.0007432043
-0.0317732579
-0.0498466491
-0.0230754154
0.0231099111
0.0107870544
0.0115684380
0.0048068013
0.0074823721
0.0099269839
0.0147624964
0.0327766831
0.0169066855
0.0086405551
0.0047397725
0.0154294691
0.0121714130
0.0126575819
0.0150461237
0.0046451247
0.0114790618
0.0183884228
0.0124396959
0.0070910735
0.0087765188
0.0058134265
0.0084091948
0.0010013469
-0.0004462752
0.0077423563
0.0038504280
0.0062354532
0.0001952634
0.0034508432
0.0076511451
0.0059790324
0.0033367064
0.0046961086
0.0042450731
0.0030171262
0.0050173008
0.0031692170
-0.0023830342
0.0029315748
0.0009831950
-0.0013668467
-0.0003877735
0.0006690732
-0.0011781387
0.0000111350
-0.0021748023
0.0055276404
0.0093799989
0.0039910166
0.0087466891
0.0206899746
0.0156288275
0.0070256925
0.0049397477
0.0072258007
0.0045164970
0.0009357948
-0.0107530877
0.0041213194
0.0048949626
-0.0103896327
-0.0067161381
0.0023391194
0.0022791335
0.0070065166
0.0081250989
0.0001658392
0.0040206639
-0.0184133970
-0.0356169103
-0.0272046388
-0.0013626810
0.0055979948
0.0063618456
0.0044507704
0.0024949802
0.0016968172
0.0572447184
0.0535702877
0.0063939659
0.0088003153
0.0072334100
0.0054977721
0.0069369631
0.0090957308
-0.0107742771
-0.0135741931
-0.0054460994
0.0044334236
0.0179747565
0.0082019095
-0.0021524911
0.0037055940
0.0014128937
0.0051537752
0.0108396096
0.0056044698
-0.0080214134
0.0010476637
0.0029397815
0.0070944098
0.0092632136
-0.0017280609
0.0106123056
0.0050295017
-0.0017839613
0.0042568542
0.0057922714
0.0036733517
-0.0120233505
-0.0114416477
-0.0086767594
-0.0052350010
-0.0036203382
-0.0039933520
-0.0081346150
-0.0045233920
-0.0132308193
-0.0144512515
-0.0138688068
-0.0098484881
-0.0028383906
-0.0069754531
-0.0051142335
-0.0105157029
-0.0064214724
-0.0133845614
-0.0145788721
-0.0115227693
-0.0070323358
-0.0054145237
0.0031622440
0.0039896646
-0.0085302671
-0.0091071261
-0.0114211000
-0.0131069628
-0.0119665929
-0.0149520162
-0.0134140695
0.0043155386
-0.0062660674
-0.0262768819
-0.0018542466
-0.0063087678
-0.0144715640
-0.0188830005
-0.0146314227
-0.0130740120
-0.0323707415
-0.0213029111
-0.0185496264
-0.0007462879
-0.0122769408
-0.0195214357
-0.0196599573
-0.0097545057
-0.0301750473
0.0120073898
-0.0019535916
-0.0279245078
-0.0013455784
-0.0113115079
-0.0203390768
-0.0250112609
-0.0180798427
-0.0180925364
-0.0086711996
-0.0051674034
-0.0082625095
-0.0095434379
-0.0094090159
-0.0127699489
-0.0151156533
-0.0177367449
-0.0053916564
-0.0131385576
-0.0073030538
-0.0087281563
-0.0067993224
-0.0080620853
-0.0182822832
-0.0190073566
-0.0138910410
-0.0075435986
-0.0073801775
-0.0042134982
-0.0098076896
-0.0112027757
-0.0132303868
0.0101933704
0.0112410880
0.0066417053
0.0098658926
0.0109830111
0.0103275369
0.0074386952
0.0107273871
0.0094618753
0.0108797936
0.0108862198
0.0106266708
0.0116267186
0.0121229451
0.0119814360
0.0108424053
0.0150710036
0.0115046077
0.0108487625
0.0071119286
0.0078536227
0.0012804655
0.0052707389
0.0119915425
0.0126091438
0.0171840018
0.0099911101
0.0150660889
0.0119435590
0.0153107951
0.0116271121
0.0117494208
0.0073392955
0.0054746329
0.0122071020
0.0118169575
0.0144529027
0.0078439377
0.0224792057
0.0031288882
-0.0096961254
0.0080420696
0.0143510635
0.0012962748
0.0120109557
0.0111800578
0.0087330218
0.0260038556
-0.0126061695
-0.0120406407
0.0349846229
0.0253992134
0.0001402594
0.0132669991
0.0051026812
0.0151012567
0.0238386949
-0.0015820307
-0.0033518091
0.0175010274
0.0128940281
0.0079446189
0.0109464194
0.0052119584
0.0142706363
0.0229277022
0.0116429784
0.0080792536
0.0144843140
0.0139184355
0.0146684922
0.0117138733
0.0054808502
0.0095270131
0.0122605943
0.0068497689
0.0078360148
0.0109499145
0.0104794570
0.0146100412
0.0097531257
-0.0531315086
-0.0573504784
-0.0538735462
-0.0560877390
-0.0546024478
-0.0589383996
-0.0504072589
-0.0467514026
-0.0359635735
-0.0508809991
-0.0586993462
-0.0555607275
-0.0521962510
-0.0520159634
-0.0570042042
-0.0529458016
-0.0451851983
-0.0360187516
-0.0494880240
-0.0605026154
-0.0530817056
-0.0437906136
-0.0533201631
-0.0599051558
-0.0440361925
-0.0520962593
-0.0412567447
-0.0505822109
-0.0617696935
-0.0733954723
-0.0310799799
-0.0423995443
-0.0886966452
-0.0350401251
-0.0525287532
-0.0496509273
-0.0510464087
-0.0558528772
-0.0700001356
-0.0414229557
0.0118155961
-0.1280688427
-0.0408579138
-0.0326320649
-0.0429165974
-0.0547565678
-0.0557932835
-0.0627400321
-0.0795226477
0.0020813864
-0.0930593926
-0.0753935553
-0.0278979321
-0.0427869498
-0.0552247596
-0.0550238127
-0.0520599935
-0.0709607060
-0.0318737126
-0.0465089098
-0.0779106090
-0.0409755735
-0.0470637814
-0.0600407448
-0.0591482043
-0.0539087950
-0.0568333737
-0.0550925225
-0.0490482110
-0.0650987864
-0.0481522301
-0.0502634683
-0.0568865501
-0.0610428639
-0.0543527680
-0.0553811697
-0.0500747315
-0.0554564209
-0.0563102357
-0.0526187443
-0.0472826700
0.0106927947
0.0133587055
0.0143648794
0.0168131049
0.0135831496
0.0143535199
0.0063835798
0.0088732572
0.0135456532
0.0118042941
0.0148232176
0.0116300819
0.0081889103
0.0044604237
0.0160392879
0.0196284050
0.0146179533
0.0158107216
0.0056514044
0.0153732146
0.0087565033
-0.0029962885
-0.0036368707
0.0089279272
0.0187005756
0.0208992503
0.0176593391
0.0083554370
0.0212714678
0.0220028494
0.0290329891
0.0362157617
0.0220805640
0.0125785883
0.0099174453
0.0134300570
0.0049342399
0.0228167572
0.0368313015
-0.0041478774
-0.0243124948
0.0238618300
0.0198254717
-0.0015392247
0.0113729296
0.0038709198
0.0196502083
0.0267940535
0.0032600126
-0.0001503370
0.0444549411
0.0386472115
0.0084394341
0.0164421758
0.0125509991
0.0168146668
0.0003107694
0.0180541233
0.0208102482
0.0135461003
0.0191032086
0.0167860578
0.0166518655
0.0178095425
0.0173024205
0.0036703994
0.0166503224
-0.0007482887
0.0024569411
0.0187548044
0.0194660352
0.0139388670
0.0107179210
0.0178062886
0.0156971882
0.0127901828
0.0114586650
0.0166677652
0.0191981635
0.0180392262
0.0134802270
0.0136388312
0.0097133083
0.0064906263
0.0124007786
0.0135851583
0.0216139351
0.0211304917
0.0259653734
0.0246010539
0.0126988234
0.0084381692
0.0041911238
0.0116702929
0.0083450442
0.0133878903
0.0167476588
0.0246787503
0.0267634345
0.0055662823
0.0060782948
0.0111686462
0.0127198800
-0.0038364788
0.0006737513
0.0090608151
0.0220412333
0.0245122483
0.0073503391
0.0063022195
0.0025214351
0.0094114513
-0.0020414305
0.0124674008
0.0203067133
0.0222081471
0.0202149648
0.0063271914
0.0021879096
-0.0132650377
0.0286389251
-0.0027517845
-0.0037784856
0.0203001003
0.0171719939
0.0175661949
0.0056188450
0.0017745086
-0.0050747094
0.0516819548
-0.0219636593
-0.0144407437
0.0174065245
0.0195247215
0.0195722730
0.0047816177
0.0007207685
0.0026627703
0.0206024326
-0.0161006310
-0.0027908004
0.0221031064
0.0201567561
0.0163646328
0.0077640380
0.0073933733
0.0061490091
0.0148214060
0.0036493555
0.0016806133
0.0180695373
0.0243049292
0.0185543741
0.0072939139
0.0070178512
0.0056988760
0.0098367079
0.0090294596
0.0110237774
0.0144163202
0.0243018300
0.0240310125
0.0099892906
0.0050526436
0.0087233198
-0.0003812785
0.0018131910
0.0012242335
0.0102210566
0.0054452132
0.0108549818
0.0109748849
0.0056713621
0.0112453136
0.0075790780
0.0114470354
0.0125283061
0.0109262597
0.0091306442
0.0108144216
0.0104897982
0.0054449011
0.0071178169
-0.0026717168
0.0003748766
0.0007387249
0.0117050766
0.0008566284
0.0025918951
0.0058311616
0.0099280423
0.0160206430
0.0023282668
-0.0123745407
0.0328165772
-0.0048368099
0.0084321769
0.0090998635
0.0043501670
0.0048526769
0.0098689718
-0.0119649520
-0.0212652484
0.0804532004
-0.0206980779
-0.0013359304
0.0022290617
0.0070712804
0.0121232291
0.0167703649
0.0112509353
-0.0184642160
-0.0134455253
0.0036565034
0.0051303739
0.0053618441
0.0086446196
0.0031474134
0.0080741795
0.0089348782
0.0030987127
0.0173015327
0.0155060038
0.0000470301
0.0054743133
0.0089367323
0.0079279101
0.0013886358
0.0022320970
-0.0019993756
0.0089996499
0.0181656337
0.0084299352
0.0088229395
0.0067016005
0.0060327912
0.0071036751
0.0022357611
0.0044666924
0.0119945304
0.0118717591
0.0031774254
0.0070224941
0.0023263645
0.0001450634
-0.0053429589
-0.0056904456
-0.0089350691
-0.0109418231
-0.0078035659
-0.0147538407
-0.0138982487
0.0155296609
0.0149230447
0.0093062995
0.0041009643
-0.0022131778
0.0001142330
0.0038208244
-0.0070021404
-0.0097255800
-0.0149106482
-0.0175825704
-0.0181142329
-0.0235114049
-0.0164354919
-0.0167692922
-0.0161091644
-0.0339585742
-0.0287299846
-0.0111730383
-0.0156550465
-0.0228084733
-0.0394113541
-0.0442007382
-0.0426397718
-0.0374276383
-0.0397363121
-0.0298262118
-0.0242171732
-0.0331796354
-0.0369087357
-0.0413124116
-0.0612297515
-0.0768719194
-0.0440631798
-0.0394310486
-0.0304300424
-0.0206819830
-0.0257289523
-0.0300898126
-0.0200106373
0.0048708907
-0.0077456801
-0.0189057742
-0.0322159506
-0.0308915716
-0.0241023298
-0.0247631833
-0.0227084132
-0.0293190640
-0.0189593163
-0.0160304268
-0.0122646334
-0.0231171550
-0.0275424258
-0.0292711055
-0.0295392743
-0.0313865446
-0.0361534755
-0.0415428312
-0.0493488983
-0.0445132675
-0.0433511009
-0.0417179353
-0.0294343119
-0.0332021462
-0.0316359497
-0.0370629460
-0.0380097599
-0.0381652015
-0.0361029065
-0.0459456760
-0.0435575497
-0.0265252514
-0.0229413325
-0.0211939016
-0.0223212613
-0.0251059951
-0.0249423475
-0.0341510618
-0.0306252227
-0.0224359984
-0.0233402167
-0.0206759897
-0.0240676733
-0.0264092398
-0.0336714669
-0.0352899802
-0.0262488911
-0.0189660467
-0.0250814006
-0.0222723749
-0.0276224797
-0.0351755908
-0.0464808703
-0.0484928322
-0.0212928513
-0.0104417803
-0.0290317236
-0.0338448846
-0.0234300171
-0.0285126238
-0.0258322223
0.0025687218
0.0174907559
-0.0233830233
-0.0472859626
-0.0364824925
-0.0276707677
-0.0314036056
-0.0312893087
-0.0233872274
-0.0366327797
-0.0853542569
-0.0859891239
-0.0529851132
-0.0398363769
-0.0347744736
-0.0292556265
-0.0278190103
-0.0401771918
-0.0397332456
-0.0246354186
0.0214179026
0.0003454614
-0.0295259143
-0.0307606494
-0.0263126476
-0.0283806923
-0.0314595897
-0.0158082526
-0.0147148911
-0.0239664300
-0.0279174269
-0.0212036496
-0.0259761402
-0.0291320108
-0.0294694598
-0.0287929795
-0.0424569366
-0.0619872597
-0.0571824235
-0.0436123353
-0.0252602301
-0.0249561930
-0.0289663904
-0.0274879356
-0.0310261072
-0.0342068912
-0.0354536952
-0.0274334120
-0.0256549350
-0.0273251455
-0.0313095695
-0.0291833432
-0.0313059163
-0.0315975038
-0.0280050253
-0.0350092538
-0.0303530909
-0.0302514410
-0.0313398122
-0.0333491143
-0.0236508973
-0.0340531771
-0.0272052447
-0.0250390423
-0.0415690430
-0.0243036907
-0.0293966488
-0.0341467546
-0.0303155467
-0.0253321357
-0.0359048443
-0.0210776557
-0.0121974548
-0.0575505384
-0.0281658102
-0.0351840135
-0.0385573089
-0.0301167892
-0.0225175165
-0.0316935294
-0.0478783435
-0.0190194384
-0.0370102669
-0.0350072226
-0.0261354497
-0.0319993174
-0.0306953449
-0.0260082047
-0.0270843810
-0.0481028974
-0.0109423387
0.0090631499
-0.0453179692
-0.0223485436
-0.0243431260
-0.0303070887
-0.0278328652
-0.0269112943
-0.0233838687
-0.0466012393
0.0015894571
-0.0618268312
-0.0365029315
-0.0312510762
-0.0327628585
-0.0314568455
-0.0258753404
-0.0089670876
-0.0542879844
-0.0299920732
-0.0426274714
-0.0414388735
-0.0314223640
-0.0286873014
-0.0281238940
-0.0307748177
-0.0180089110
-0.0385001422
-0.0309405277
-0.0152349266
-0.0349139730
-0.0341211587
-0.0266079076
-0.0295416764
-0.0320762879
-0.0282274733
-0.0343345885
-0.0359103708
-0.0181524976
-0.0274455213
-0.0373519227
-0.0265218539
0.0171524482
0.0163102919
0.0136194346
0.0142492017
0.0120652851
0.0163575648
0.0160923671
0.0186895048
0.0160794613
0.0156189140
0.0168087624
0.0151044692
0.0187261129
0.0136217523
0.0175673123
0.0166143894
0.0148863853
0.0153974710
0.0152840555
0.0134956977
0.0114119101
0.0176311211
0.0156566721
0.0170535574
0.0183470848
0.0110527485
0.0111394204
0.0126615060
0.0141929497
0.0122456767
0.0085423996
0.0084367128
0.0143466897
0.0111070277
0.0158957172
0.0154107236
0.0048563073
0.0160638015
0.0117554171
0.0017403509
0.0234204567
0.0129381802
-0.0081647272
0.0157661129
0.0103958681
0.0065553665
0.0163711331
0.0241068003
0.0129064646
0.0114495001
0.0187589722
0.0111481419
0.0154396957
0.0106412967
0.0165236916
0.0123264393
0.0049885385
0.0177628287
-0.0254978885
-0.0118200242
0.0192957727
-0.0005575313
0.0078608249
0.0165727667
0.0174546249
0.0051893014
0.0308912511
0.0226085828
0.0289905408
0.0257143340
0.0073967384
0.0122615613
0.0084600008
0.0146714844
0.0100180913
0.0114165185
0.0057193774
0.0143182526
0.0122086327
0.0142168095
0.0149495224
0.0076832281
0.0087893422
0.0102787833
0.0096010853
0.0028188606
0.0147847196
0.0093660754
0.0091497209
0.0098132300
0.0120247319
0.0132370454
0.0121570822
0.0145543957
0.0045128647
0.0126092500
0.0142861943
0.0113749296
0.0116612686
0.0140761134
0.0130747567
0.0143898008
0.0143841361
0.0064167467
0.0078862671
0.0126834945
0.0077164960
0.0120459145
0.0110605841
0.0104815144
0.0118199531
0.0109203152
0.0043912922
0.0277181777
0.0208210835
0.0086910901
0.0153324553
0.0163716737
0.0084312006
0.0036282444
0.0054462210
-0.0152309581
0.0455568038
0.0277798184
-0.0022368952
0.0195642541
0.0176384305
0.0092850010
0.0079367680
0.0479241486
0.0041559941
0.0029569941
0.0162697164
-0.0013582510
0.0144764801
0.0148274254
0.0051013662
-0.0023376534
0.0378464939
0.0124167773
0.0007008236
0.0159019391
0.0035957731
0.0109109340
0.0111919952
0.0122206704
0.0019856672
0.0106890020
0.0069551314
0.0189292797
0.0250004898
0.0126057333
0.0149090812
0.0090496715
0.0134863684
0.0105830822
0.0147637377
0.0052018386
0.0123970498
0.0131433068
0.0122127665
0.0121846779
-0.0010622438
-0.0002867814
0.0007631083
0.0017788634
0.0043406800
0.0033036239
0.0027873051
-0.0014955370
-0.0026266404
0.0056713819
0.0032958642
0.0044390809
0.0059400772
-0.0056239600
-0.0004594420
0.0079387906
0.0058548085
0.0060157379
0.0014388640
-0.0011052184
0.0009447622
-0.0006577594
-0.0233559773
-0.0123726240
-0.0076512258
-0.0124514447
0.0042567511
0.0033707422
0.0093135877
0.0195342712
-0.0096370396
-0.0125214553
0.0595615244
0.0071307502
0.0026722896
0.0190933589
0.0023354528
0.0022235389
0.0041149844
-0.0180046592
0.0028152491
0.0954746048
0.0096514818
-0.0148110086
0.0126459945
0.0047905510
0.0072830727
0.0159724893
0.0038732472
-0.0293170185
-0.0121665719
-0.0106356248
-0.0066243287
0.0126766619
0.0092529362
0.0064567094
0.0092759970
0.0120822096
0.0280855659
0.0254540678
0.0099347947
0.0069588695
0.0089191126
0.0063140001
0.0054272439
0.0091097378
0.0032428912
0.0022189412
0.0007515675
0.0058594313
0.0116436201
0.0083032510
-0.0003202035
-0.0019096244
0.0000039676
-0.0051580616
-0.0059747888
-0.0070794095
-0.0055841372
-0.0011274652
0.0015678847
0.0101158127
0.0125962835
0.0117714781
0.0086204496
0.0059051781
0.0126244172
0.0127771003
0.0182285394
0.0171998720
0.0143541602
0.0158329933
0.0146079888
0.0168081821
0.0192372569
0.0200270057
0.0102019365
0.0151550760
0.0178931171
0.0169244797
0.0144105783
0.0195690460
0.0304442846
0.0216609640
0.0136840831
0.0003061932
0.0068586749
0.0153002891
0.0149734465
0.0167386637
0.0201727124
-0.0033181078
0.0021913415
0.0277332718
0.0197437254
0.0122095048
0.0174479606
0.0071065311
0.0139477843
0.0114109445
0.0156337766
0.0515414703
0.0468203649
0.0285931107
0.0117439967
0.0144356172
0.0150686394
0.0193020612
0.0154175385
0.0261247074
0.0119684228
-0.0107961048
0.0054805921
0.0111984447
0.0187183397
0.0138610978
0.0147191765
0.0078699123
0.0114474576
0.0056253742
0.0036059489
0.0096514703
0.0131722588
0.0135697304
0.0140990803
0.0163660942
0.0131519595
0.0210897599
0.0287578404
0.0444318384
0.0292972960
0.0172483795
0.0186587976
0.0103636925
0.0148112232
0.0118358140
0.0168275906
0.0128891695
0.0196659948
0.0135032844
0.0151539622
0.0149654356
-0.0154554503
-0.0193377925
-0.0229045600
-0.0184967767
-0.0188892287
-0.0267363627
-0.0241511056
-0.0250066250
-0.0193047256
-0.0203811058
-0.0209286099
-0.0233453170
-0.0229820883
-0.0214938940
-0.0228638627
-0.0198478128
-0.0179650087
-0.0198971041
-0.0212564281
-0.0245185340
-0.0243683511
-0.0249104033
-0.0249296913
-0.0231339449
-0.0189871277
-0.0230646039
-0.0261709143
-0.0138885549
-0.0233767326
-0.0215827471
-0.0180981229
-0.0143659691
-0.0331122693
-0.0203684170
-0.0216606871
-0.0200359671
-0.0154284970
-0.0282931465
-0.0245298809
-0.0274259155
-0.0027054980
-0.0291798254
-0.0161830340
-0.0180204153
-0.0186420663
-0.0171170121
-0.0251809812
-0.0310290185
-0.0183132891
0.0042121194
-0.0365096858
-0.0212238745
-0.0201903375
-0.0214962500
-0.0185877158
-0.0236221772
-0.0286103288
-0.0254178016
-0.0145797897
-0.0322747541
-0.0154828783
-0.0172936853
-0.0184203586
-0.0228583989
-0.0241024210
-0.0240406550
-0.0220417177
-0.0045407147
-0.0292088947
-0.0224238878
-0.0207009390
-0.0216080594
-0.0259394211
-0.0230737257
-0.0232292603
-0.0273350884
-0.0165097708
-0.0283887015
-0.0242659696
-0.0235360855
-0.0237147955
0.0009211256
0.0033093723
0.0046023663
0.0063853586
0.0064345622
0.0039248258
-0.0015449412
0.0057067681
0.0023743526
0.0086792815
0.0099640129
0.0072088333
0.0078758188
0.0065262704
0.0103874954
0.0083099667
0.0109723323
0.0094997489
0.0008915072
0.0023805469
-0.0024973035
-0.0034318678
-0.0109782355
0.0012572735
-0.0017435285
0.0008195670
0.0054601876
0.0060508015
0.0103849676
0.0062500389
0.0140785439
0.0104696055
-0.0005910847
-0.0008903575
0.0169326632
0.0115303762
0.0078934982
0.0065806917
0.0045383399
0.0307109170
0.0463700569
0.0244420809
0.0057931906
0.0081123893
0.0052121232
0.0051276417
0.0060408341
0.0057884744
-0.0191972163
-0.0290580318
-0.0240895466
0.0024657136
0.0062090094
0.0068225492
0.0008576302
0.0062002647
0.0141210418
0.0057031120
0.0100622794
-0.0004588215
0.0119175797
0.0115166991
0.0074709504
0.0065610804
0.0067584275
0.0040270398
0.0102942624
0.0068094009
0.0131059558
0.0110801324
0.0100475766
0.0106206905
0.0012620373
0.0004299009
-0.0017693184
-0.0014145026
0.0017748396
0.0105532286
0.0042025696
0.0034265163
0.0007520502
-0.0112873341
-0.0091210207
-0.0094923857
-0.0184802010
-0.0121722622
-0.0165013088
-0.0168095830
-0.0218502782
-0.0206101545
-0.0095883161
-0.0134787211
-0.0129413754
-0.0201954445
-0.0157792358
-0.0197235293
-0.0111271869
-0.0213449989
-0.0232961154
-0.0050506582
-0.0141320498
-0.0165632473
-0.0175359471
-0.0164653019
-0.0237001136
0.0053008034
-0.0205235337
-0.0212252838
-0.0074399011
-0.0158779012
-0.0188394622
-0.0072787966
-0.0279673221
-0.0280763530
0.0051290894
-0.0476672281
-0.0262139461
-0.0116904864
-0.0161460443
-0.0120100093
-0.0090191055
-0.0629956772
-0.0069006374
0.0109330772
-0.0444919465
-0.0192446709
-0.0139872210
-0.0189188269
-0.0040132093
-0.0116615344
-0.0594913722
0.0228640822
-0.0156452025
-0.0330565454
-0.0175623764
-0.0187710464
-0.0191766762
0.0023663558
-0.0242084590
-0.0304459509
0.0104895911
-0.0249747437
-0.0223466566
-0.0169636882
-0.0222736801
-0.0134460155
-0.0045541229
-0.0382537302
-0.0248052853
-0.0113519377
-0.0177927638
-0.0262614592
-0.0221022256
-0.0195250552
-0.0122640228
-0.0093938227
-0.0280050365
-0.0197989439
-0.0159351234
-0.0140189351
-0.0235513542
-0.0162396311
0.0383594226
0.0443510175
0.0312204043
0.0386122363
0.0232804968
0.0210072547
0.0316232124
0.0373836037
0.0307326334
0.0425025521
0.0435333140
0.0311374984
0.0385857961
0.0321741294
0.0241178195
0.0246026578
0.0318850874
0.0332757503
0.0418211722
0.0439175638
0.0268320010
0.0423919037
0.0425262660
0.0226270592
0.0171220264
0.0273257997
0.0292760956
0.0407563095
0.0396887622
0.0306294593
0.0388343946
0.0188606621
-0.0044328322
0.0286618102
0.0380983228
0.0304591538
0.0328303303
0.0420561989
0.0454426963
0.0379060002
-0.0337319786
0.0016174710
0.0437407313
0.0246838225
0.0291461309
0.0291158158
0.0430846728
0.0464167368
0.0150387288
-0.0056445415
0.0860223203
0.0387060471
0.0075975224
0.0271383783
0.0276753282
0.0459872303
0.0436631922
0.0116658066
0.0109925407
0.0517859824
0.0308676774
0.0246780493
0.0292943964
0.0304520835
0.0391377120
0.0314324676
0.0244419862
0.0088249915
0.0177909141
0.0285142805
0.0284513189
0.0307245413
0.0349732602
0.0374685253
0.0284268250
0.0343532542
0.0221167174
0.0298139750
0.0271012309
0.0293103543
0.0258780730
-0.0184976598
-0.0211423101
-0.0214571485
-0.0208279216
-0.0172828594
-0.0196586257
-0.0192505082
-0.0225545135
-0.0218254889
-0.0191791407
-0.0209140840
-0.0212501517
-0.0191583384
-0.0187212531
-0.0242054148
-0.0188479289
-0.0196877314
-0.0210062491
-0.0204527867
-0.0192467922
-0.0215682094
-0.0253410544
-0.0192123417
-0.0233420613
-0.0169858127
-0.0135809256
-0.0180033331
-0.0176835442
-0.0218127039
-0.0199375726
-0.0197047204
-0.0193467597
-0.0303762527
-0.0228943195
-0.0164847271
-0.0187200243
-0.0233558049
-0.0270785511
-0.0220719525
-0.0068972478
0.0025958631
-0.0260719001
-0.0296201873
-0.0214048819
-0.0244939493
-0.0224468580
-0.0181094960
-0.0202712192
-0.0264672669
-0.0123058906
-0.0145718182
-0.0151880984
-0.0083381380
-0.0216731914
-0.0203625399
-0.0203636203
-0.0260439286
-0.0236705420
-0.0306506402
-0.0460925399
-0.0364190812
-0.0196506755
-0.0212437160
-0.0208479574
-0.0207182208
-0.0139894861
-0.0138897944
-0.0130869322
-0.0052711406
-0.0124626167
-0.0214952069
-0.0204380807
-0.0234541757
-0.0213572194
-0.0175618047
-0.0255494482
-0.0291380389
-0.0263524708
-0.0209276809
-0.0211008115
-0.0198178879
0.0095933695
0.0141512956
0.0140335087
0.0106159127
0.0099853738
0.0156998837
0.0098772756
0.0138750182
0.0139543636
0.0090657918
0.0172911372
0.0165990163
0.0116089726
0.0131723184
0.0147695366
0.0144056157
0.0191527973
0.0136434260
0.0020613011
0.0160991129
0.0272951439
0.0116451703
0.0206738840
0.0198924727
0.0220198693
0.0225019224
0.0129834302
0.0079000109
0.0174234863
0.0293899305
0.0112682982
0.0145185242
0.0306292877
0.0185031398
0.0142571982
0.0138489170
0.0088955236
0.0103659553
0.0164802150
0.0199458134
0.0013366640
0.0453536203
0.0015684224
-0.0076086264
0.0096802565
0.0124717327
0.0141941067
0.0133722554
0.0198684283
-0.0209124293
0.0534189683
0.0195936936
0.0055739294
0.0194366753
0.0100849492
0.0126280943
0.0194272585
0.0183246702
-0.0055932024
0.0357525650
0.0236175995
0.0074619963
0.0160462130
0.0177855353
0.0151619096
0.0176297170
0.0177898919
0.0170954578
0.0154089588
0.0131620417
0.0156663768
0.0115255538
0.0174937899
0.0148935854
0.0131792122
0.0151264029
0.0163058124
0.0150927041
0.0143921201
0.0160183538
0.0103974239
-0.0066278644
-0.0140464731
-0.0168651122
-0.0104188711
-0.0147679802
-0.0120194387
-0.0066276279
-0.0099289809
-0.0093561410
-0.0093734190
-0.0165167565
-0.0174767738
-0.0050892786
-0.0115250406
-0.0158022619
-0.0090446173
-0.0128407949
-0.0115429063
-0.0094710940
-0.0161856935
-0.0149905905
0.0051892167
-0.0145974292
-0.0229707044
-0.0110879435
-0.0088983052
-0.0073473113
-0.0112087105
-0.0179852956
-0.0250093749
-0.0047901737
0.0321381026
0.0076658192
-0.0117606933
-0.0038376956
-0.0094200981
-0.0044921452
-0.0150257376
-0.0410021273
0.0515614510
0.3032302082
0.1755936396
-0.0040784014
-0.0007805115
-0.0153412238
-0.0071957182
-0.0134762617
-0.0287664011
0.0501305817
0.2329330358
0.1489669099
0.0113416517
-0.0117391582
-0.0102501892
-0.0114608651
-0.0107827171
-0.0152581327
-0.0266563508
-0.0021201368
0.0075886395
-0.0058235813
-0.0136912331
-0.0043499339
-0.0167663961
-0.0148606788
-0.0130706117
-0.0191979417
-0.0222018356
-0.0130398777
-0.0094311248
-0.0169878647
-0.0145916242
-0.0127145661
-0.0109308595
-0.0093951284
-0.0099883563
-0.0153729806
-0.0099464126
-0.0035164710
-0.0113416610
-0.0119368640
-0.0189446280
-0.0210471369
-0.0208615788
-0.0222467291
-0.0208206137
-0.0060692260
-0.0044686150
0.0131396481
0.0129858366
-0.0173097865
-0.0161253672
-0.0184454807
-0.0185736192
-0.0174210321
-0.0037288297
-0.0038585468
0.0129397330
0.0138320951
-0.0217861645
-0.0229818700
-0.0185690595
-0.0226996890
-0.0232839082
-0.0125662952
-0.0131983360
0.0018759253
0.0036281022
-0.0217924063
-0.0220729033
-0.0205089109
-0.0270301552
-0.0466254979
-0.0152930192
-0.0044642520
0.0029185256
0.0051015570
-0.0273972492
-0.0245814600
-0.0190701397
-0.0063777528
-0.0454825834
-0.0550039897
-0.0100319904
0.0013154606
0.0061070417
-0.0251476804
-0.0257963528
-0.0234262184
0.0078237237
0.0246402089
-0.0234429628
-0.0249060859
-0.0083462630
-0.0036112321
-0.0282419333
-0.0326189829
-0.0267383963
-0.0232234348
-0.0053872751
-0.0187964734
-0.0259320581
-0.0135829692
-0.0068265702
-0.0248143997
-0.0203889964
-0.0208223686
-0.0238745473
-0.0230256286
-0.0191437398
-0.0221760657
-0.0142822349
-0.0096154505
-0.0296213564
-0.0281410158
-0.0223721328
-0.0259734000
-0.0204655241
-0.0184996292
-0.0204543275
-0.0157867264
-0.0128675716
0.0114287124
0.0122440409
0.0103046814
0.0113145425
0.0081685458
0.0122681881
0.0119891386
0.0115119221
0.0112227010
0.0063766446
0.0070518801
0.0046993602
0.0067128549
0.0036630164
0.0040392064
0.0052858810
0.0106049880
0.0076783004
0.0126482447
0.0095608811
0.0049090184
0.0065904418
-0.0001536506
0.0027324758
0.0076975171
0.0147689142
0.0105831445
0.0120128847
0.0096642574
0.0061713850
0.0173638105
0.0207075633
0.0227882883
0.0163089347
0.0140963516
0.0103691984
0.0161380681
0.0113621919
0.0131489300
0.0329573231
0.0436192892
0.0342921592
0.0263869300
0.0216219681
0.0176825613
0.0137548239
0.0078574226
-0.0005153631
0.0043572102
-0.0222453234
-0.0249838972
-0.0008530048
0.0152877687
0.0103256841
0.0104264151
0.0115151164
0.0070586695
-0.0029469079
-0.0050809962
0.0009862648
-0.0044699453
0.0110248304
0.0131059810
0.0158931499
0.0177983772
0.0196681473
0.0149419910
0.0234152917
0.0355589650
0.0258877311
0.0237021542
0.0216050032
0.0206042388
0.0176509291
0.0180852223
0.0212463931
0.0157851985
0.0153500194
0.0180492107
0.0243410333
0.0223948086
-0.0047064463
-0.0037295988
-0.0001812652
-0.0047325861
0.0012525312
-0.0068590525
-0.0130406869
-0.0108702593
-0.0048729701
-0.0084087400
-0.0050368641
0.0013546744
-0.0135730235
-0.0073854264
-0.0079348409
-0.0110858923
-0.0070519190
-0.0072221203
-0.0128943990
0.0006435104
0.0185596144
-0.0143520504
-0.0028145387
-0.0115959185
-0.0106085144
0.0044951343
-0.0039394037
-0.0100880031
-0.0013946746
0.0187658146
-0.0078641119
0.0419267808
0.0209169672
-0.0240941404
-0.0081052549
-0.0054031702
-0.0065581492
-0.0046231059
0.0228476291
0.0173515596
0.0853968952
0.1418817932
0.0321514427
-0.0071608534
-0.0030363683
-0.0095531412
-0.0123179777
-0.0041077196
0.0076443819
0.0859760179
0.1264146295
0.0120674197
-0.0148796679
-0.0143997660
-0.0071301627
-0.0103360767
-0.0044528488
-0.0101838176
-0.0021047877
0.0035739579
-0.0166617273
-0.0098338951
-0.0107645153
0.0002074246
-0.0049701765
-0.0009941638
0.0003783264
0.0090286821
-0.0105234646
-0.0129911528
-0.0007833224
-0.0015115876
-0.0010325969
-0.0058879020
-0.0008033313
0.0001995085
0.0047965820
-0.0125797451
-0.0106044398
-0.0042788727
-0.0027669071
0.0053906131
0.0050894185
0.0067350931
0.0038204996
0.0035965969
0.0074692006
0.0078710685
0.0059513586
0.0064188792
0.0057448738
0.0103430883
0.0102116034
0.0062964243
0.0073816477
0.0044931599
0.0094765285
0.0021601708
0.0056275391
0.0046503706
0.0031475719
0.0109381720
0.0053151377
0.0105892559
0.0194543714
0.0122018458
0.0042551245
0.0087077582
0.0077064444
0.0047722013
0.0061012726
0.0058505429
-0.0137403545
-0.0143949128
0.0090097321
0.0038380632
0.0072197215
0.0055950639
0.0064194362
0.0199212399
-0.0050680379
-0.0424883190
0.0267914574
-0.0079119960
0.0007768149
0.0094228271
0.0072681143
0.0067447573
0.0099635691
0.0042543024
-0.0293900143
0.0297912066
-0.0100784175
0.0050809544
0.0114468891
0.0012879773
0.0018573840
-0.0001598491
0.0070573579
-0.0084614651
-0.0105649859
0.0044797206
0.0016548675
0.0063208807
0.0116126976
0.0085515498
0.0084203274
0.0126636573
0.0155635883
0.0170796560
0.0167009440
0.0095926716
0.0090629527
0.0068973938
0.0033605588
0.0068094149
0.0115558203
0.0146383738
0.0056168127
0.0036933929
0.0058356674
0.0071564365
0.0116674776
0.0077798696
0.0029178772
0.0052560182
0.0007196726
0.0031816330
0.0033166368
0.0051011175
0.0046476321
0.0118261978
0.0031763507
0.0023589013
0.0049039505
0.0079764772
0.0064432007
0.0074754188
0.0078129268
0.0107054835
0.0091135895
0.0033985750
-0.0000263325
-0.0029959766
-0.0035376237
-0.0055525640
-0.0060978512
0.0128995614
0.0098127255
0.0117723319
0.0034701782
0.0110055994
0.0008577489
-0.0031544382
0.0207889665
0.0064324580
0.0028239991
0.0079930122
0.0055227389
0.0049523187
0.0157372410
0.0146329101
-0.0222780282
-0.0171513436
0.0079214951
0.0059853684
0.0151756590
0.0089182327
0.0012266714
0.0110430258
0.0008874761
-0.0447588996
0.0631008626
0.0037753881
-0.0040315064
0.0098204803
0.0085315795
0.0069491802
0.0075926240
0.0117633451
-0.0217024785
0.0136415722
0.0110692871
0.0084867159
0.0122845009
0.0110788640
0.0040985172
0.0098924885
0.0030330407
0.0014186396
0.0105615069
0.0097669263
0.0030530173
0.0097616281
0.0084302855
0.0034898534
0.0036803369
0.0023470382
0.0039216448
0.0100513005
0.0079012845
0.0115557632
0.0105500953
-0.0171547492
-0.0203994615
-0.0197964784
-0.0111555416
-0.0137161483
-0.0090837987
-0.0106296844
-0.0084354129
-0.0097354140
-0.0186883237
-0.0174867961
-0.0180869625
-0.0083932806
-0.0223768999
-0.0091862446
-0.0125142498
-0.0064911623
-0.0111803391
-0.0201849890
-0.0201605702
-0.0168578977
-0.0072371009
-0.0178497865
-0.0207589339
-0.0182527672
-0.0151277641
-0.0166161900
-0.0182256593
-0.0174752013
-0.0233877351
-0.0021982956
-0.0083998346
-0.0293119990
-0.0141881734
-0.0052770718
-0.0114141161
-0.0180869507
-0.0209853632
-0.0292763008
0.0018074452
-0.0047523492
-0.0543310543
-0.0154614675
-0.0012518842
-0.0039677146
-0.0169262125
-0.0179295678
-0.0239685780
0.0023168556
0.0157373950
-0.0453630878
-0.0160623733
0.0085251880
-0.0016092769
-0.0206271494
-0.0245078509
-0.0260516278
-0.0157219980
0.0025265835
-0.0361185874
-0.0235909161
-0.0042830607
-0.0085782601
-0.0223840727
-0.0207141616
-0.0210802256
-0.0070761749
-0.0038465678
-0.0152735282
-0.0244654727
-0.0093345838
-0.0082245671
-0.0304533370
-0.0282847480
-0.0216725662
-0.0173747163
-0.0195665890
-0.0220958226
-0.0255070244
-0.0194710913
-0.0174823693
-0.0058254156
-0.0020044021
-0.0048584081
-0.0040828932
-0.0068731409
-0.0100260190
-0.0070392640
-0.0085077968
-0.0087180363
-0.0046412803
-0.0005469663
-0.0047304793
-0.0033443737
-0.0003130933
-0.0027294551
-0.0033052173
-0.0027613881
-0.0069282167
-0.0029186488
-0.0021930959
-0.0053643849
0.0023746686
0.0053312642
-0.0025500438
-0.0054432435
-0.0077292156
-0.0071978359
-0.0040708323
-0.0044472002
-0.0087965722
-0.0093717007
-0.0164276997
-0.0176821667
-0.0136118190
-0.0092993996
-0.0100733722
-0.0043605903
0.0004973381
0.0023993645
-0.0223850240
-0.0297643607
0.0042434320
-0.0060477986
-0.0199096863
-0.0073649513
-0.0063451945
0.0031726427
0.0030160127
-0.0218551821
-0.0168340801
0.0364857217
0.0220373811
-0.0068546904
-0.0059635888
0.0013688335
0.0054702081
-0.0040593321
-0.0174281577
-0.0144949691
-0.0253601973
-0.0152260030
-0.0041858905
-0.0079305237
0.0012989869
0.0047851358
-0.0076008428
-0.0094149812
-0.0177469270
-0.0420140404
-0.0383216049
-0.0082874291
-0.0072637246
0.0079213017
0.0064963682
-0.0066029553
-0.0061240243
-0.0035165759
-0.0094161047
-0.0123402703
-0.0070255745
-0.0079845711
