-0.0009272879
-0.0002202012
0.0012883889
-0.0000088652
-0.0042678805
-0.0069812171
-0.0065065824
-0.0075950964
0.0004852603
0.0012344380
-0.0000997402
-0.0009339805
0.0007392741
-0.0013469436
-0.0013472118
0.0084058896
0.0028393573
0.0050760210
0.0025538487
0.0048712637
-0.0008676503
0.0011072558
0.0148694628
0.0196690084
0.0239335113
0.0033012517
0.0063608981
0.0014057566
0.0023266124
0.0029629231
0.0116712219
0.0130501025
-0.0039273182
-0.0072857604
-0.0078959460
0.0067768585
-0.0031209316
-0.0035507772
-0.0047149555
-0.0244080415
-0.0677255170
-0.0545373001
-0.0038129020
-0.0095908053
-0.0045223869
0.0049437957
0.0053895498
0.0019357345
0.0176618692
0.0614864016
0.0642900102
0.0277612826
0.0017697856
0.0039627934
-0.0010723927
-0.0008528182
0.0027443732
0.0189865388
0.0195321765
-0.0107544302
-0.0152739103
-0.0043172601
0.0022227994
-0.0021399934
0.0024058288
-0.0064351949
-0.0221897834
-0.0251039498
-0.0161744204
-0.0036121066
0.0046087615
0.0015385462
0.0032550022
-0.0010572134
-0.0048700554
0.0003460130
0.0029169516
-0.0022791855
-0.0000039014
0.0017968150
-0.0004706464
0.0018505923
0.0045082388
0.0032683470
0.0057368364
0.0087147732
0.0088220174
-0.0005622019
-0.0028758841
0.0006194629
-0.0032380777
-0.0019684200
-0.0023603213
-0.0023757477
-0.0070380786
-0.0039423334
-0.0043804966
-0.0030403390
-0.0036191267
-0.0037232794
0.0053130827
0.0044316519
-0.0053872649
-0.0191342803
-0.0158303011
-0.0020068153
0.0016028301
-0.0006788439
-0.0090857823
0.0036623260
0.0096782900
-0.0002010296
0.0174329826
0.0138121005
-0.0016072257
-0.0037590558
-0.0044519729
-0.0072567116
0.0044973812
0.0176185452
-0.0049523052
0.0173129519
0.0722046362
0.0098159993
-0.0117790102
-0.0005262881
-0.0047400421
0.0004933649
0.0032766158
-0.0123755824
-0.0658297596
-0.0340204797
-0.0018053241
-0.0055349393
-0.0027105540
0.0063805625
0.0024747865
-0.0071717159
0.0131609551
0.0111127175
-0.0230278755
-0.0065811758
0.0030631112
-0.0011724395
0.0038931243
-0.0044286015
-0.0126648719
0.0043909014
0.0204295988
0.0169124345
0.0066437359
0.0023895656
-0.0030907867
0.0019835417
0.0017296507
-0.0019637894
-0.0000120628
-0.0054251736
-0.0002750161
0.0009208029
0.0006562786
-0.0010006519
0.0029463502
0.0005509793
0.0042964433
-0.0006631799
0.0024966712
0.0017139078
0.0045965422
-0.0044816079
0.0013492500
0.0012091270
-0.0007188776
-0.0016518730
-0.0045306559
-0.0020727040
-0.0016238407
0.0013187517
0.0007351522
0.0008133032
0.0040115953
-0.0006271097
-0.0086985980
-0.0153282612
-0.0157727297
-0.0009575160
0.0104822262
0.0054510597
0.0031034052
0.0028675941
-0.0004568842
-0.0011956469
0.0045839164
0.0241804106
0.0146881364
-0.0084819468
0.0025699336
0.0014240545
0.0070739453
-0.0012442915
-0.0103241620
0.0250593458
0.0720169222
-0.0034801163
-0.0208244433
-0.0003011029
-0.0046451220
0.0040552745
-0.0033003869
-0.0133456877
-0.0018250365
-0.0022546739
-0.0354530812
0.0067930239
0.0160231213
0.0041587281
0.0006743172
-0.0001524796
0.0043928178
-0.0000084122
0.0024532327
-0.0040523133
0.0068207160
0.0084726396
0.0060331297
-0.0006118439
0.0042352916
0.0024140340
0.0041208625
0.0180711656
-0.0029151431
-0.0121820046
-0.0082335829
-0.0022876091
0.0033631439
0.0009337407
0.0003805487
0.0008312098
0.0026580400
-0.0052287963
0.0039198889
0.0009444620
0.0026830068
0.0016129273
-0.0010973800
-0.0006317664
0.0011412046
0.0061014915
0.0010067436
0.0011509425
-0.0008595063
-0.0026684019
0.0009997113
-0.0012771722
-0.0012898652
-0.0011212869
0.0036386522
0.0004735453
0.0016755491
-0.0033073487
-0.0036071707
0.0000579754
-0.0032610502
-0.0053816509
-0.0073557316
-0.0242430347
-0.0180054719
-0.0082095232
-0.0031377446
0.0021263304
0.0002197373
0.0022854430
0.0086138502
0.0033602941
0.0277706685
0.0046391750
-0.0022480655
0.0071743469
0.0016831607
0.0012612960
-0.0000373601
0.0075729795
-0.0267466729
0.0040823998
-0.0250128893
-0.0092136542
0.0061369093
0.0038710060
0.0044062073
0.0036464655
0.0076445737
-0.0017581425
-0.0107559049
-0.0015459003
0.0095704318
-0.0028645758
0.0012488279
0.0008635620
0.0006409986
0.0039653705
-0.0099095716
0.0064953409
0.0061879077
-0.0052098432
-0.0009915869
-0.0000441795
0.0006242462
0.0011344608
0.0027100111
0.0009416038
0.0111960820
0.0036072465
-0.0024754348
0.0002030601
0.0031412419
0.0032705844
-0.0000053729
-0.0001835322
-0.0011822772
0.0067397323
-0.0017145094
0.0011904869
0.0004543068
0.0015685349
-0.0037004448
-0.0031815292
-0.0001839726
0.0008335471
-0.0004131972
-0.0038131471
-0.0006691551
-0.0024316647
0.0003006443
-0.0000302263
0.0004930454
-0.0008965559
0.0013008450
0.0027246368
0.0038354922
0.0026550294
0.0031430585
0.0031582786
0.0004682798
-0.0017618792
-0.0079997900
-0.0035343743
0.0010010927
0.0007001942
-0.0014383539
0.0012310657
0.0016115585
-0.0025307505
-0.0019280606
-0.0056999360
0.0052566821
-0.0146614295
-0.0072400136
0.0005709551
-0.0038670377
-0.0016149318
-0.0021682349
-0.0033748974
0.0013615670
-0.0066682835
0.0115499691
0.0098574068
-0.0010854955
0.0014217347
-0.0032542433
-0.0019649157
0.0019533400
0.0070496639
-0.0033440726
-0.0171694087
-0.0104270074
-0.0028409767
0.0054754533
0.0050946094
-0.0028149477
0.0005803731
0.0036158092
0.0005290671
-0.0020692650
-0.0006271463
-0.0055146505
0.0045942780
0.0051801852
-0.0026686214
0.0018494338
0.0015894151
-0.0032903766
0.0002003416
0.0107819771
-0.0032924748
0.0009223000
0.0013988499
-0.0026012730
-0.0004219375
-0.0005499488
0.0007348037
-0.0059007383
-0.0024559945
-0.0018364874
-0.0005016420
0.0004363682
-0.0023707504
0.0031501102
0.0026832981
0.0124734932
0.0021949235
0.0011329415
-0.0042713109
0.0009039228
0.0005393663
-0.0014374649
0.0035457724
-0.0014090866
0.0071731802
0.0011056015
0.0064911061
-0.0028412878
-0.0026231365
-0.0028737306
0.0022676808
0.0012984949
0.0010565378
0.0042851296
-0.0082199066
0.0080175894
0.0073475118
0.0047587711
-0.0004574576
-0.0015647883
-0.0045749438
-0.0125772479
0.0155858528
-0.0019394620
-0.0025767188
-0.0009659798
-0.0001250472
-0.0030027575
-0.0027502279
0.0003167569
-0.0007820332
0.0135582692
0.0204965416
0.0195577954
-0.0001072123
-0.0049641277
-0.0048462640
-0.0008833376
0.0048263860
0.0097529646
-0.0360446710
-0.0598411843
0.0352602845
0.0171728336
-0.0064016373
-0.0017279227
0.0010639087
-0.0037154688
0.0100889286
0.0014975851
-0.0286615473
0.0208226617
0.0053231744
-0.0040498846
0.0006477250
0.0032999281
-0.0002866745
-0.0023765206
0.0040706609
0.0114775291
0.0117882246
-0.0044348140
-0.0060097682
-0.0036922564
0.0011272412
0.0006199124
-0.0046681007
-0.0032140267
0.0024983004
0.0035303039
-0.0023319898
0.0009373651
-0.0009642340
-0.0027476733
0.0002314484
0.0007652199
-0.0023747442
0.0016365225
-0.0006710804
0.0014668081
-0.0012825710
0.0031991817
-0.0001164097
0.0013820807
0.0002481624
-0.0081373127
-0.0030956127
-0.0028256633
-0.0013428411
-0.0002476383
0.0012224895
-0.0013628323
0.0041936278
0.0026775699
-0.0052672753
-0.0007128043
-0.0110844589
0.0010195697
0.0002878067
-0.0020922900
-0.0010104125
0.0004488005
0.0004268934
-0.0111222008
-0.0163523329
-0.0045353602
0.0132809549
-0.0075060337
-0.0066001268
-0.0057302553
-0.0010938120
0.0022446029
-0.0173749648
0.0337008027
-0.0273588126
0.0218669337
-0.0002314312
-0.0037910049
0.0015333936
0.0039223159
0.0046362004
-0.0033609762
0.0627687367
-0.0099352348
0.0105055458
-0.0023761765
-0.0051657197
0.0005537735
0.0021014313
0.0049380361
-0.0096117993
-0.0116727243
-0.0087621660
-0.0011229820
-0.0035059883
-0.0066032423
0.0001471248
0.0034482822
0.0077764766
-0.0019128829
0.0148067271
-0.0024840896
0.0035974261
0.0058670996
-0.0006485443
0.0006409657
0.0027560885
0.0055609148
-0.0050351707
0.0001578784
-0.0037829286
-0.0032415723
-0.0021880046
0.0022002571
0.0030602133
-0.0005545139
-0.0006109257
-0.0012982431
-0.0004012239
-0.0022703718
0.0012470228
-0.0049004452
0.0013633570
0.0013538629
-0.0001531179
0.0018182906
0.0018690338
-0.0034155275
-0.0031104097
0.0049842570
-0.0038321971
-0.0006879754
-0.0015872895
-0.0013734930
-0.0053991812
-0.0034181045
-0.0130222114
-0.0048616668
0.0063987477
0.0012166811
0.0012654836
-0.0006889985
-0.0044478153
-0.0131782658
0.0143617513
0.0331703494
-0.0214821480
-0.0172312451
0.0059013270
0.0038005939
0.0055916159
-0.0045665015
-0.0094972627
0.0456396806
0.0375881617
-0.0380299967
-0.0144560182
-0.0019792073
0.0017771942
-0.0007160496
-0.0070268343
-0.0030750264
-0.0117858595
-0.0434216747
0.0102007193
0.0200938319
-0.0119402957
-0.0014473437
-0.0007413197
0.0007894768
0.0063408372
-0.0162742737
-0.0262009930
0.0233280090
0.0048133633
-0.0116674034
0.0056340913
0.0002741997
-0.0003363644
0.0078061594
0.0121882478
-0.0034336529
0.0082035270
-0.0030686494
-0.0026911843
0.0063709229
0.0008993270
-0.0011679233
0.0079669181
0.0027981150
-0.0050869840
-0.0020589482
-0.0000249212
0.0009558475
0.0028749423
-0.0007383967
-0.0015240791
-0.0007077869
-0.0000746414
-0.0101734320
0.0018363764
-0.0031396522
0.0001029221
0.0032200236
0.0026736591
0.0027736028
0.0025804904
0.0011305794
-0.0084950068
0.0122597076
0.0042843679
0.0010507445
0.0053070587
0.0062691013
-0.0011420732
-0.0057234132
-0.0024232330
-0.0120355870
0.0007741421
0.0076988816
-0.0052656841
0.0010119509
0.0036891709
-0.0014756303
0.0046273915
0.0141065674
-0.0370594029
0.0238942562
0.0252544789
-0.0211177107
0.0001979576
-0.0035477806
-0.0003614881
0.0228914022
-0.0080240927
-0.0745881822
0.0782350840
0.0198002045
-0.0210034107
-0.0005105289
0.0037678830
0.0070182250
0.0166962604
-0.0269351993
-0.0040954923
0.0288298832
-0.0095816224
-0.0028479169
0.0036478385
0.0006216357
0.0044400620
-0.0093429144
-0.0056329144
0.0289249953
-0.0094949185
-0.0040655782
0.0023960656
-0.0030130777
0.0036862748
-0.0003027285
-0.0080195948
0.0129156240
0.0073317425
0.0017582328
0.0079728361
0.0054467645
-0.0000371427
0.0030815386
-0.0019010346
-0.0018695454
0.0067030168
-0.0028658042
0.0006236754
0.0006971693
-0.0022380422
0.0010865673
0.0004109953
-0.0006492546
-0.0049851868
-0.0044026132
0.0022052614
0.0053865935
0.0084386392
0.0043355834
0.0008237451
0.0008059434
-0.0004857904
0.0025691223
0.0036523754
0.0032851996
0.0025109908
-0.0022647528
-0.0051303847
0.0002072759
-0.0047724847
0.0008988133
0.0112245181
0.0022369336
-0.0123880917
-0.0138917776
-0.0083242697
-0.0027892007
0.0015495181
-0.0041450659
0.0026662982
0.0024015081
-0.0205917987
-0.0213400269
0.0101097267
0.0107330292
-0.0018968924
0.0028883821
0.0015416138
0.0009064493
-0.0087293245
0.0059114124
0.0633693954
0.0619623645
0.0165406589
0.0037847524
0.0064468115
0.0000531362
-0.0037017939
0.0026609343
0.0108379120
-0.0236969884
-0.0699232848
-0.0294842175
0.0063692143
0.0024853241
0.0010252152
-0.0018764997
-0.0042508200
-0.0206628861
-0.0257612530
0.0098896594
0.0159620271
0.0020301126
0.0018271781
0.0008713279
-0.0004370744
0.0024723465
0.0156924864
0.0288980868
0.0177118637
-0.0046509511
-0.0099218911
-0.0008785347
-0.0017047396
-0.0003368295
0.0019989604
0.0063255248
0.0042416665
-0.0080952929
-0.0068778867
-0.0018500760
0.0028300811
0.0005238679
-0.0007520076
-0.0010622708
0.0019274071
-0.0011422702
-0.0032249677
0.0027843040
0.0018992080
0.0003607043
-0.0016549913
-0.0005966567
-0.0022897400
0.0003024531
0.0025149486
0.0024029154
-0.0002456657
0.0016747000
0.0011185084
0.0009325298
-0.0006977374
-0.0079056191
0.0006480283
0.0157923383
0.0150635409
0.0042720559
0.0026349829
0.0005162115
-0.0012944539
-0.0033052649
-0.0112946019
0.0009866951
0.0075878658
-0.0243699304
-0.0060567153
0.0065453174
-0.0019352561
0.0021161145
-0.0047052392
-0.0210449915
0.0007114389
0.0184652118
-0.0448206918
-0.0262263370
0.0117777745
-0.0054796879
-0.0009224761
0.0002997489
-0.0075986133
-0.0043775575
0.0220287363
-0.0003332085
-0.0032388625
0.0196475182
0.0000073512
-0.0038965480
0.0018652790
-0.0005759929
-0.0026415561
0.0085376950
-0.0027975305
-0.0075347019
0.0096324224
0.0003047372
-0.0027068963
0.0029742862
0.0037005704
-0.0012947395
-0.0022063514
-0.0082712987
-0.0086383947
-0.0025234478
-0.0019711518
-0.0004399244
0.0021047121
0.0011567375
-0.0020553292
0.0060071972
-0.0000647272
-0.0003536007
0.0039060886
0.0015598774
0.0027824444
-0.0002311446
-0.0004575659
0.0004329934
-0.0003814685
-0.0049266976
0.0005398614
-0.0015115089
0.0020471711
0.0024589013
0.0002043440
0.0010999208
0.0008713707
0.0041812890
0.0023310275
0.0014139803
0.0010763375
0.0029669263
0.0038495960
-0.0011106855
-0.0001178324
0.0019429914
0.0077469861
-0.0015494511
-0.0030115197
-0.0024160861
-0.0008397424
-0.0001763852
-0.0020538712
0.0015515473
0.0058533455
0.0030913448
-0.0057176385
0.0009708423
0.0008896206
-0.0010858836
0.0011102846
-0.0056457567
0.0005464210
-0.0351009061
-0.0542308204
-0.0143272674
-0.0001906798
-0.0005442780
-0.0059163220
0.0013253441
0.0049388917
-0.0059514709
0.0203931288
0.0515537905
-0.0206706396
0.0085400677
0.0054870391
0.0037940300
0.0000444707
0.0040745105
0.0036569179
-0.0057238343
-0.0120185222
-0.0155230842
-0.0000986464
0.0061369950
0.0012539133
0.0007063366
0.0002319192
-0.0009431695
-0.0103187926
-0.0019265652
-0.0007101618
-0.0023262505
0.0036507209
-0.0000791777
-0.0008061263
-0.0001986249
0.0008814597
-0.0027184939
0.0026936499
-0.0001588124
-0.0005340057
0.0013340810
0.0014357791
0.0010879172
0.0021667411
0.0025245214
-0.0037930861
-0.0042646369
0.0040652228
0.0021256248
-0.0010187610
-0.0031381407
-0.0000830782
0.0014460265
0.0003385069
-0.0016226427
-0.0076836112
-0.0044277855
0.0031592574
0.0009245420
-0.0054015858
-0.0015090961
-0.0047639510
-0.0075624614
-0.0079296543
-0.0272608855
-0.0157782260
0.0018956092
-0.0064756791
-0.0048850376
-0.0003752769
0.0009956873
0.0013827341
0.0027207337
0.0060419573
0.0032826974
-0.0071401019
0.0031991171
-0.0058292975
-0.0053732416
0.0039025885
0.0170494078
0.0051107698
0.0482417994
0.0265616561
-0.0434688482
-0.0002586669
-0.0177645780
0.0017662837
0.0004931010
0.0174841199
-0.0119775437
-0.0401360773
0.0009598863
-0.0138752241
0.0000988306
-0.0066380477
0.0043866177
-0.0048664939
0.0131240369
-0.0102213435
-0.0337149950
0.0029861858
0.0001973863
0.0009683304
0.0030263078
0.0008101292
-0.0011466338
0.0056278690
0.0070002197
0.0152760727
0.0200715529
0.0006441765
-0.0027779237
-0.0001400526
0.0007263454
0.0000387944
-0.0036228577
-0.0047219747
-0.0181864409
-0.0078408982
0.0087265789
0.0035219049
-0.0017619128
0.0043520362
0.0048583950
0.0051420637
0.0017085341
-0.0048387525
-0.0069175400
-0.0019273663
0.0011715314
0.0046242908
0.0028174658
-0.0011174070
0.0001595275
-0.0011433781
0.0008424204
-0.0022259072
-0.0022979522
-0.0023246081
0.0031852201
0.0007633575
-0.0019965945
-0.0062427148
-0.0078353849
0.0026128529
0.0189811277
0.0074701663
-0.0110544589
-0.0028643205
0.0110677138
0.0027910285
0.0068294702
0.0140886918
-0.0137787852
-0.0229682127
0.0185106446
0.0024551063
0.0012230761
0.0025068844
0.0010131586
0.0009821015
0.0197828236
0.0175119695
-0.0621189932
-0.0251845202
0.0198554906
0.0051204402
-0.0023630490
-0.0008057527
-0.0053689595
-0.0244845017
0.0030991610
0.0477369101
-0.0042257183
-0.0007651147
-0.0017223011
-0.0001806380
0.0043823220
0.0102808273
-0.0032470476
-0.0108435313
0.0206892939
0.0164740445
-0.0086690799
-0.0004221847
-0.0033905648
-0.0032587845
0.0063812102
0.0066396970
0.0020641165
-0.0125131497
-0.0036200128
-0.0091156636
-0.0010444633
0.0019002130
-0.0014685651
0.0025826511
0.0006145037
0.0021452019
-0.0026963803
-0.0005544339
-0.0057781269
0.0026339289
0.0011475029
0.0004561575
0.0015904939
0.0000776937
0.0020510861
0.0046206175
0.0042879660
0.0020955698
0.0010003917
-0.0006966884
-0.0027426856
-0.0019610788
-0.0009298517
-0.0029340926
-0.0014978168
-0.0028215613
-0.0023387893
-0.0016887117
-0.0007363858
-0.0004539953
0.0038855370
-0.0010476914
-0.0072920535
-0.0082221203
-0.0090464176
-0.0049473612
-0.0003323058
0.0008334992
0.0017410097
0.0030770486
0.0024420429
0.0096405343
0.0114576361
0.0062491917
0.0024390710
0.0038059650
0.0069220381
-0.0038387324
-0.0160986932
-0.0019555177
0.0011519472
-0.0172145001
0.0024489660
0.0026568206
-0.0030429139
0.0086756024
-0.0000392171
-0.0100141425
0.0129407273
0.0092700235
-0.0405266635
-0.0230012957
0.0069310918
-0.0014520347
0.0039577139
0.0017221441
0.0043880067
0.0040846983
0.0101576839
-0.0031553148
-0.0033526437
0.0115709694
0.0004625304
0.0035865792
0.0000176590
0.0058818542
-0.0008893207
0.0099230114
0.0003608792
0.0012609666
0.0127451521
0.0016545931
0.0028666300
0.0002320159
0.0062042701
0.0009184262
-0.0015699245
-0.0020648031
0.0012423503
-0.0020728392
0.0002209489
-0.0033036632
-0.0013828690
0.0062213041
0.0049206439
-0.0042013020
-0.0025522626
0.0027572716
0.0025685238
0.0017491607
-0.0004686112
0.0008158032
0.0036988775
-0.0036907165
0.0015148418
0.0032738776
0.0020527217
-0.0019404448
-0.0010856506
-0.0000314878
0.0028037353
0.0075621720
0.0055231926
0.0148563396
0.0070590754
-0.0002187610
-0.0027345253
0.0053765180
-0.0040132635
-0.0028807332
0.0155146120
-0.0020955658
-0.0094023982
-0.0057412927
-0.0015409331
-0.0023365826
0.0003751641
-0.0064265939
0.0031947954
0.0153530063
-0.0498125334
0.0068889271
0.0087679502
-0.0016880070
0.0121171013
0.0068630958
-0.0062831851
0.0065589726
0.0070235284
-0.0100681284
0.0390564153
-0.0101355871
-0.0198812042
0.0219931226
0.0059107543
0.0050511880
0.0031212334
0.0015465627
0.0081466054
0.0153856684
-0.0109881996
-0.0118866968
0.0107882149
-0.0031597869
0.0042003260
-0.0040470065
-0.0048614484
-0.0174001405
-0.0007036824
-0.0051797047
-0.0041388961
0.0056138171
0.0035041716
0.0025211289
-0.0006534188
0.0011268283
0.0001409753
0.0030374709
-0.0021466160
-0.0043501483
0.0003803059
0.0014894186
0.0008287960
0.0018852430
0.0006324968
-0.0001258046
-0.0024186673
0.0003594667
0.0010754370
0.0044696164
-0.0037372834
-0.0024299882
0.0021548662
-0.0012061440
0.0038346989
0.0061517794
-0.0003295304
-0.0033895794
0.0011239168
-0.0028509636
0.0016986540
0.0044619909
0.0050234835
0.0013798070
0.0098725144
0.0061713712
-0.0002046141
0.0128625656
-0.0037977103
0.0023748460
-0.0014934628
-0.0021619922
0.0019370801
0.0483724082
-0.0188248431
-0.0009794863
0.0082718270
-0.0010919252
0.0021246235
-0.0005587826
-0.0177837611
0.0552103411
0.1546100377
-0.0093886739
0.0000819108
0.0061579247
0.0025685650
-0.0019007236
-0.0033691165
-0.0059545957
-0.0260682137
-0.0029615408
-0.0103683431
-0.0088644679
0.0102051463
0.0018356712
-0.0035869290
-0.0000413362
-0.0091597542
0.0035682938
0.0150310837
-0.0055096745
0.0031555804
0.0055933046
0.0028739729
0.0013581648
-0.0008918598
0.0001848948
0.0050827523
-0.0069410966
-0.0042004778
-0.0033068268
-0.0032236583
0.0035311935
-0.0003467268
-0.0008660202
-0.0002227798
0.0012453927
0.0035534845
0.0035375382
-0.0000872848
0.0009556540
-0.0005032115
0.0000416692
0.0068826545
0.0040618105
0.0035873322
0.0025635586
-0.0021428112
0.0011900471
0.0020401268
0.0022894299
-0.0019175378
0.0019321865
-0.0005784916
0.0022486573
0.0069747337
0.0025916671
0.0042877626
0.0018961167
0.0014704304
0.0021443996
-0.0046235063
-0.0102556572
-0.0061642125
0.0129827265
0.0183954112
0.0122870419
-0.0008951890
0.0004882723
0.0020079000
0.0034651869
0.0022671523
0.0050417937
0.0007343463
-0.0069731983
-0.0042373072
0.0047904793
0.0040315193
-0.0021827387
0.0067321483
-0.0028077969
0.0159111708
0.0153803752
-0.0334782225
-0.0153179399
0.0152983545
-0.0002211331
0.0015807624
0.0084078140
-0.0252335586
-0.0160984011
0.0506292259
-0.0008912189
0.0064657352
0.0122047593
0.0016040172
-0.0040189594
0.0060710428
-0.0019522224
-0.0177874490
0.0101054197
0.0015994734
0.0073304894
0.0081612056
0.0017659604
0.0036185341
0.0082923468
0.0086826329
0.0076471637
-0.0039554631
-0.0097780031
-0.0001529827
0.0055661607
0.0011349469
0.0016860154
0.0041090566
0.0012509454
-0.0013244112
0.0013876621
0.0013344680
-0.0002951283
0.0017764577
-0.0002450336
-0.0028727286
-0.0005669914
-0.0009705872
0.0033802763
0.0025847301
0.0063064458
-0.0044443156
0.0002349833
-0.0037793301
-0.0005006110
-0.0006096830
-0.0039141417
0.0063784786
-0.0035935639
0.0047611913
-0.0035869477
0.0001212251
-0.0031594997
-0.0085152062
-0.0044008367
-0.0115183115
0.0186755095
0.0001685457
0.0071271330
-0.0012351749
-0.0014589552
0.0007144265
-0.0079269847
-0.0004336398
-0.0070990136
-0.0056596316
0.0081654374
0.0025293100
-0.0124600070
0.0001882859
-0.0023157959
-0.0067043240
-0.0025772462
-0.0106537352
0.0263796794
0.0339168881
0.0112956827
-0.0163998548
0.0057720978
-0.0046881220
-0.0020249633
-0.0010161213
-0.0014514718
0.0544079262
0.0253665047
0.0117992801
-0.0154697986
0.0070926391
-0.0069595308
-0.0018923313
-0.0082649298
-0.0030579617
-0.0053982727
-0.0112718931
-0.0068832802
-0.0247544363
0.0010458161
-0.0073996489
0.0078538733
0.0012024613
-0.0106723377
0.0158600233
0.0049971916
0.0044713790
-0.0022656474
0.0011335665
-0.0003613824
0.0038184077
0.0002069942
-0.0047364117
0.0134304126
0.0032769550
0.0083912625
0.0015263174
0.0012542061
-0.0002857328
0.0011342466
-0.0001034222
0.0014345689
0.0013096665
-0.0051054815
0.0034739155
0.0001291756
0.0008994959
0.0019538685
0.0005296210
-0.0029068706
0.0001710794
0.0050288851
-0.0014519079
0.0036905497
0.0053777171
-0.0004717100
0.0015924132
0.0018862386
-0.0043741960
-0.0050852141
0.0061623294
0.0023510636
0.0082815646
0.0049332915
-0.0018293283
0.0065724628
0.0000845168
-0.0006463669
-0.0027421205
-0.0059510910
-0.0420450331
0.0083178724
-0.0007588289
-0.0045174108
0.0030643012
0.0043579466
0.0088655919
-0.0030517767
0.0145607815
-0.0368247279
-0.0008183648
0.0027838704
-0.0052460690
0.0029717034
0.0059701207
0.0031161628
-0.0086043932
-0.0008570978
-0.0334659730
0.0001062149
0.0103241475
0.0017553494
0.0083985577
0.0037413324
0.0001064255
-0.0076219052
0.0015826088
-0.0111676974
0.0084047600
0.0072197694
0.0012169327
0.0029202043
0.0017271153
-0.0002602174
-0.0023462530
0.0111535185
0.0041986464
0.0071953598
0.0011214160
0.0015742898
-0.0001974137
0.0011415245
-0.0025383336
-0.0025645495
0.0047628657
-0.0009058186
0.0031141653
0.0017302666
0.0001474523
-0.0019721200
0.0023702787
0.0023266126
0.0012990096
-0.0006523697
0.0008379012
0.0011206494
0.0019144480
-0.0006274743
0.0036717167
-0.0002784840
0.0041444340
0.0048202145
0.0004426157
-0.0004962968
0.0002123342
-0.0026899024
0.0010627132
0.0004223573
-0.0026527034
0.0061680624
0.0106707930
-0.0033147963
-0.0140651393
0.0004819381
-0.0074213669
0.0006769646
-0.0015607985
-0.0040963514
0.0010787236
0.0094856401
-0.0088060989
-0.0116654729
0.0304046269
-0.0152238008
0.0023268953
0.0038882085
-0.0062698672
0.0025556411
0.0181151352
-0.0144660081
0.0076288374
0.0243944139
-0.0354985995
0.0212892103
0.0050735631
-0.0000935005
0.0060075097
-0.0035824947
-0.0122919494
0.0440054955
-0.0402469195
-0.0218967205
0.0315462190
-0.0020224748
0.0091400861
0.0027190196
-0.0113937363
0.0089675295
0.0179529663
-0.0325310217
0.0012373416
0.0101948938
-0.0011216646
0.0020624928
-0.0061625973
-0.0027494236
0.0029869983
0.0039767342
-0.0006532382
-0.0069523971
-0.0002101492
0.0040026859
-0.0013597065
0.0003965073
0.0017929366
0.0004640481
0.0033913403
-0.0041307788
-0.0055221724
0.0028568582
0.0037889412
0.0017702507
0.0012305324
-0.0021444470
0.0002174169
0.0007345165
-0.0021008737
0.0047818972
0.0004229031
-0.0006198307
-0.0008759776
-0.0000527163
-0.0016176451
0.0043086153
0.0026154240
-0.0068966277
-0.0013015599
-0.0016147639
-0.0017863920
-0.0051768844
0.0012073743
0.0047186615
0.0050618408
-0.0033217025
-0.0022103298
-0.0061821846
0.0025685776
0.0020186140
-0.0042879009
0.0036636855
0.0009059294
-0.0137227900
0.0137244286
-0.0036621176
-0.0160647725
0.0199476724
0.0015424172
0.0072927190
0.0023402054
-0.0197877815
-0.0073723284
0.0643099278
-0.0472878082
-0.0044790696
0.0238581277
-0.0016475133
0.0075440365
-0.0028825069
-0.0246519238
0.0315645385
0.0344192856
-0.0613677645
0.0103609316
0.0021026879
-0.0069151829
0.0027011746
-0.0046972348
-0.0102216676
0.0218182558
-0.0048576578
-0.0112721423
0.0120326915
-0.0056777245
-0.0043817483
0.0007223525
0.0007435700
-0.0062490253
-0.0010912080
-0.0081145686
0.0053615679
0.0025193954
-0.0068980671
-0.0006778763
0.0011084030
0.0014727411
-0.0004668883
0.0045770957
-0.0030991990
0.0045518730
-0.0007515472
-0.0018064771
0.0010630903
0.0005756740
0.0019581892
-0.0001830310
-0.0032526437
0.0029591299
-0.0009457142
-0.0059330249
0.0002134262
0.0003780458
-0.0007711131
0.0023610685
0.0034003190
-0.0001604721
0.0041295923
-0.0044813259
-0.0061904658
0.0054062362
0.0012213497
0.0012089708
0.0046087103
-0.0031613739
0.0033029391
0.0083333241
-0.0046989264
-0.0024873149
0.0079191299
0.0010164540
-0.0022593592
0.0044455233
-0.0027763255
-0.0080206119
0.0000823648
0.0014451650
-0.0114211893
0.0034837123
0.0027360466
-0.0065011267
0.0000477154
0.0002758541
-0.0403512717
-0.0139309940
0.0071214657
-0.0150984687
-0.0070612591
-0.0034864034
-0.0079242765
0.0009282596
0.0251640921
-0.0207887507
-0.0126432134
0.0166572597
-0.0068045881
-0.0011868458
-0.0010067349
-0.0007997819
0.0023829446
0.0120090538
-0.0104303190
-0.0020792347
0.0124189496
0.0025925317
0.0021963719
0.0014488982
-0.0062203018
-0.0032365576
-0.0042283250
-0.0127419008
-0.0074413642
0.0035245559
0.0022454412
-0.0085303482
-0.0061945254
-0.0052830226
0.0014065401
-0.0015547541
-0.0015140031
-0.0020236611
0.0022387993
0.0025829833
-0.0031018820
-0.0051929036
0.0036566930
-0.0001222629
-0.0051093324
-0.0049903953
-0.0009366770
0.0003028202
0.0008499339
-0.0016515789
0.0001391710
-0.0013203811
0.0029948284
0.0027965724
0.0022534681
0.0007280239
-0.0027862244
0.0016114068
0.0037800141
0.0039039854
-0.0021660372
0.0013208324
0.0099803934
0.0072548206
0.0033072519
-0.0020736434
-0.0017613531
0.0029847030
0.0071486825
0.0020867549
0.0007955196
0.0023735028
-0.0090133015
-0.0134523472
0.0220537844
0.0056009460
-0.0081482140
0.0021014559
0.0067629221
0.0013225799
-0.0009120425
0.0131140614
-0.0261404046
0.0012711798
0.0258290901
-0.0029832910
-0.0051310140
0.0027435312
-0.0039062982
-0.0175962181
0.0086381263
0.0390947062
-0.0374884449
-0.0115943756
0.0068915750
0.0011358175
-0.0001241018
0.0072096497
0.0048988481
-0.0113422853
0.0214903850
0.0142376358
-0.0109002884
0.0070201581
0.0034374780
-0.0077120085
-0.0007688734
0.0095505448
0.0010947150
-0.0220316203
-0.0017697134
-0.0025203614
0.0051743016
0.0054054253
0.0020996014
-0.0020753111
-0.0010843152
0.0058952996
-0.0046538178
-0.0027949544
0.0031102928
0.0006474845
0.0039500394
-0.0017525129
-0.0018652880
-0.0015072561
-0.0000270926
0.0045123135
0.0091558106
0.0011387389
0.0027873673
0.0033209979
-0.0012302850
-0.0027301961
-0.0019468472
0.0015066689
0.0028622161
-0.0019351627
-0.0017486924
0.0008255721
0.0007904485
-0.0039811239
-0.0042527299
0.0020239416
0.0025149378
-0.0028002474
-0.0180986377
0.0054449934
0.0029620881
-0.0041373712
-0.0016385618
0.0054167610
0.0073175185
-0.0046421678
0.0175516629
0.0238218375
0.0098646607
-0.0059623095
-0.0003586948
-0.0066801852
-0.0017301596
-0.0093666447
-0.0270873415
-0.0235607361
0.0099693584
0.0131140186
-0.0072164433
0.0017181808
-0.0031985325
0.0027742555
0.0070349177
0.0062255649
0.0010696713
-0.0241553354
-0.0050048361
-0.0024323822
-0.0045591094
-0.0067991309
-0.0004075502
-0.0021671052
0.0044972324
0.0266534960
0.0071570628
-0.0074463124
-0.0100334951
-0.0024623071
-0.0016918945
0.0016907244
0.0016284055
-0.0029525717
-0.0059704974
-0.0041782100
0.0087582123
0.0094500018
0.0063739363
-0.0062010291
-0.0038988812
0.0016185443
0.0038962458
0.0014203389
-0.0008999233
-0.0000782835
0.0003748226
0.0042103555
-0.0016505270
0.0011760159
0.0018094571
-0.0001139097
-0.0019518917
0.0025971876
0.0051749560
0.0061141648
-0.0000559951
-0.0015406999
0.0033766915
0.0007620700
0.0043449524
0.0012645701
0.0011364856
-0.0048748274
0.0010236354
0.0018471754
0.0007401421
0.0054780035
0.0037257790
0.0194682373
0.0289146077
0.0166438500
-0.0102193352
-0.0013438577
0.0006309225
-0.0006622073
-0.0007697247
-0.0041406504
-0.0023996941
-0.0454769705
-0.0146835674
0.0058669676
-0.0013620843
-0.0029135920
-0.0022262073
0.0088813845
0.0145691726
-0.0339297788
-0.1051157962
-0.0126600646
-0.0018127842
-0.0078104694
-0.0041623062
-0.0012733894
0.0049101494
0.0068630204
0.0202536854
0.0279237250
0.0566915883
0.0051000690
-0.0029801275
0.0001773174
0.0050307261
-0.0002876827
-0.0108578176
0.0091493252
0.0049898321
0.0069361365
0.0052819793
0.0063246707
-0.0006033315
0.0064499017
0.0029947117
-0.0018164671
-0.0030865062
-0.0174617530
-0.0161661702
-0.0018238243
0.0037935853
0.0004870434
0.0009178732
0.0020788201
0.0006305679
0.0018814724
0.0046224349
0.0018075741
-0.0009069759
-0.0039337028
-0.0015355728
-0.0032783050
-0.0006705250
0.0006427330
-0.0003972422
0.0033422312
0.0036143572
-0.0017762817
0.0026781459
-0.0001681019
-0.0015814437
-0.0007103999
-0.0000271664
-0.0002063751
0.0007861302
-0.0025585655
-0.0027565902
0.0011619466
-0.0012945474
-0.0024119195
-0.0008362900
0.0012912281
0.0043355019
-0.0035522962
-0.0147076544
-0.0066927439
-0.0013388185
-0.0046546905
-0.0020522433
-0.0029893575
-0.0078619242
0.0023085529
0.0044365304
-0.0018569978
0.0038423470
0.0044327849
-0.0032676121
0.0014644758
-0.0010330230
-0.0140886019
-0.0018463360
0.0062355185
-0.0013207477
0.0028708650
0.0119902993
-0.0028157736
0.0046444759
0.0004686045
-0.0128472317
0.0141176184
0.0162014005
-0.0331773029
-0.0101178804
0.0063812223
-0.0035068849
0.0013932702
-0.0038534603
-0.0102261473
0.0022706167
0.0038058410
-0.0084405132
0.0028977322
-0.0019295818
-0.0016418999
0.0018202817
-0.0015814364
-0.0033569840
0.0004401271
0.0060726351
0.0124711287
0.0084879773
0.0010724478
0.0004872009
-0.0019502147
-0.0003224459
0.0000398398
-0.0017103437
-0.0001045159
0.0029784886
0.0014045021
-0.0023372018
-0.0030112722
0.0021286458
0.0021915296
-0.0010794537
-0.0002552441
-0.0031722201
0.0030262447
0.0080682629
0.0067208088
-0.0011868393
-0.0020872721
-0.0014690229
-0.0024586026
0.0001313409
-0.0004673308
0.0024771043
-0.0050138017
-0.0031661078
-0.0051191774
0.0039286289
0.0001234404
-0.0112302888
-0.0062612868
-0.0140506776
-0.0023957153
-0.0052008983
-0.0081370410
-0.0119231538
-0.0031113450
-0.0005024956
-0.0017811950
0.0009297082
-0.0040824997
0.0016588745
-0.0016670248
0.0107487698
-0.0025049940
-0.0013654408
-0.0007586309
-0.0003714907
0.0328772683
0.0565333178
0.0343807240
-0.0017696388
0.0261240371
0.0022623826
0.0029691081
-0.0060318456
-0.0163092940
-0.0154044134
-0.0467936400
-0.0643775179
-0.0381642965
0.0081924418
-0.0045448370
0.0040123770
-0.0017868561
0.0002042314
0.0034154987
0.0073249509
0.0264437414
0.0094867775
0.0018256080
-0.0030951991
0.0002129651
-0.0027748748
-0.0022990968
0.0002725058
-0.0102824275
-0.0030419513
0.0033284763
-0.0025947570
-0.0084263393
0.0011898969
-0.0009166210
0.0010644133
-0.0055504646
-0.0077907292
0.0013502235
-0.0036799183
-0.0006172070
-0.0077404721
-0.0002787547
0.0013728298
0.0026330167
-0.0026143529
0.0013948165
-0.0014286531
-0.0004265767
-0.0012237800
-0.0007935886
-0.0005016886
0.0020494122
0.0033585954
-0.0018575893
0.0022097381
0.0005171844
0.0012766807
-0.0007495969
-0.0003046265
0.0019699153
0.0032947079
0.0007317669
0.0029121393
0.0174836536
0.0100048862
0.0035631657
-0.0013482465
0.0032602993
0.0065724128
0.0002403096
-0.0082684917
0.0037544320
0.0074987190
-0.0105825545
-0.0043326099
0.0015659148
0.0041306617
0.0032313441
0.0018130293
-0.0032885698
-0.0021364582
-0.0223035039
-0.0419256129
-0.0312490646
-0.0080287302
0.0012693795
0.0089421571
0.0041455860
0.0055258876
0.0015992916
0.0600951359
0.0535417520
0.0090623137
0.0082776973
0.0094523075
0.0017804463
0.0006567598
0.0056808894
-0.0169470060
-0.0174016668
-0.0116531501
0.0005225084
0.0113656669
0.0039438747
0.0000809131
0.0030205345
0.0040157661
0.0046826235
0.0133870120
0.0050136993
-0.0057837778
-0.0001414398
0.0047046223
0.0032801961
0.0028496197
-0.0053075496
0.0043779232
0.0013287835
-0.0079586641
0.0002374383
-0.0010512572
-0.0008211365
-0.0001018578
-0.0004904774
-0.0010707733
-0.0005656689
0.0029589064
-0.0008020731
-0.0013094016
0.0022193102
-0.0016589167
-0.0023417028
-0.0027206944
0.0012425034
0.0032358616
0.0026280148
-0.0021236794
-0.0022057907
-0.0015599565
-0.0031544060
-0.0019312365
0.0040482802
0.0082399401
0.0101912785
0.0169953552
0.0155251040
0.0035799490
0.0025533339
0.0010446757
-0.0026565317
0.0009614469
-0.0012301485
0.0001630754
0.0222930672
0.0067955352
-0.0137201412
0.0056732750
0.0035679701
-0.0004698701
-0.0007112967
-0.0003159967
0.0067400537
-0.0100098396
0.0021509936
-0.0028065723
0.0091850790
-0.0017937843
-0.0030423084
-0.0012359151
0.0064840709
-0.0097188791
0.0406833492
0.0216623098
-0.0140954553
0.0037936066
-0.0028402616
-0.0028817869
-0.0044654771
-0.0024605690
0.0013874117
0.0125743605
0.0139017360
0.0047410316
-0.0024944872
-0.0015248012
0.0022784851
0.0005301690
-0.0050476567
0.0056861656
-0.0001688918
0.0027480835
-0.0005551345
-0.0044335034
-0.0040839537
-0.0012565746
-0.0003552614
0.0004567080
0.0043298602
0.0032014790
0.0044861442
-0.0010348735
-0.0034251626
-0.0043223544
0.0026681393
0.0002619482
-0.0005965041
-0.0015759483
0.0032590004
-0.0016495846
-0.0010250229
-0.0030950309
-0.0009048656
0.0021503684
-0.0016610886
0.0020665227
-0.0014115754
0.0034400331
-0.0015223878
0.0010937835
-0.0002682146
-0.0002368422
0.0038993615
-0.0033415011
0.0007880074
-0.0099898467
-0.0022874821
0.0004115741
0.0045535442
0.0037263312
-0.0000721155
0.0066580507
-0.0003513165
0.0063960614
-0.0020027852
0.0025896327
-0.0060303188
-0.0041047988
-0.0032586111
-0.0000840326
0.0077703166
-0.0024697340
0.0147389693
-0.0090939830
-0.0181097068
-0.0033721829
0.0068204357
-0.0123449848
0.0017758707
0.0032147710
-0.0033005547
0.0170161301
-0.0266944006
-0.0213986113
0.0221343486
0.0166212321
-0.0151156907
0.0016674079
-0.0018084600
0.0046887782
0.0163208751
-0.0137520085
-0.0116885058
0.0057254214
0.0050402188
-0.0060174326
0.0005369057
-0.0037258769
0.0013465841
0.0135125888
-0.0028777242
-0.0020985121
0.0001637318
0.0037389768
-0.0015707462
-0.0006932571
-0.0021362213
-0.0017350017
0.0042726601
-0.0057102283
-0.0011817716
-0.0022641414
0.0012865594
-0.0001641383
-0.0013151590
-0.0006331901
0.0021473176
-0.0027338285
-0.0019104764
-0.0006460491
-0.0074602890
-0.0018915278
-0.0025628838
0.0018749105
0.0057185368
0.0007927164
-0.0008264089
0.0042142938
0.0060665367
-0.0013539821
-0.0002522121
0.0011577948
0.0054939112
0.0065206138
-0.0003730979
-0.0051614895
0.0130379981
0.0006135362
-0.0082107292
0.0068790617
-0.0038519047
-0.0003970891
0.0074785665
-0.0025445280
-0.0223015893
0.0264793453
0.0153135635
-0.0363061295
0.0213047187
-0.0005516399
-0.0065046910
0.0040911021
0.0047136753
-0.0189462447
0.0186594932
0.0638428666
-0.0838361904
0.0126878161
0.0233193596
0.0006580734
0.0008673965
0.0036953020
-0.0106951000
-0.0244814430
0.0571396502
-0.0424830397
-0.0217492894
0.0288271396
0.0021558941
-0.0004237779
0.0068666016
0.0036540529
-0.0110411930
0.0109583293
0.0042849735
-0.0242544267
0.0141185504
-0.0019654262
-0.0062030161
-0.0011810698
-0.0001197709
-0.0001462230
-0.0061322240
0.0005077942
-0.0100008377
0.0059382176
-0.0013596465
-0.0024126689
0.0000416208
0.0001445948
0.0044345794
-0.0010598141
-0.0030528000
-0.0030122628
-0.0023400297
0.0023006709
-0.0006540059
-0.0000291543
0.0031999767
0.0034812747
0.0021798385
0.0007740204
-0.0052776683
-0.0054033104
0.0015401804
-0.0009924943
-0.0000422978
-0.0010378364
-0.0067637066
-0.0084113576
0.0010188768
0.0064071475
-0.0011915834
0.0021492102
-0.0056080660
0.0018306307
-0.0026522041
-0.0168301664
-0.0149167323
-0.0049816853
0.0066779013
0.0061024524
0.0052903182
-0.0048052073
0.0059553642
0.0086272883
0.0133480153
0.0226337363
0.0062521920
-0.0014354454
-0.0067082135
-0.0011198697
-0.0065193826
0.0090607106
0.0250402230
-0.0185457599
-0.0371719921
0.0093497755
0.0077609769
-0.0166206516
-0.0015372721
-0.0094919795
0.0040253840
0.0133426548
-0.0127734695
-0.0141655559
0.0285242820
0.0248112841
-0.0083201397
0.0017627817
0.0004625046
0.0025348501
-0.0114541878
0.0040519746
0.0095564966
-0.0007798090
0.0065883442
0.0011100759
0.0035606528
0.0036734985
0.0010185065
-0.0102300932
0.0004257839
-0.0145479614
-0.0141442060
0.0038222742
0.0017275728
-0.0014736316
-0.0016702621
0.0029825539
0.0034731043
-0.0022339400
-0.0011755031
0.0013099707
0.0060260045
0.0016994646
-0.0002910035
0.0039022473
0.0005162656
-0.0018995456
0.0025537367
0.0037849024
0.0042036446
0.0025123670
-0.0011815762
-0.0013187629
0.0039845322
-0.0013037368
-0.0029801769
0.0024578995
0.0006350120
-0.0027839482
-0.0011922606
-0.0025528236
0.0011335284
-0.0009750800
-0.0010531258
0.0034669620
0.0074037645
-0.0075689382
-0.0122249035
-0.0061263941
-0.0025817996
0.0011301665
0.0023136856
-0.0015703497
-0.0059288314
0.0015116695
-0.0026615487
0.0032640134
0.0060606336
-0.0032599084
-0.0033144882
0.0046528201
-0.0030772632
-0.0264650680
0.0203904121
0.0019097267
-0.0085110062
0.0061405811
-0.0081015080
-0.0042307679
0.0042215580
-0.0042602612
-0.0166198129
0.0421157654
-0.0163938929
-0.0170270075
0.0036595700
-0.0057789771
-0.0013181341
0.0022919371
-0.0036889576
-0.0116428390
0.0105368748
-0.0124339431
-0.0057465346
0.0088784924
-0.0053845621
-0.0048976971
0.0017135600
-0.0011028019
-0.0047921492
0.0029103055
0.0024315886
-0.0032494520
0.0064311404
-0.0009954859
-0.0037232899
-0.0002027600
0.0000782254
-0.0047974905
-0.0003695244
0.0031171178
0.0030242293
0.0042680775
0.0003321631
0.0011771706
0.0012540388
0.0017573404
0.0010173992
-0.0026486669
-0.0056986033
-0.0005708900
0.0025496576
0.0027022336
0.0021427067
-0.0003123090
-0.0027590172
0.0009804451
0.0001123860
0.0012886100
0.0054643065
0.0006021470
0.0010746484
-0.0003624284
0.0020339145
0.0026471202
-0.0002980406
-0.0044483083
-0.0073033003
-0.0008798166
0.0038152325
-0.0017640064
-0.0061386837
-0.0055464946
0.0015691196
0.0058087910
-0.0051358771
-0.0231128226
0.0252062450
-0.0157863979
0.0000348474
-0.0024572001
-0.0043107088
0.0019630972
0.0022951063
-0.0138195702
-0.0293007621
0.0785674383
-0.0292436439
-0.0042495848
-0.0067652237
-0.0039612381
0.0038659605
0.0067536058
0.0038722506
-0.0289428331
-0.0211913329
-0.0071588250
-0.0033626239
-0.0060433961
-0.0000999060
0.0000670432
0.0002154334
0.0068880452
-0.0047195675
0.0154513512
0.0070912361
-0.0032484577
-0.0037626560
-0.0028524757
-0.0012113699
-0.0096387777
-0.0062138499
-0.0129883096
0.0006618776
0.0065960206
-0.0011587288
-0.0035842815
-0.0026441605
0.0021696585
-0.0014637211
-0.0007976384
-0.0040789102
0.0091201745
0.0027271276
-0.0010868329
-0.0031006394
-0.0025995859
-0.0033100630
-0.0032779531
-0.0021940531
-0.0038386105
-0.0042915871
0.0006036045
-0.0037018915
-0.0016599888
-0.0002681306
0.0011458680
0.0032981991
0.0009826869
-0.0016458954
0.0020884949
0.0098485952
0.0002556991
-0.0005031248
-0.0027839544
0.0000777670
0.0031614872
0.0055763052
0.0116761013
0.0177140686
0.0147623611
-0.0008638925
0.0006102731
0.0046395136
0.0044715140
0.0050286614
-0.0056129636
-0.0074650056
-0.0039755756
0.0003760909
-0.0027335467
0.0042522426
-0.0012401245
-0.0053413904
-0.0082365878
-0.0090816815
-0.0290453690
-0.0442676348
-0.0104989376
-0.0048785267
-0.0002738633
0.0088141318
0.0077122507
0.0043448477
0.0180110248
0.0419412229
0.0332372878
0.0202152926
0.0079704823
0.0061858312
0.0005904317
0.0024117517
0.0004240777
-0.0026163559
-0.0004527088
0.0118959958
0.0111292627
0.0102365949
0.0034247884
0.0011931094
0.0040880568
-0.0015382239
-0.0023938302
-0.0133463404
-0.0156015783
-0.0124135874
-0.0050396197
-0.0035894467
-0.0001357577
0.0015092598
0.0003260563
0.0018686075
-0.0030544401
0.0026640416
-0.0005851628
-0.0048902894
-0.0055158084
-0.0029194275
0.0021108035
0.0044906996
0.0050186847
0.0018945803
0.0025549197
-0.0074211639
-0.0035884263
0.0043376393
0.0007572083
0.0041103356
0.0017952583
0.0004285082
-0.0070136107
-0.0088786143
0.0008647932
0.0080782422
0.0024756475
0.0053420241
0.0016123058
-0.0076688155
-0.0169425238
-0.0217787988
0.0082458817
0.0185368374
0.0012068439
-0.0045723475
0.0056740329
0.0012317279
0.0040312698
0.0338365732
0.0481678135
0.0070395842
-0.0165736809
-0.0061404387
0.0028140459
-0.0030883621
-0.0014556671
0.0064747651
-0.0053972735
-0.0551665629
-0.0556568964
-0.0232226858
-0.0095091814
-0.0055531332
0.0007044082
0.0030334318
-0.0094734766
-0.0084854075
0.0064317279
0.0528844542
0.0307405488
-0.0002497415
-0.0023224944
0.0028493764
0.0020826841
-0.0026369986
0.0149013579
0.0133750728
0.0052014143
0.0000078241
0.0076799477
0.0022091158
-0.0034300641
-0.0026277121
-0.0037794876
-0.0164446108
-0.0388922667
-0.0330144191
-0.0203273198
-0.0005940230
-0.0010231873
-0.0022281306
0.0004684444
-0.0043439654
-0.0065485518
-0.0089483241
-0.0003826866
0.0011223458
-0.0003604188
-0.0047947994
-0.0007346944
-0.0022931545
-0.0027284988
0.0017361439
-0.0058458290
-0.0005192950
-0.0003407001
-0.0007439631
-0.0026654002
0.0061334319
-0.0030731065
0.0026383371
0.0062830108
-0.0120021643
0.0067987350
0.0010968965
-0.0026802189
0.0006394917
0.0033970248
-0.0063316829
0.0090079825
0.0182111700
-0.0284358535
0.0022103615
-0.0046855111
-0.0077403453
0.0007959373
0.0066533894
-0.0003186765
-0.0167889913
0.0134822805
-0.0072865772
-0.0037913490
0.0051673299
-0.0000100458
0.0006136174
0.0014957318
0.0023856162
-0.0172684041
0.0208620839
0.0379683204
-0.0154348729
0.0084831480
0.0069038277
0.0004115350
-0.0004309762
0.0031427969
0.0078199542
-0.0140005345
0.0306328893
-0.0320870835
-0.0062664794
0.0003885306
-0.0026211762
-0.0045051216
0.0026090839
0.0223432058
-0.0225812997
-0.0001711524
-0.0135012490
-0.0111104320
-0.0001877125
0.0016864307
-0.0016741884
-0.0026653395
0.0121288331
-0.0062734455
-0.0014095488
0.0146356321
-0.0056257863
-0.0027542409
0.0034512812
-0.0031732341
-0.0051657081
0.0010656122
-0.0035560983
-0.0056760225
0.0118851736
0.0016064167
-0.0071835142
0.0036489856
0.0029809667
0.0000585733
-0.0003056279
-0.0018091142
-0.0014814472
0.0008918117
0.0024616884
0.0028449750
0.0020186559
0.0000648284
-0.0005184792
-0.0001655628
0.0016876132
-0.0010277776
0.0013204177
0.0018299590
-0.0019362799
0.0001738036
0.0016887940
-0.0020003550
-0.0020616861
0.0025483759
0.0029014369
0.0027121677
0.0054671874
-0.0041237321
-0.0023103574
-0.0019183655
-0.0019995531
-0.0021430722
-0.0073103150
-0.0048558650
-0.0004910347
-0.0027326304
0.0000513158
0.0011218961
-0.0083947429
0.0010278644
-0.0014802095
-0.0132975191
0.0118068352
-0.0008732949
-0.0210498057
0.0008269047
-0.0026279167
-0.0068891207
0.0013830650
0.0111580444
-0.0018823173
-0.0011188346
0.0048364419
-0.0014854155
0.0007349664
-0.0025270219
0.0037319870
-0.0022526905
-0.0071824624
0.0034938958
-0.0390547060
-0.0264471136
0.0073212249
-0.0145963707
-0.0048643750
0.0033546269
0.0025649977
-0.0076203697
0.0162575481
0.0092278333
0.0143920236
0.0132710743
-0.0069716696
-0.0007940702
-0.0039095842
0.0006783322
-0.0018545415
-0.0023234020
-0.0062314296
0.0008647197
0.0005508610
0.0006124118
0.0029751283
-0.0050848635
-0.0041056437
-0.0017929850
-0.0026063761
-0.0088997517
0.0029619668
-0.0022869084
-0.0030088537
-0.0026138976
-0.0014857143
-0.0004627016
-0.0008740493
0.0013649075
-0.0080395471
-0.0000640736
0.0019438948
-0.0018016581
-0.0016049077
0.0017988179
0.0006209057
0.0024720936
0.0023134761
-0.0051243468
-0.0033111094
0.0015275273
-0.0042168789
-0.0000811940
-0.0023974285
-0.0029127045
-0.0009001542
-0.0022553111
-0.0084706397
0.0152701278
0.0090278425
-0.0041270409
0.0021602957
0.0036306042
-0.0039963131
-0.0076506503
-0.0066868964
-0.0281619199
0.0339397565
0.0172216763
-0.0138839656
0.0072329231
0.0043046886
-0.0042650822
-0.0039536172
0.0356312382
-0.0089830767
-0.0101175771
0.0047637742
-0.0137155946
0.0015408281
0.0021016920
-0.0077829021
-0.0136315594
0.0265736032
0.0003766350
-0.0115510197
0.0044622331
-0.0081414140
-0.0012786027
-0.0024126075
-0.0017611169
-0.0105890197
-0.0022012943
-0.0058873859
0.0056558402
0.0123063233
-0.0007842967
0.0016888505
-0.0037601161
0.0003897607
-0.0013374073
0.0027508787
-0.0067889859
0.0003245897
0.0011800476
-0.0002718837
-0.0002025265
-0.0004365602
-0.0012838243
0.0017257153
0.0011752142
0.0055907746
0.0030348696
0.0037791554
-0.0023254061
-0.0019874635
0.0025282241
-0.0022976267
0.0017143498
0.0007091373
-0.0084560027
-0.0052981825
0.0051349284
0.0004512197
0.0028379288
0.0020805578
-0.0020434893
0.0020558285
-0.0011994455
-0.0224660333
-0.0127950221
-0.0068027949
-0.0134101565
0.0048171497
0.0000566550
0.0036356570
0.0167372252
-0.0150280194
-0.0158074311
0.0543497465
0.0038212643
-0.0030884248
0.0155994151
0.0029368446
0.0012196169
0.0051794091
-0.0186830373
0.0035772810
0.0949770009
0.0102085899
-0.0160040996
0.0131434853
0.0020354386
0.0019643836
0.0134061025
-0.0011882493
-0.0323225791
-0.0173984796
-0.0137956914
-0.0123514293
0.0094034006
0.0100696079
0.0055467505
0.0104204487
0.0114889529
0.0293087262
0.0251551012
0.0107593095
0.0058023420
0.0094416535
0.0030256962
-0.0003224554
0.0060957015
-0.0023042902
-0.0009099081
-0.0047463039
0.0024230957
0.0054450012
0.0045246020
0.0002931214
-0.0031058355
0.0009375985
-0.0060622907
-0.0050421294
-0.0078042487
-0.0050193671
-0.0026086073
0.0016786599
-0.0009335052
-0.0026002926
0.0006744851
-0.0068640538
-0.0051681485
-0.0026578811
0.0013419051
0.0024549508
0.0056325033
0.0008820317
-0.0007447376
0.0010695582
-0.0000117486
0.0053732667
0.0030164019
-0.0040069774
-0.0020888103
0.0036911770
0.0057718864
-0.0010409696
0.0083279496
0.0146880122
0.0092864748
-0.0026668206
-0.0116743029
-0.0091754073
0.0033185022
0.0006880933
-0.0007208402
0.0057031657
-0.0213737125
-0.0130221626
0.0099542639
0.0049840190
-0.0058954259
0.0022379345
-0.0047031999
-0.0021631197
-0.0007122099
-0.0008735472
0.0400864769
0.0310705056
0.0167136733
-0.0051075645
0.0018595337
0.0011605434
0.0020667597
0.0012337665
0.0088858524
-0.0017643631
-0.0279705824
-0.0090022581
-0.0067617506
0.0038827430
0.0020620284
-0.0014530575
-0.0038168944
-0.0045883045
-0.0063106220
-0.0127770860
-0.0027824537
-0.0038049011
0.0007955337
-0.0006805230
-0.0016554668
-0.0015435191
0.0028699933
0.0137870543
0.0264576199
0.0141319431
-0.0015055913
0.0029961466
-0.0020423783
-0.0019567365
-0.0005904670
-0.0002231462
0.0003480721
0.0026383729
0.0006339090
-0.0023568242
0.0017826160
0.0053887971
0.0016753014
-0.0023649848
0.0026785720
0.0022629058
-0.0052053637
-0.0022048249
-0.0023884849
0.0034687504
0.0007325985
-0.0000818289
-0.0021876740
-0.0018290874
0.0002949178
-0.0012654020
0.0026285681
0.0046352938
0.0034018955
0.0003688290
-0.0025690997
-0.0026365822
-0.0027110493
-0.0030802646
-0.0008863132
0.0033867726
0.0001492971
-0.0029091072
0.0084187409
-0.0013500201
0.0009195494
0.0043371237
0.0085598532
-0.0105036900
0.0029774315
0.0015168265
0.0038236720
0.0068479347
-0.0057296835
-0.0023137494
-0.0045582855
0.0202982853
-0.0062267419
0.0069042228
0.0052664933
0.0047333639
0.0051749267
-0.0030520362
-0.0087316848
0.0040645003
0.0268609814
-0.0144509031
0.0013965363
0.0024680169
0.0016186026
0.0039446731
-0.0007673509
-0.0061226396
-0.0025013478
0.0081313039
-0.0097103159
0.0071218134
0.0059132462
0.0048722363
0.0000101990
-0.0015045084
-0.0014121617
0.0005747714
0.0179909016
-0.0070277144
0.0002193710
0.0022431332
0.0018739978
-0.0033582148
-0.0000096751
-0.0007893327
-0.0045257867
0.0059210992
-0.0057174765
-0.0013842335
0.0000650310
-0.0000621623
-0.0023254192
-0.0007041307
0.0024604089
0.0033886004
0.0049326720
0.0013318439
-0.0033428545
0.0019457699
-0.0008002792
-0.0002795745
-0.0008627892
-0.0006992470
-0.0020712649
-0.0008660317
0.0009268107
0.0007048477
0.0004205916
0.0007534566
-0.0014939588
-0.0006233311
-0.0036696225
-0.0054608674
-0.0117167183
-0.0004237160
-0.0029595128
-0.0021726575
0.0030621930
-0.0021767941
0.0004045981
-0.0009438058
0.0048593728
0.0035483005
-0.0095821005
-0.0080625733
0.0068455139
0.0032001004
0.0058490030
0.0039100247
0.0036649191
0.0289386261
0.0455928902
0.0226931246
0.0047361584
0.0052212339
0.0029102014
-0.0023805390
-0.0034027002
-0.0007778380
-0.0282217582
-0.0360273899
-0.0331268167
-0.0043641859
-0.0036178743
-0.0011204772
-0.0010262103
0.0035665132
0.0132812617
0.0036845750
0.0089105427
-0.0027071879
0.0107147970
0.0084910030
0.0051286167
-0.0014863604
-0.0033748752
-0.0033381100
0.0005392615
-0.0008278892
0.0032819577
0.0033774106
-0.0005671428
0.0019495053
-0.0010597943
-0.0028224004
-0.0030434546
-0.0039896517
0.0005919215
0.0079993378
0.0023654596
-0.0003950518
-0.0022293413
0.0002904800
0.0029933319
0.0047490561
-0.0025113714
0.0050587611
0.0027493405
0.0004511237
-0.0035519378
-0.0035998339
0.0039957897
0.0005295301
0.0030629427
-0.0024612522
0.0036546036
0.0016967768
0.0075812292
-0.0016350073
-0.0047927891
0.0073988381
-0.0014525390
-0.0019362618
-0.0003484585
0.0024922237
-0.0030468315
0.0224622521
-0.0030859847
-0.0046507952
0.0067126844
-0.0018600095
-0.0025787152
0.0119476099
-0.0073724010
-0.0062927813
0.0228688441
-0.0289438677
-0.0074568825
0.0013838579
-0.0028214716
0.0032029736
0.0099437965
-0.0437697155
0.0130917758
0.0270251170
-0.0269153479
-0.0018966267
0.0011582155
-0.0035035036
0.0138816955
0.0091141225
-0.0392085882
0.0443496372
0.0017070647
-0.0132939927
0.0019519454
-0.0049026168
-0.0043567380
0.0191187905
-0.0049159865
-0.0119645783
0.0294290746
-0.0093434143
-0.0040161460
0.0006915740
-0.0067406491
0.0034922149
0.0142928181
-0.0176350624
-0.0058533545
0.0088327497
0.0001626466
-0.0062871981
-0.0030315086
-0.0052631260
0.0038709855
0.0074597721
-0.0093751242
-0.0027117714
0.0029315898
0.0027583061
-0.0051524789
0.0012387862
0.0008768604
0.0002959525
-0.0030570903
0.0015028591
-0.0037942608
-0.0088063585
0.0045149044
0.0077885229
0.0043123912
0.0029811243
0.0010468795
-0.0044323315
0.0029288810
0.0049330810
-0.0024698057
-0.0023286924
0.0040044431
0.0064250174
0.0074706091
0.0027130134
-0.0060373393
0.0093080555
0.0230114730
-0.0008853673
-0.0083748406
-0.0021605590
0.0040233103
0.0045306182
0.0001469840
-0.0021648187
0.0083875139
-0.0019350747
-0.0277830357
0.0011588846
0.0097165822
0.0053051127
-0.0014301367
0.0030452145
0.0174164271
0.0095825811
-0.0548594935
-0.0248916695
0.0160948146
-0.0049855660
0.0054737501
-0.0056423519
0.0070664187
0.0200518016
-0.0119112527
-0.0290044884
0.0638617003
0.0111877209
-0.0196752729
0.0044606365
-0.0061375741
0.0094876156
0.0206823393
-0.0166480474
-0.0151675242
0.0240265423
0.0047499019
-0.0017808845
0.0064308863
-0.0030993302
0.0044050055
0.0069352831
-0.0013104409
-0.0195749522
-0.0100170846
0.0034577725
0.0039602685
0.0067244978
0.0033990583
0.0018512729
0.0018720562
0.0039950601
-0.0058025398
0.0020363287
0.0023586169
0.0018777744
0.0017159781
0.0022277273
0.0003771507
-0.0010380978
0.0004739981
0.0029094037
0.0009339960
0.0008846380
-0.0018422931
-0.0015512895
0.0014232537
0.0005163491
-0.0009572944
0.0020147692
0.0013047571
-0.0037220857
0.0011118522
0.0008932441
-0.0009562411
0.0005474177
0.0026558142
-0.0008539935
-0.0038799916
0.0014630921
-0.0023032703
0.0036257577
0.0074366876
0.0026351024
0.0034474504
-0.0000712022
0.0007390262
0.0016545119
0.0010428975
-0.0095995414
-0.0024037013
0.0044873162
0.0019045266
-0.0021514256
-0.0050151285
-0.0012649740
0.0148540087
0.0228815481
-0.0051093488
-0.0092849772
-0.0001063948
-0.0037286990
-0.0021288161
0.0030381939
-0.0000371017
-0.0053173555
0.0077410103
0.0059313887
0.0048709500
0.0124483443
-0.0013277832
0.0002918278
0.0013139447
-0.0053974265
-0.0016839471
-0.0095769517
-0.0245721734
-0.0155348858
0.0018623549
-0.0001698478
-0.0006506113
0.0006346502
0.0066514512
0.0080654144
0.0080866479
0.0164337769
0.0085492153
-0.0000039610
0.0004755393
-0.0033414298
-0.0000746590
0.0027835970
-0.0040521104
-0.0085484121
-0.0051071728
-0.0001446831
0.0004055068
0.0010688647
-0.0039350021
0.0008655934
0.0005843442
-0.0029933981
-0.0038194538
0.0021291828
-0.0039924267
-0.0005659958
-0.0009441907
-0.0064956108
0.0016953335
0.0008640155
-0.0045928018
-0.0025632477
-0.0011053406
-0.0015234792
0.0023315524
-0.0035096933
-0.0112274040
0.0030693517
0.0136786064
-0.0022989410
0.0068417389
0.0067253235
0.0084423314
0.0081576364
-0.0018590493
-0.0077615774
0.0018907729
0.0133345261
-0.0055639548
-0.0018399022
0.0148667261
0.0026332160
-0.0027852157
-0.0035936834
-0.0045868033
-0.0027621336
0.0029215908
0.0056188999
-0.0134562897
0.0321158118
-0.0119024994
-0.0222123108
-0.0054193538
-0.0027769784
-0.0010036086
-0.0021526026
0.0033354355
-0.0374061370
0.0378920183
0.0044740921
-0.0109989088
0.0023780025
-0.0032536203
-0.0004920954
0.0059274267
0.0041310745
-0.0205162481
0.0221753313
0.0105432059
-0.0068306981
0.0009870438
0.0022416089
-0.0006454912
0.0015796765
0.0009920072
0.0003544091
-0.0010500210
-0.0026620858
-0.0011247339
-0.0056916982
0.0040301496
0.0014260882
-0.0006440853
0.0008785603
0.0016400339
0.0008084042
0.0003198045
0.0013614430
-0.0046071813
0.0060292078
-0.0025279401
-0.0040948139
0.0012311998
-0.0018372742
-0.0000392768
0.0061656193
0.0017809852
0.0031359720
0.0035489732
-0.0044081438
-0.0044644108
0.0071188488
0.0016262410
-0.0031800947
0.0039783845
-0.0005517364
0.0011836958
0.0031016002
-0.0047725502
-0.0022828307
0.0167411181
-0.0016623933
-0.0110831851
0.0016134361
0.0026777141
0.0050319048
0.0015935308
-0.0059716009
-0.0121046635
0.0072853405
0.0451345946
0.0201139549
0.0010793517
0.0082965787
0.0031247206
0.0080979566
-0.0036766567
-0.0282984444
0.0629980372
0.3161752836
0.1873467698
0.0085193899
0.0106777034
-0.0030434517
0.0063484830
-0.0009006027
-0.0151452897
0.0627494921
0.2466466438
0.1619139033
0.0248422862
0.0008809508
0.0029379727
0.0012104865
0.0006478705
-0.0024811855
-0.0151885459
0.0107476687
0.0193306054
0.0068243638
-0.0022605494
0.0079452187
-0.0033382920
-0.0024289320
0.0004144742
-0.0067437718
-0.0086645633
-0.0002738312
0.0038768097
-0.0046420628
-0.0016330701
-0.0000256734
0.0005397693
0.0033633636
0.0015205704
-0.0025451459
0.0017863815
0.0090825791
0.0000253410
0.0002990609
-0.0021825905
-0.0016995295
-0.0030048382
-0.0063731425
-0.0098792252
-0.0044250644
-0.0058286378
-0.0002302967
-0.0002955216
-0.0006732699
0.0007654364
-0.0014204461
-0.0017558490
-0.0020137176
-0.0007089162
-0.0051887757
-0.0001411488
-0.0011539394
-0.0003142791
-0.0004772433
0.0006139522
0.0000440123
0.0021995449
0.0038532137
-0.0074844292
-0.0040124445
-0.0038080516
0.0015206128
0.0003667925
-0.0019743371
-0.0069147690
-0.0186581320
0.0069832995
0.0078636483
-0.0005650100
-0.0007235445
-0.0022273286
0.0022187257
-0.0050281205
0.0102616149
-0.0226338652
-0.0326333425
0.0107296446
0.0064893133
0.0064002210
-0.0029024083
-0.0026930984
-0.0071434784
0.0219368885
0.0448190857
-0.0015004234
-0.0024565387
0.0007653128
-0.0008337741
-0.0051830161
-0.0057673477
-0.0029182119
-0.0030179462
0.0051788476
-0.0041031029
-0.0062087943
-0.0009951378
-0.0005126332
-0.0030026385
0.0025144132
0.0026326982
-0.0032300011
-0.0094615152
-0.0063195470
-0.0012614465
0.0018901041
0.0001745766
-0.0035684455
0.0000671665
0.0023457821
0.0001419792
-0.0006185611
-0.0016705962
-0.0025897581
-0.0005445855
-0.0002719770
0.0010011217
0.0011371358
0.0006891345
0.0013530694
-0.0006682330
0.0027380617
0.0021968021
0.0001348128
0.0014228749
-0.0007451696
-0.0014765056
-0.0011214459
-0.0008626718
-0.0028181452
-0.0045176759
-0.0030568134
0.0002012717
-0.0007930524
0.0031168840
-0.0011642883
-0.0041446745
-0.0048906702
-0.0117502092
-0.0110370434
-0.0049637560
0.0007560345
-0.0014688913
0.0018545710
-0.0026180461
-0.0041615907
0.0037740265
0.0068861069
0.0067132619
0.0027308233
-0.0016019892
-0.0028795254
0.0042956854
-0.0008913175
0.0015977716
0.0214507010
0.0307599428
0.0216417424
0.0144145580
0.0082621849
0.0053549378
0.0007309960
-0.0068284881
-0.0117391464
-0.0077140678
-0.0324024343
-0.0376926126
-0.0128885937
-0.0006088862
-0.0041496869
-0.0045611798
-0.0028623661
-0.0030890455
-0.0115340948
-0.0106376901
-0.0067715726
-0.0141208352
-0.0039546984
-0.0020327922
-0.0018440037
-0.0004740466
0.0063240765
0.0004870882
0.0123506097
0.0208286591
0.0107620282
0.0020618358
0.0005251967
0.0009131904
-0.0037161571
-0.0000386673
0.0005093678
-0.0030924383
-0.0071577598
-0.0025033839
-0.0007847585
-0.0010892695
-0.0037839030
0.0018416833
0.0008135965
0.0008687433
0.0022452901
-0.0008983826
-0.0122856077
-0.0051157316
-0.0042843489
-0.0049529108
0.0033395717
0.0048731520
-0.0051511533
-0.0038193813
0.0009419659
-0.0077342316
0.0015593610
-0.0040484134
-0.0121556824
0.0060235944
0.0194193226
-0.0089499223
-0.0020217922
-0.0058567371
-0.0100627366
0.0100369676
-0.0035707727
-0.0067846882
0.0068417558
0.0221784954
0.0004358683
0.0453248811
0.0295810296
-0.0209888568
0.0003195194
-0.0024308669
-0.0058948355
0.0006179610
0.0236843152
0.0226574863
0.0861217012
0.1474200219
0.0325173486
-0.0018198113
-0.0027825010
-0.0055257637
-0.0034913367
0.0000263748
0.0165364347
0.0900488453
0.1355898064
0.0157948688
-0.0059529301
-0.0107674098
-0.0063732559
-0.0049726031
-0.0035855277
-0.0047914392
-0.0014001463
0.0091605372
-0.0162816254
-0.0044361949
-0.0104891731
0.0042000669
0.0037939327
0.0030549663
0.0091869997
0.0130361407
-0.0014145290
-0.0092944785
0.0080229828
0.0020157563
-0.0001218611
-0.0003553079
0.0001701340
0.0057673851
0.0056985980
-0.0067737308
-0.0100368995
0.0012402049
-0.0023902969
-0.0027216109
-0.0013591081
-0.0001793344
-0.0015472492
-0.0030548212
0.0026744355
0.0011783017
0.0001979365
-0.0011043841
-0.0039880105
0.0021129916
0.0015724659
-0.0009708844
-0.0010053765
-0.0023359567
0.0010708044
-0.0056613367
-0.0036896232
-0.0030106764
-0.0026958811
0.0043313686
0.0004853136
0.0042581984
0.0150232572
0.0055036037
-0.0013045298
0.0011820937
-0.0017706397
-0.0031312084
-0.0022238442
-0.0010517825
-0.0222917151
-0.0213875859
0.0003611379
-0.0039843419
-0.0021621129
-0.0022194813
0.0005591212
0.0134217350
-0.0099210829
-0.0498241681
0.0218249978
-0.0152736174
-0.0050762150
0.0016412596
-0.0017924944
-0.0008595969
0.0020256481
-0.0024438889
-0.0378720293
0.0228819731
-0.0187654203
-0.0027085753
0.0023024544
-0.0066329573
-0.0042420668
-0.0070856034
0.0019887031
-0.0152737708
-0.0156587180
-0.0029877137
-0.0045433922
-0.0016564604
0.0019574070
0.0002213915
-0.0004109743
0.0051261018
0.0068351223
0.0096627736
0.0073760899
0.0009278607
-0.0009485228
-0.0014652365
-0.0034032324
-0.0006992352
0.0057025401
0.0072746038
-0.0000739734
-0.0042950912
-0.0011610053
-0.0016038590
0.0040223907
-0.0001721479
-0.0037375630
-0.0016126722
-0.0053988696
-0.0031894161
-0.0028878208
-0.0021366552
-0.0023985266
0.0023327594
-0.0031294896
-0.0060797584
-0.0001691025
-0.0000736875
0.0019892792
-0.0006456526
0.0023370274
0.0016682937
0.0021024132
-0.0037980935
-0.0059045180
-0.0091323272
-0.0091095003
-0.0113061862
-0.0119985960
0.0061867847
0.0031268765
0.0027884130
-0.0021608705
0.0031695373
-0.0035693862
-0.0110332190
0.0167429268
-0.0015543765
-0.0023541043
-0.0008918414
-0.0014386706
-0.0021192124
0.0101307330
0.0088288139
-0.0283491360
-0.0232809071
0.0018607760
-0.0007677847
0.0084463824
0.0003798807
-0.0039908382
0.0037108344
-0.0032719090
-0.0527866752
0.0589861096
-0.0042699033
-0.0092088190
0.0011209203
0.0016297797
-0.0001057688
0.0017989698
0.0057736863
-0.0276247431
0.0074961215
0.0047810775
0.0014593392
0.0054648280
0.0019775307
-0.0018780372
0.0016466806
-0.0020384038
-0.0069775558
0.0056118696
0.0009422075
-0.0030636415
0.0002780259
0.0011132671
-0.0041279665
-0.0027020960
-0.0043201753
-0.0021127745
0.0036063963
0.0011833348
0.0038265682
0.0030346142
0.0024651728
-0.0025633999
-0.0027884886
0.0020409111
0.0010394212
-0.0032788094
0.0017067189
-0.0007618486
0.0032352280
0.0005369084
-0.0008263931
0.0000224093
0.0045322734
-0.0017189628
-0.0024245846
0.0025804997
-0.0008106149
0.0021338531
-0.0008888511
-0.0006714650
-0.0001713759
0.0092690459
0.0034062045
-0.0055634711
-0.0005827201
-0.0037251619
-0.0023433850
-0.0011848343
-0.0004616513
-0.0085489669
0.0099545448
0.0189518219
-0.0103113513
0.0082240969
0.0009122633
0.0002151253
0.0028588077
0.0012689521
-0.0137594932
0.0180159743
0.0220023192
-0.0314181010
0.0073232889
0.0094841284
0.0084276483
0.0035138146
0.0029937172
-0.0072116754
0.0168108441
0.0457338862
-0.0235118466
0.0106891625
0.0162238425
0.0085237926
0.0031545592
-0.0001364640
-0.0064501106
0.0008231081
0.0245243471
-0.0221115210
-0.0020350854
0.0083853611
0.0021019915
0.0021076687
0.0016834462
-0.0022201339
0.0048198721
0.0140903602
-0.0076151026
-0.0026546458
0.0015914818
0.0044323227
-0.0014121301
-0.0001734607
-0.0001196683
-0.0012694797
-0.0018154651
-0.0127306584
-0.0047738744
-0.0051808724
-0.0000438075
-0.0037952860
-0.0009038544
-0.0019226865
-0.0010683666
-0.0044464526
-0.0059734501
-0.0029409682
-0.0047046492
-0.0045211674
-0.0013706543
0.0013165599
0.0004632199
0.0002376566
0.0043187573
0.0022918390
0.0030886693
0.0013170050
-0.0014967421
0.0011090389
0.0022323118
0.0016152863
0.0084425826
0.0124410895
0.0044367745
0.0033116393
-0.0006741963
-0.0000673724
-0.0004512946
-0.0017126231
0.0005922646
-0.0027975752
-0.0111830254
-0.0144637797
-0.0078869598
-0.0045359670
-0.0032386162
-0.0014005573
0.0044899301
0.0140190145
-0.0114279642
-0.0266879068
0.0074530006
-0.0063420848
-0.0152993867
-0.0014446368
-0.0085707026
0.0008236219
0.0115439312
-0.0141145374
-0.0078589846
0.0420850403
0.0253083443
-0.0046916708
-0.0003182315
-0.0013408260
0.0040865878
0.0018871737
-0.0060031864
0.0044844693
-0.0058623996
-0.0022817750
0.0055918579
-0.0000768649
-0.0037640382
0.0003969756
-0.0020004650
-0.0010597839
0.0021684552
-0.0237265501
-0.0216155282
0.0013287547
0.0009282034
0.0006607286
0.0003854953
-0.0046716424
-0.0021803669
0.0059667172
0.0025418060
-0.0004654782
0.0025865312
-0.0026954309
