0.0736159012
-0.0462962016
-0.0570224002
0.0227547996
-0.0233881008
0.0878067017
-0.0082427999
-0.0342594013
-0.0350759998
-0.0286263991
0.0507238992
-0.0662257001
0.0143870004
0.1945881993
0.0120885000
0.0544200987
0.0008718395
0.0317382999
-0.0057700002
0.5433112979
0.0087066004
0.0353575982
-0.0135134002
-0.1257656962
0.0663371980
-0.0477703996
0.1649850011
-0.0982555971
0.0192431994
-0.0785506964
-0.0106159998
-0.0885804966
0.0334362015
-0.0394081995
0.2263229936
0.0085070999
0.0636181980
0.0251071993
-0.0079907002
0.0343425982
0.2039455026
-0.0796009004
0.0923570991
0.1918822974
0.0805059001
-0.0267389007
0.0303616002
-0.0057758000
0.0081121996
-0.1912807971
0.0813240036
0.0060577998
-0.0107538998
0.0023834000
0.0528359003
0.1073364988
