-0.0032490909
0.0034184619
-0.0041206307
0.0001665934
0.0037180507
-0.0518066809
0.0084077558
-0.0667363405
-0.0850533769
-0.0161856767
0.0011748136
0.0130625004
0.2045265436
-0.0611078143
-0.0327570587
-0.0008895493
-0.0002017844
0.0087209921
0.0048993188
-0.0124124326
-0.0245450698
0.0179392081
-0.0124430349
-0.0427652337
0.0901667178
0.0130458539
-0.0242331196
0.1055678874
0.0474801250
0.0172045249
-0.0057574413
-0.0231526829
0.0355357155
-0.0378715284
-0.0072785416
0.0020107706
-0.0568757951
-0.0197475497
0.0201558899
0.0357465036
-0.0415331759
-0.0076818750
-0.0038401573
-0.0200690124
-0.0564544015
-0.0545231216
-0.1154392734
0.0146133304
0.1528602839
-0.0215319153
-0.0062446343
-0.0290535148
-0.0216441508
-0.0274861325
0.0330874808
-0.0000204581
