-0.0025751330
0.0022398403
-0.0050022216
-0.0003549578
0.0040661702
-0.0520551987
0.0084854728
-0.0685331747
-0.0863195881
-0.0164191257
0.0014834919
0.0131784519
0.2046093196
-0.0615925416
-0.0325750709
-0.0007885169
-0.0004940651
0.0083554992
0.0045640203
-0.0113585470
-0.0243736990
0.0171719063
-0.0107443715
-0.0438348390
0.0902170092
0.0124918595
-0.0241280496
0.1055598408
0.0474979170
0.0171525683
-0.0055301017
-0.0232071653
0.0355477966
-0.0394033343
-0.0071705002
0.0006681024
-0.0579923466
-0.0163419209
0.0202430394
0.0359249525
-0.0416665114
-0.0077486951
-0.0043656016
-0.0202116556
-0.0562534444
-0.0556975603
-0.1089142859
0.0146626337
0.1526470333
-0.0226459093
-0.0063579679
-0.0292267576
-0.0213874113
-0.0272853896
0.0328884758
-0.0012167809
