0.0737401173
-0.0469290502
-0.0557969697
0.0231765956
-0.0230492800
0.0885053873
-0.0082208412
-0.0351106822
-0.0352733359
-0.0291104224
0.0505928881
-0.0663883016
0.0149581898
0.1935551167
0.0097744931
0.0545213334
0.0004385986
0.0287144464
-0.0051946137
0.5458843112
0.0081945220
0.0352346562
-0.0136458976
-0.1240696907
0.0664609298
-0.0468375646
0.1647295356
-0.0984718576
0.0204654522
-0.0788848922
-0.0106260506
-0.0890223309
0.0330722295
-0.0415854938
0.2256246805
0.0097123887
0.0648481026
0.0243527107
-0.0081479615
0.0347936936
0.2038817257
-0.0795798451
0.0921607837
0.1918070614
0.0803310275
-0.0271338969
0.0298429355
-0.0068016830
0.0091391699
-0.1916248351
0.0813769624
0.0060738842
-0.0109164184
0.0003035533
0.0521272160
0.1071982756
