# conv1.weight shape=[8, 1, 3, 3]
-0.2379878014
-0.2672753632
0.3546630442
0.1221853793
-0.1930142939
0.4676758349
0.2255428582
0.4145334661
-0.1929211468
-0.1048644409
-0.0276572984
-0.1522742808
0.2466130257
-0.1018092334
0.3070381582
-0.1889232695
0.0379650816
-0.3180827498
0.2891822457
0.0862065479
0.2093131393
0.1114204377
-0.3052212298
-0.1162839532
0.0711554214
-0.1567821503
-0.1668345034
0.2954761684
-0.1249748468
0.2628029287
0.3255127966
-0.2239285111
-0.2835733593
-0.0582976043
0.2867927253
-0.0998273492
-0.1613102704
0.1230976731
-0.1120674759
-0.0573440269
0.5663293004
-0.0377994031
-0.2408974618
0.0229786988
-0.3130623996
0.0326520130
-0.2595404983
0.1736032665
0.5849624872
-0.1436146796
0.0839944482
0.1734687239
-0.2547235787
0.3489299417
0.2533414960
0.1891038716
-0.2803451717
-0.1185771450
0.2641882896
0.1148325577
-0.0310065374
0.1487725675
0.2226430327
-0.0739143714
0.1993582249
-0.2170930654
0.0274793077
0.3892409503
0.1500312388
0.0608290024
0.1214565560
-0.0139844660

# conv1.bias shape=[8]
-0.0529769324
0.3387906849
0.3907810152
-0.0118931513
-0.0444370024
-0.0955016389
-0.0872396976
0.3094567060

# conv2.weight shape=[1, 8, 3, 3]
-0.1085769832
0.1504800916
0.0218828786
0.2530424297
0.1299301237
-0.0385400876
0.0043718847
-0.0360185318
-0.0576097779
-0.1205236465
-0.0457134955
-0.0283772424
0.0647842437
0.0650210530
0.0652695298
-0.0706093237
-0.1150732636
0.0069345445
-0.0979327187
0.0012786172
0.0077861510
0.0282112136
-0.1476141810
-0.0495454147
-0.0084919501
0.0161469001
-0.0100823725
-0.0597549044
0.0896517262
-0.0553701632
-0.0937329009
0.0451632813
0.1299387515
0.1072287261
0.0630422309
0.1044271737
-0.0934680626
-0.1276816279
0.0623563379
0.1427035779
0.5665201545
-0.0347418562
-0.0334065408
0.0737800822
-0.0401405692
0.1974383742
-0.1520520300
0.0196795054
-0.0537359491
-0.0165325198
0.1334415972
-0.1103009060
-0.2270969599
-0.0634599254
0.0391465984
0.0969342068
0.0344586372
0.1933823079
0.2463749349
0.1194643527
-0.0981175303
0.0779373050
0.1021815762
-0.0193315558
0.0988468453
0.0181903001
0.1098745242
0.1213898286
-0.0348127224
0.0316626057
-0.0144120492
-0.0202769153

# conv2.bias shape=[1]
0.1376941502

