-0.1495809257
-0.3296750784
-0.0794711336
-0.1914905608
-0.5712274909
-0.2287904024
-0.1739077866
-0.2128959000
-0.1441967487
-0.1424230933
0.2036140114
0.0458263792
-0.2669339776
-0.0414763987
0.1748312712
-0.0885805711
0.0373321287
0.2153076082
-0.1495367140
0.0121424543
0.0337606184
-0.3968842030
-0.2824843228
-0.0212479848
-0.1289245486
0.2795444727
0.2570545971
-0.0912985727
-0.0545265898
0.0085311392
-0.1718866080
-0.1216650009
-0.1576599032
-0.1236006394
0.0834230557
-0.0058807861
-0.2325793356
-0.0715394840
0.0461267009
-0.1353154778
0.7082586884
0.1087752283
-0.1208737195
0.1524532437
0.0514351055
-0.1199659780
0.4414173067
-0.0688696876
0.2116901428
-0.5705868006
-0.0005860756
-0.1530726552
0.4257353842
0.0618214495
0.4205724299
0.0434756763
0.2861314118
-0.3782748580
-0.2223484814
0.0790565759
-0.1792422235
-0.2884345055
-0.0816118792
-0.1901730895
-0.0325408541
0.0220499579
0.4550454617
-0.0333582796
0.1792344302
0.0160044897
-0.1779949516
-0.0589897037
-0.0180970225
0.0655286834
-0.0247850399
-0.0097251413
0.1018368751
-0.0362391248
0.0220688302
0.0719552338
-0.0653542504
-0.0481883772
-0.0982113481
-0.0133101754
-0.0762419403
0.5724748969
-0.1342613697
0.0445526503
-0.1972597092
0.1142633185
0.3525764346
-0.1836564988
-0.0714672804
0.1445647776
0.3245285451
-0.2735925913
-0.0192760378
-0.1751035005
-0.0884083658
0.1496878713
0.0395231247
0.1711742431
0.0720399097
0.3282977641
0.0117592281
0.0965872332
-0.1774560064
-0.1156882197
-0.0248112418
0.1436565965
-0.0918145031
-0.1514379084
0.2519530356
-0.0322609097
0.1199165210
0.0006990526
-0.0768016055
-0.0574738272
-0.4155387580
-0.0915065706
0.3601435125
0.2409457564
0.1739348918
-0.0824012831
0.1596302241
0.1118765026
-0.0738770813
-0.1195930243
0.0588098057
-0.1909410954
-0.3470497429
-0.0952960253
-0.0634331778
0.0141249681
0.0693189353
0.0586181320
-0.1349213123
-0.0560260490
-0.1049201265
0.0757336840
-0.0004756314
0.0558034591
0.0217355452
0.0599078946
0.0982358009
-0.3738351464
0.1620866209
-0.0444223918
0.2200983465
-0.1475611180
-0.0804578289
-0.0982590914
-0.2577594817
0.2782995403
0.2329762876
0.2137407660
-0.2825625241
-0.1346866041
0.0069355494
-0.0586470366
0.3076848090
-0.0067806481
0.1253798306
0.2276046276
0.1101213247
-0.2410125583
0.1868832260
-0.0714032948
-0.0305197258
-0.1354255378
-0.0281981360
0.0612938590
-0.4783117175
0.1306519955
0.1844820380
0.0349138007
-0.1020959839
-0.0955803022
0.1212294623
-0.1498229206
0.4187374115
0.1127844080
0.0052838870
-0.1508369893
1.2179403305
0.1243161708
0.1239820868
0.2703570426
-0.0159580261
-0.1495923251
0.2829858363
-0.0775619596
-0.2507746816
0.4605297446
0.0508702509
-0.2293982357
0.2442774624
0.1544738561
0.0472033359
0.1454721242
-0.0196207706
0.2469060123
-0.2198323458
0.0713111237
0.0357581824
0.1114384383
0.0199305285
0.0541280769
-0.2161826640
-0.0638481826
0.1035410538
0.0251404177
0.2077031285
-0.0014648911
-0.0248973090
0.0606312715
-0.1143500134
-0.1873409748
-0.1269237250
-0.1173647344
-0.4037500024
-0.1746209413
-0.1521213353
-0.0809579194
-0.0994179696
0.0811776221
0.1604732275
0.0405277275
0.1540317684
0.3278790116
0.1547757238
0.0040410347
-0.1827267259
0.1960387528
-0.0638547018
-0.0933837667
0.0159764756
-0.5115919113
-0.3067626357
0.0368217640
-0.1117085218
-0.0076888683
0.1571354121
0.0102649722
-0.1998955011
0.1620457470
-0.2481564134
-0.2622253597
-0.2249206305
-0.0481584109
-0.1466910988
-0.1071466729
-0.0821321085
-0.1475793868
-0.1169373915
0.2139951289
0.3396276832
0.1564083099
0.0757766813
0.2479898334
0.1395987272
-0.0473393649
0.1535952240
0.1333412975
0.0138989799
0.0047897603
0.0168167707
0.0040969215
0.1270963401
0.0070300773
0.1141986027
-0.0001498468
-0.0247628242
0.0103030987
0.0546813719
0.0828209966
0.0191373825
-0.2036304027
0.0165092032
-0.0428026728
-0.1282240003
0.0204024911
0.2156974226
-0.4957979023
-0.0060800621
0.0239475779
-0.1661716998
-0.1184540391
0.0348230042
0.1087234840
0.0190098528
0.1676333398
0.0856787413
0.0991574451
0.0922025815
0.0925703123
0.0204505380
-0.0507387705
0.0854928419
0.0839532018
-0.1414651573
0.7191414237
0.0101253008
-0.0093677128
-0.1103693470
0.0393660031
-0.0191874392
-0.0343805961
-0.1247653961
0.0509560145
0.6440736651
-0.1037886739
-0.0415178686
-0.2301299274
-0.0268713031
0.1571308970
0.1331936419
0.0888342187
0.1386231929
-0.3638551235
-0.1323343068
0.0784027204
-0.0964310542
-0.2003572136
-0.0646605268
-0.1795796752
-0.0771511048
-0.0176944416
-0.1741821915
-0.1361559033
-0.0272271726
-0.1266566217
-0.1028957069
-0.0327427760
0.1851203144
0.0280625578
0.1091408655
-0.0127906753
0.3646933138
0.0906080976
0.0009675218
-0.0256548543
-0.0380879790
-0.0308987405
0.0346821100
-0.1558171362
-0.4573554099
-0.0454664268
-0.0395284928
-0.0466467589
-0.0161827579
0.1094149277
-0.0034301444
0.0013027061
-0.0604878068
-0.4651713371
-0.2265607268
0.0367020406
0.0121179158
-0.0494757593
-0.1446481198
-0.0391156226
0.0202756505
-0.0495440215
0.4121977389
0.0666358992
-0.0107482104
-0.2071914673
0.0888697281
-0.0951291472
0.2338747680
0.0804036930
0.3005938232
-0.2924457788
-0.1917370260
-0.1427442431
0.0338358693
0.2625624239
-0.0594282486
0.1168741062
-0.0681087747
0.0629250705
-0.2251538038
-0.1453972012
-0.0153047852
-0.3793128431
-0.0407052748
-0.0642980263
-0.1371451318
0.0027812626
0.0240348354
0.4605239332
0.0230014753
-0.1917132437
-0.0865080953
-0.0310544968
-0.0025585550
0.0545388386
0.0185339618
0.1130635887
-0.0096278023
0.0187417902
0.1336618811
0.1302747279
0.1116350666
0.0531471632
0.0227206051
-0.0230529476
-0.0487706959
0.0918905511
-0.1512676477
0.0607273355
-0.0274606366
-0.0449954122
-0.0049949549
-0.0035567658
-0.1385947466
0.1194513291
1.0594604015
-0.0386508815
0.0425989926
0.0839174390
0.0181214605
0.0968609378
0.2976524532
0.0163314454
0.0538949743
-0.5400562286
-0.1071516871
-0.0137761394
-0.2174803466
-0.1189800650
0.0186922941
-0.0238731988
-0.0559343547
0.0887718573
0.1026252955
0.0243790932
0.0547276512
0.0736900866
-0.0106059154
0.0678331330
0.0601418167
0.2484867573
0.2301441431
-0.1439709365
0.2727918923
0.1660988629
0.2964302003
0.0639314726
0.0911136493
-0.0670637041
0.0138874864
0.2134029865
0.5693917274
0.0373645760
0.1433583498
0.0487927683
-0.0208351333
-0.0449076258
-0.0183664486
-0.1288621873
0.0295473263
0.1276420653
-0.0103058293
-0.0185757205
0.1126243919
0.0217474103
0.0476035699
0.0855230317
0.0036861778
0.0433779508
-0.1413441598
-0.0668904781
-0.0197964907
-0.1849093288
-0.1084952727
0.1118784994
-0.5261557102
0.0394553542
-0.3489284515
0.6098368764
-0.1972235590
0.0690466985
0.0477491207
-0.0944099501
0.0240508765
-0.1251058280
-0.1145080775
-0.0521112792
0.3290403783
0.2348605245
0.1984783858
0.1238301098
0.0038135282
-0.0610856898
0.1500862241
-0.1574027836
-0.0676856861
0.1796756834
0.1600644141
0.0110926954
-0.0138635375
0.0364728048
-0.0628724620
-0.1034959629
-0.0948968306
-0.2261235863
0.2512429953
-0.1402186453
-0.0767124742
-0.1602618396
-0.1004630700
0.0414844863
-0.0868895501
-0.1361919343
0.1777537912
-0.0126205822
0.0408673100
0.0682645813
0.0323120281
-0.0514157079
0.0121616349
0.1045181900
0.0654850230
-0.2992661893
0.1232167855
0.0310320966
-0.0164153706
0.2203110904
0.0099170841
-0.1577999443
0.0582776405
0.0025074198
0.0344770104
-0.3009664714
0.0843968913
0.0839165673
-0.0618901066
-0.0061322530
0.0343021676
0.3266522586
0.1861725003
-0.0353099220
0.3446282446
0.0172821339
-0.0234647710
0.0317329690
0.0998315737
-0.0973065943
-0.2304114550
-0.0254444480
-0.1091775522
0.0476092435
-0.0676514581
-0.1224796399
-0.2478574961
-0.2414377630
0.0693518445
0.1908396035
0.0102247661
0.2325533628
-0.0268963128
0.0284100045
0.0162026305
0.0818755627
-0.0265977960
0.0617739893
0.1847480685
0.1529027522
0.1710695475
0.2667222321
0.1207661331
0.0333606675
0.1853474528
0.0875825435
0.0647565499
-0.1188720092
-0.0315308981
-0.0425235331
-0.1655959636
-0.0694205314
-0.1014124528
-0.2575598359
-0.1922217458
0.0264251307
0.1235501319
0.0367692783
-0.0171182994
0.0525442883
0.1136197597
0.1365529001
0.3095433116
-0.0411981344
-0.2918171883
0.0470713377
0.0047728135
0.0531685688
0.5724274516
-0.0826181844
-0.0134933721
0.0283757150
0.0070633157
0.1640341580
-0.0518568121
0.0923225880
-0.0695331097
0.2551556826
-0.0640234053
0.0825706944
0.1791696697
0.0136508048
0.0726491958
-0.0654473603
0.0009537322
-0.1575389504
-0.1362526864
0.0056759198
-0.2433285862
0.1437130570
0.0597614273
0.0286645088
0.1412392110
0.1253604144
0.0890076384
-0.3503873646
0.0351386592
-0.0021637653
0.1122739986
-0.0008629211
-0.1909428686
-0.1911897957
-0.0037095931
-0.0321016945
-0.9418525100
0.0314588137
-0.0469954945
0.0899447426
0.0280872211
-0.0904353783
0.0001420199
0.0399247780
-0.0546555705
0.2562499940
0.0412349440
0.0501537286
0.2200898975
0.0841244310
-0.0922778621
-0.1751266718
-0.0187105592
-0.0748875737
-0.2927348316
-0.0673021227
-0.0828261301
-0.1008783802
-0.0150631079
-0.1230447590
-0.3223933280
0.1213929579
-0.0750930309
0.0073488262
0.2677458525
0.0542475171
0.0467851236
0.2024298012
-0.0964944735
0.0077426205
-0.0425219461
-0.2405968308
0.4944357574
0.0597325414
-0.0791575834
-0.0076162368
0.0029913727
-0.0705609918
-0.0790500566
-0.0516906716
-0.1141199321
-0.0854220018
0.2233681828
-0.0741671473
-0.2250374407
-0.0353793986
-0.0968137160
0.0589235201
-0.0872805938
0.2186394632
-0.6416963935
0.0672855079
0.1190467551
0.2659444511
0.1493561119
0.0140665546
-0.3732107580
0.2034238577
-0.2243337929
0.3976943791
0.0890356153
0.0485898815
-0.1022518799
-0.1786089838
-0.0887582898
-0.0314561613
-0.1476369947
-0.0261331275
-0.3963072598
-0.3666443527
-0.0578118116
-0.0221528262
0.0097832186
-0.0724425837
-0.0260691494
-0.0769172683
-0.1395858973
-0.1042585000
-0.0850571394
0.1144716069
0.0035441103
-0.1059016511
-0.0230340566
0.0212163124
-0.0178303793
0.1578077227
-0.3768230379
0.1089317873
0.0264873467
0.0412007794
-0.0251338650
-0.1332854182
0.0257735178
-0.0588641018
-0.0341579579
0.1384024769
0.2224835157
-0.0340650566
0.1944183856
0.0255018380
0.0270980559
0.2603690028
0.0475840978
0.1094569266
0.7966402173
0.0465213656
-0.0418527238
-0.3326810300
-0.0494910479
0.1127381623
-0.2387284040
-0.1121268943
-0.1145221367
-0.5410363674
-0.0735199973
0.0231385101
0.0291768741
-0.1507139057
-0.0005468357
0.1385697275
0.1093258262
-0.0608455651
0.1146930307
0.2245506197
-0.0636562705
-0.0542973652
0.0607165731
-0.1019171476
0.3133761585
-0.1406001449
-0.2328342944
0.0645381585
0.0502899066
-0.0032694074
0.1876602620
-0.0949342921
0.0515989847
-0.0629837811
0.0782999247
0.1929086894
0.1112564206
-0.0015983218
-0.0123190908
-0.0964151099
-0.1523054987
0.0077461139
0.0066259261
0.0278754309
-0.0653441548
0.0859510899
0.1101768836
0.0801656693
-0.0407792218
-0.0100753810
0.0268839076
0.1875856072
-0.1003770977
-0.0718951672
-0.4874761701
-0.0999605805
-0.0972313955
-0.1076490134
-0.0976753905
0.0473400541
-0.0335208401
-0.1177560687
0.0158277135
0.0599118955
0.1296237558
-0.1369171739
0.2532052398
-0.0748431012
0.0314838029
-0.0904269442
-0.0768498555
-0.0024926579
0.3508154750
-0.0304950066
-0.0271071047
0.0719933063
0.0851175264
0.1623761356
0.1018074155
0.1331231594
0.0147420233
0.0506013557
-0.0645090267
0.0819815919
0.1524008662
0.1469839364
0.0349171497
-0.0235929899
-0.0849204436
-0.3096497357
0.1946241111
-0.0428165011
0.0217311867
0.1097899452
0.1337586641
-0.0458840765
0.0321166031
0.0039910092
-0.0464779995
-0.1834495217
-0.0232226830
0.0660663024
0.0895872340
0.0680688173
0.0343416035
0.0232371520
-0.1300723106
0.0641575977
-0.7361890674
0.0477344282
0.0263108648
0.0285195075
0.0160181392
-0.0534668341
-0.2311996967
0.2571549118
-0.0934906006
0.2302455753
0.1401630342
0.0301662758
-0.0182643067
0.1391927451
-0.0918801427
-0.0940899402
-0.0582129732
0.0098116221
0.1093204170
0.1463491470
0.0568317957
-0.1274526715
-0.0748865902
0.1384109259
0.0830191597
0.3163181245
-0.1097314134
-0.1021585986
-0.0936021358
-0.0413645431
-0.1467383951
0.1565145552
-0.0573878549
0.0785961002
-0.0361747667
-0.1286298037
-0.3934642971
-0.1310010403
-0.1517972797
-0.1745681465
-0.2133170217
0.0248654690
-0.0389870629
0.1222970933
0.0315921381
-0.0872005001
-0.0048506767
0.0238401387
-0.0964254662
-0.1071705520
-0.0132649969
-0.2511615753
0.0056978050
0.1365253031
0.6540833712
-0.1397601962
-0.0312126894
0.2279090285
-0.1844812632
0.3033369184
0.2417344749
-0.3081908822
-0.3170344532
-0.5054347515
-0.0669342205
0.0470460504
0.0039443402
-0.1179679632
0.0319741108
0.0400708504
0.3006020784
-0.0805422589
0.1849175692
-0.3384323120
-0.0187706333
0.1238300651
-0.0847945362
-0.1828174293
-0.3961109519
0.0134458207
-0.0627903938
0.0702273548
-0.0803034455
-0.0532691367
-0.0032783248
0.1269056350
0.1494706273
0.0109732952
0.0719967410
-0.0286589153
-0.6607916355
-0.1527956128
-0.0468572937
-0.4019331038
-0.3533174992
-0.1823982894
0.2710123956
-0.0002347374
0.2081907988
0.0132147493
-0.1033561975
-0.1341736764
-0.1882286072
-0.2466176003
0.0237750784
-0.1119172722
0.1290675104
-0.0988943502
0.1956092566
-0.0104420604
0.1161716282
-0.1298372000
0.1034511328
0.0046248734
0.0835022181
-0.0060638539
0.0080446405
-0.4051126540
-0.0829358771
-0.0614567399
-0.2394982576
0.0392809734
-0.0446674936
-0.0403052345
-0.0043194843
-0.0403728932
-0.0840555355
-0.0336167179
-0.0351172164
-0.0643824935
-0.0236015171
-0.0202688985
0.0295745935
0.0298361909
-0.0264293998
-0.0038870515
-0.0458485596
-0.0136562055
-0.0960077047
0.0861954167
-0.0039610150
0.0627301484
-0.0021136114
-0.1059677973
0.3297682405
-0.0085790930
0.0010046829
-0.0433278270
-0.0471964329
0.0233864710
-0.0263689496
0.0372888856
-0.0126378331
-0.0199628063
0.0045317076
0.0154410154
-0.0975404605
-0.0088415919
-0.0345099680
-0.0155885741
0.0139207998
0.0044591548
0.1933306605
-0.0097421212
-0.0010487832
0.1085140482
-0.0091225626
-0.0239712335
0.0488288291
-0.0014371841
-0.0295766760
0.0599193834
-0.0490284860
0.0346367471
-0.0595578551
-0.0172532052
0.0254512392
0.0008469368
0.0292881187
-0.0091794822
-0.0021244318
-0.0124983406
-0.0126832211
0.0103902183
-0.0134899663
-0.0015750305
-0.0778745413
0.0206388757
0.0512445010
0.0061760508
0.0339269191
-0.0078841150
0.0432983711
0.0078049987
-0.0369533375
0.0660227761
-0.0121109029
-0.0084216464
0.0191785097
0.0086978925
0.0172908716
-0.0529798716
-0.0276366640
0.0076156799
-0.0188526772
0.0355430432
-0.0229684934
0.2693211436
-0.0655416325
0.0060282075
-0.1047642902
-0.0249251109
0.0257614311
-0.0386620313
-0.0284751933
-0.0178733747
1.0627923012
-0.0038541462
0.0308254361
-0.0347823240
-0.0530149229
-0.0053057871
0.0412726961
-0.0020305559
-0.0404262766
0.0144413877
-0.0154639687
-0.0008478271
0.0225934945
-0.0070585902
0.0041986369
-0.0265821777
-0.0046451301
0.0805357993
0.1607441753
0.1668521315
-0.0559704602
-0.1849494874
-0.0363600515
-0.0256668869
-0.1368235648
-0.0118041392
0.0212951321
-0.0651436895
0.1358003318
-0.0673341975
-0.1390954107
0.1513248682
-0.0020442610
-0.0133899208
0.0303401742
-0.0175029710
-0.2552570403
-0.1566722393
-0.4332872629
-0.3262806237
-0.0606085025
-0.0509546548
-0.0660032257
0.0339250080
-0.1884817481
-0.0271605793
0.0246746093
-0.1363942474
-0.0345350690
-0.0764403194
0.1118217483
-0.1026130021
0.0157232806
0.0098598152
0.5350987315
0.0026944452
0.1647932529
-0.0483371876
-0.0586456172
-0.0334321298
-0.0308639724
0.1987185925
-0.0234154928
0.0275578946
0.0258985776
-0.1049448773
0.3567005396
-0.0336388350
0.0676971823
0.1321053952
-0.0660307929
-0.0164402276
0.1388764083
-0.2701724470
-0.1472083330
0.3203617930
0.0094144633
-0.0362528153
-0.1266242713
0.0293126870
-0.1022942439
0.5209928751
-0.1085520089
0.0311029777
0.3131166101
-0.0339320414
-0.1135475188
-0.2433010489
0.0003222041
-0.2844736874
-0.1241133213
0.0217335448
0.0317038633
-0.2594436407
-0.1068926007
-0.0956950262
0.1170753166
-0.0277868975
-0.0335494988
0.1497913748
0.2043657154
-0.0301714186
0.3606478274
-0.0284472760
-0.0007032354
-0.0776821673
-0.1026044860
0.2326496989
0.0259520896
-0.0776162371
-0.2733424604
-0.1160669774
-0.0653466284
-0.0252817795
0.1695077121
-0.0776378140
-0.0769187510
-0.3352039158
0.0900736004
0.2557429969
0.1112743169
-0.0028866346
-0.1999721974
-0.1633876711
0.0845997706
-0.2579613328
-0.4189042151
-0.2940855622
-0.1748288423
-0.3508865833
-0.1745689958
-0.2099143714
0.0893821269
0.1364416778
-0.4246238172
0.2359529436
0.2277937084
-0.1443248093
-0.0409528948
0.0482052602
0.0545713454
0.2415991873
0.0347228572
-0.0606616065
0.2221387774
-0.0523801818
-0.0352368578
-0.3821774721
-0.1235937327
0.1394747496
-0.1619365811
0.1261089742
0.1642672867
-0.1643717140
0.0287183821
0.0630999207
-0.2914668024
-0.1241755411
-0.2221717685
-0.2013436705
0.0067536659
-0.2983556092
-0.4077809751
-0.0082599884
-0.0411094278
0.1292798072
-0.0674406588
-0.0516966283
0.1225165352
0.1371614635
-0.1621269137
0.3233925700
-0.2416308224
0.2003507018
-0.2265749425
-0.0653071105
0.0628393441
0.0598321334
0.0970456526
-0.0384955406
-0.2309370637
0.0188805349
0.0738230720
0.0953227803
-0.0893962979
0.0250454918
-0.0453622825
-0.0737489462
0.1865242869
-0.1473851353
0.0802876949
-0.1030890718
0.1575147063
-0.0104940115
-0.1233485416
0.2112899125
0.0865353346
-0.0297154915
0.2531732619
0.0672236532
0.0476478860
-0.1399993449
-0.0736319572
0.1094388142
-0.0936448649
0.0966607779
-0.0845558494
-0.1122124568
-0.0054364512
0.0493726544
-0.4321850538
-0.2599707842
0.1434534788
-0.2125246227
0.1816926003
0.1960595548
-0.3306791782
-0.0693279356
-0.0367772989
-0.2141330242
0.1195016578
-0.1081287861
-0.0581975169
-0.0219471436
-0.1657532156
-0.1041248739
-0.0557575487
0.0984407514
0.0126981623
-0.0269501377
