-0.0019715864
-0.0979799405
-0.0544982068
-0.1592819691
0.5661116242
-0.7316828966
-0.0157695413
-0.9960577488
0.3202414811
-0.2011095136
-0.5614813566
-0.2557474375
-0.2382405251
0.1265809238
0.4753219783
-0.0134880329
0.0955530182
0.2769690156
-0.2066918910
0.6520228386
0.0059689330
0.2487892658
-0.1777191758
0.4712241590
-0.3855400681
-0.2728527188
-0.6723430753
0.1296991557
-0.0497043431
0.0141175063
0.1147644892
0.6953058243
-0.2364364564
0.3570060730
-0.4370974898
0.8589423299
0.0031800969
-0.0611648187
-0.3435990512
-0.1624586731
-0.0996017233
-0.0033395945
-0.4661409557
0.6464943290
-0.5937615037
-0.4294666648
0.1791554987
-0.1779562086
-0.6342810392
0.0352108292
-0.2978268266
0.3555658758
-0.4392875731
0.0005512150
-0.2763279974
-0.1816965342
-0.3322651088
-0.0575136840
0.0846585557
-0.0890661851
0.1679394394
-0.2797907889
0.3139956594
-0.1185836717
-0.1430690438
0.3767013550
0.2194226384
0.6853514314
0.0052341879
-0.2281827778
-0.0900137424
0.2226535231
0.3576971591
0.3449930549
-0.0040958086
-0.0054188841
0.0896272138
0.2027599961
0.0175573565
-0.0845905393
-0.0890132785
0.0729683638
0.5094701648
-0.0119370632
0.2265629470
-0.1494707465
0.2329511046
0.2724696398
-0.2388238907
0.4618268907
-0.1150053069
0.1390340626
-0.0847212151
-0.2204147428
-0.2438231707
-0.5074973702
-0.0521924011
-0.3768264651
-0.1162414774
-0.1477828920
0.5094351172
0.0257594548
0.1990374923
0.2691676319
-0.0581085607
0.4601953328
-0.3715858161
-0.0108660283
0.4246491492
0.0819212198
0.0595660657
0.0792603791
0.3064962924
0.2439071089
-0.5335754156
-0.4930594265
-0.2857842743
0.1355320662
-0.2785420716
0.2111383229
0.3525608480
0.3227572143
-0.0570168011
-0.1276412904
-0.2330298424
-0.5985580683
-0.1320681125
-0.3200434744
0.3038921952
-0.2382656634
-0.1131103560
-0.5486587286
-0.0041037151
-0.0128150014
0.1215663627
0.2525046468
0.3049669862
0.1165561751
0.4190452695
-0.0422065333
0.0150781330
-0.1976782084
-0.0264601372
0.0473997965
-0.5507346988
0.2661870122
0.2475496233
-0.1265099347
-0.0310720298
-0.0337271430
0.3191500008
-0.4884009659
0.9902573228
-0.1009105891
0.2659413815
0.1144143566
0.1337697208
0.4259500504
0.6618121862
-0.3278268278
0.0460931174
-0.7378876805
0.0222502202
-0.6167944074
-0.2078054547
-0.0365651362
0.4604819119
0.5597175956
-0.0620775782
0.0833080262
-0.1194184944
-0.0010272593
-0.0448122434
0.1310181320
-0.2308122516
-0.0169580467
0.1120818779
-0.2799966633
0.0275734384
-0.5123304725
-0.0617797747
0.1110793129
0.1302943826
0.2620532811
-0.2449116111
-0.1885837018
-0.0011533992
0.0145969894
-0.0708234608
-0.1015461311
-0.0297212973
0.1449951380
0.0518783666
-0.0678029135
0.1130695120
0.0261170361
-0.2549520731
0.0480869450
0.2144250274
-0.0794054791
0.0410431474
-0.2382366508
0.0742404312
0.0707559139
0.0398628525
0.1226568520
0.0506839342
0.3509630263
-0.1517412812
0.4516960680
0.0309938304
0.0374565646
0.6976150870
-0.0182204340
-0.0132296197
-0.1765056252
-0.0585926473
-0.2945662141
-0.2640199363
-0.0196518470
0.0411406979
-0.0488367975
0.0020664157
0.3965331018
0.0441623405
0.3702529967
-0.0259167776
-0.0809777007
0.1017585546
0.9936911464
0.1425255537
0.5640706420
-0.0019661291
-0.6801406145
-0.1333285868
-0.4033689499
-0.2653129697
0.0372818410
-0.1122019365
-0.1700059623
-0.0656623095
0.3301059902
0.1171648651
-0.3441871703
-0.5737050176
-0.6535915136
-0.2680507302
-0.1426200420
0.1380661577
0.7731941342
0.4124590158
-0.1676794291
-0.4985582829
-0.4096275866
-0.1714408845
0.0607131198
-0.3679408431
0.0834359974
-0.1423581690
0.6767008901
-0.6472294331
0.1265324801
-0.3543696105
0.5298678279
-0.2654556036
-0.1261751950
-0.1392476410
0.1945121586
-0.7654193044
0.2980630696
-0.1017944291
-0.5702587366
-0.3319504857
-0.5527380109
-0.2210785598
0.1384237707
-0.7292132378
-0.5377171040
0.5627894998
0.5738879442
-0.6078409553
0.0680828691
-0.2900268435
0.9385549426
0.1159568205
-0.0800528154
-0.0189651828
0.2888282239
0.5190835595
0.1356529444
-0.1767462045
0.2103608251
-0.1971910447
0.1709707379
0.5703462958
0.1519716829
0.4723829031
-0.2005003840
0.4710044563
-0.3911868334
-0.4508371353
-0.1991162300
-0.0304514263
0.1048461646
-0.2143955231
0.2597313225
0.8179422617
0.5246978998
-0.3781919479
0.5353682637
-0.8798037767
0.1725643575
0.0348504148
0.1770482212
0.3112692237
0.5852223039
0.2317581028
0.1281750202
0.0557541996
-0.4932837784
-0.0889601782
0.2734507620
-0.2071967274
-0.2570538521
0.5344761610
-0.0357514061
-0.2733274698
-0.7947611809
-0.4278031588
-0.7052680850
-0.0660768747
0.5276426673
0.4821988642
-0.5371834636
-0.0242605004
0.3340941370
-0.3936272562
-0.0498659611
0.4810042679
0.5314483047
0.6819779873
0.4659925103
-0.0911272466
0.3542937338
0.0310196429
0.0153344553
0.5391921401
-0.4948711693
-0.2843594253
-0.5476600528
-0.1540048569
-0.0977960378
-0.3246927857
0.4034586549
-0.0902146921
-0.2063895911
-0.2795301080
0.0596404932
0.6243042946
0.0964346007
-0.1862232685
-0.4897293448
-0.4900943041
-0.2747759223
-0.4826211035
0.2637721002
0.2196484208
0.3216618001
-0.0541573241
0.1499275118
-0.5901498795
0.1037310883
-0.6284331679
-0.4053122401
-0.1107317135
0.1436129808
0.4329690635
-0.7761781812
-0.1322342604
-0.0924104899
-0.0174382366
0.8017137051
0.0590277128
-0.1866201758
0.0152677670
0.5555197001
0.4427600801
0.1746743470
0.3491066098
-0.2351504117
0.4452618062
0.0497102067
0.5190554857
-0.1458139569
0.1100952104
0.1133537665
0.1426434517
0.5884280205
-1.7364593744
-0.0025788734
-0.3839706182
0.0794829577
-0.7653988600
0.0201441459
-0.3348885775
-0.1396700591
-0.3406256139
1.1102048159
0.1656044424
-0.4552680552
0.0548631735
-0.2376236320
-0.2600309551
0.2984969318
0.5500756502
0.1647575051
0.1833862662
-0.5851227045
-0.7584446073
0.3036666811
0.1545614004
0.1495654136
0.2706168890
-0.1244181395
0.0053205299
-0.4525807500
-0.1317537576
0.1499567032
0.1743219346
0.3332774639
0.2177158296
-0.0575652346
0.7234286070
-0.3458007574
0.0033133260
0.0496154726
-0.7310733199
0.2068814635
0.0696095526
-0.1007722318
-0.0648603365
0.2485746741
0.1153225675
-0.0671817213
-0.3951899707
-0.1708805710
0.0819047242
-0.0058979159
-0.3065341115
0.4892255664
0.0244977754
-0.0894105062
0.0659463182
0.1416853070
-0.3305597603
0.0965513587
0.1431134343
-0.0411789902
-0.0261570197
0.0534750894
-0.1464468688
0.0181524251
0.4486690164
0.4263481498
0.1764351279
-0.3374188244
0.0601311885
1.3633326292
-0.2880384624
-0.0015459573
0.0245014932
0.1810075492
0.0636722744
-0.0163050834
0.0419189669
0.0741611123
0.1484263092
0.2080194205
-0.0202664752
-0.0610722937
-0.3302908540
-0.0195336007
0.1523292065
0.4104955196
0.0311661549
0.0627171695
0.3264979720
-0.0152133051
-0.0254726317
0.3239813447
-0.0959851369
-0.7768162489
0.0688180849
-0.0674188435
0.2513211668
-0.3830389380
-0.2845596373
-0.3107844889
-0.2645959854
0.0175827295
0.0715181157
-0.2450122386
0.0339823477
0.1195042357
-1.1203676462
-0.2255868018
-0.5673596859
0.8525823355
-0.2385120839
0.1141507402
0.4838142395
-0.1753908843
0.0113890572
-0.2868811190
-0.2638018429
0.0447576158
-0.1958991885
-0.3569633365
-0.2831920981
0.8670889139
-0.7174900174
-0.1582826078
-0.5084123611
-0.2791239917
0.1403114647
-0.5582426786
0.0799772814
-0.0250078216
-0.0213167612
0.0741348490
0.4890210330
0.2820832133
0.0560175553
0.1480342150
-0.3975467682
0.4764789641
0.0274308119
0.4428077340
0.1544901133
-0.0848779902
-0.3267712891
0.1530540735
-0.2587227821
0.1986319125
-0.2034173757
0.0641889349
0.4663011432
-0.2074654996
0.1028662547
0.0669691786
0.0824086219
-0.0191261675
-0.0229390915
0.2140768319
-0.3149935305
-0.1924552321
0.4781115949
-0.5489725471
0.1789602786
0.2281525433
0.1082451865
0.1186265126
0.0245810412
1.2730998993
0.1883022040
0.0275446735
0.0464561991
0.1902093887
-0.6232265830
0.0694849193
-0.6974419951
0.3361910880
-0.5707287788
-0.1661242098
-0.0457819998
0.0754523501
-0.1778229475
0.4953563809
0.5812954903
0.0017201080
0.0345651284
0.0822484791
0.5456519127
-0.8433220983
0.2580349743
-0.3708448112
-0.3235929608
-0.0966891572
-0.9228353500
0.1466971040
0.2123698592
0.0399601161
0.1302519739
-0.1354920864
0.3947010338
-0.0935913995
0.7970393300
-0.5399839878
0.0516875535
-0.0029324258
-0.0784019828
0.1934681684
-0.0256442633
0.2999362350
-0.3872304559
-0.2878974676
0.1811683178
0.1433107406
0.1012408137
0.0456985869
0.3329100609
0.1173272505
0.8296005130
-0.4858495295
-0.3878627419
-0.0949851274
-0.1465578079
0.4544643760
-0.1980976611
0.1469653100
0.3814650178
0.1453437805
-0.0891887471
0.1636154354
-0.4542030692
0.2301685214
-0.5993946791
-0.1566057205
-0.1459219009
-0.2155869454
-0.1695349514
-0.4111406803
0.0392959341
-0.1988943666
0.5656020045
-0.3468782604
0.1201984510
0.4388886690
0.0541227199
0.0100313816
0.0215962809
-0.1926567405
0.0646375865
0.3350200057
-0.2659156322
0.3820431828
-0.1504641771
0.2758335471
-0.3787020147
0.1314690411
0.3835295439
0.1740109175
0.3069005013
-0.1515990943
1.0277904272
0.0015024632
0.4174144864
-0.4743760526
0.0200650245
0.3202573955
0.5519227386
0.6522344947
0.5763788819
0.6580979228
0.0313314609
-0.0714745894
0.2211347371
-0.3180574477
-0.2795585990
0.2411942184
0.5564705729
-0.6016860008
