-0.1502293944
-0.3300091028
-0.0797609389
-0.1922040880
-0.5719643235
-0.2292123735
-0.1746752411
-0.2133601755
-0.1445451528
-0.1424106359
0.2032034397
0.0455624051
-0.2668179870
-0.0416715480
0.1747477055
-0.0881905630
0.0373308919
0.2154010236
-0.1492392719
0.0125689907
0.0342444703
-0.3964141905
-0.2818934321
-0.0206391439
-0.1289667934
0.2796049714
0.2571963370
-0.0899934620
-0.0527531020
0.0100352950
-0.1715547144
-0.1206220761
-0.1565627754
-0.1234113574
0.0841945410
-0.0050351489
-0.2322870940
-0.0711127371
0.0464680716
-0.1351005435
0.7085955143
0.1090593413
-0.1208816841
0.1525221318
0.0515156686
-0.1214144900
0.4394803047
-0.0705017149
0.2118107229
-0.5708442926
-0.0009533034
-0.1524641812
0.4257599115
0.0622172020
0.4203368723
0.0432384834
0.2858488560
-0.3786314428
-0.2228181660
0.0786679834
-0.1793652624
-0.2885373533
-0.0817740113
-0.1901435554
-0.0319427513
0.0225580838
0.4551096559
-0.0328392349
0.1798734814
0.0155595224
-0.1777942926
-0.0587961152
-0.0175160374
0.0669157356
-0.0237780940
-0.0080977464
0.1039691269
-0.0344594307
0.0220060702
0.0732272789
-0.0651036203
-0.0479873717
-0.0979140699
-0.0130372159
-0.0759096295
0.5729176998
-0.1338406354
0.0445656143
-0.1971898526
0.1143868640
0.3528657854
-0.1832765639
-0.0710910335
0.1448508650
0.3249414265
-0.2732033432
-0.0192773845
-0.1750065684
-0.0882791281
0.1500213891
0.0398627073
0.1715818644
0.0724729896
0.3287871480
0.0122784106
0.0966632217
-0.1773524582
-0.1155241728
-0.0255148783
0.1427468657
-0.0925829932
-0.1529115438
0.2502756417
-0.0338891484
0.1186911240
-0.0006206480
-0.0781060606
-0.0576235466
-0.4157300293
-0.0914500728
0.3608120978
0.2415155917
0.1747495681
-0.0822372884
0.1597044468
0.1123235673
-0.0743963942
-0.1200201884
0.0583429150
-0.1917799562
-0.3477095664
-0.0959494635
-0.0623843223
0.0152222412
0.0703580081
0.0564355180
-0.1367608458
-0.0578084923
-0.1024899483
0.0779264942
0.0016158168
0.0537118427
0.0202057716
0.0591061115
0.0975936055
-0.3744598031
0.1612962037
-0.0443753973
0.2200724036
-0.1477559060
-0.0806483030
-0.0984894857
-0.2580077052
0.2778796256
0.2321684510
0.2141355574
-0.2845230103
-0.1369597763
0.0046520121
-0.0596311353
0.3065297306
-0.0063201464
0.1258594692
0.2279900610
0.1105928645
-0.2402597815
0.1875118166
-0.0706236213
-0.0307070222
-0.1356664598
-0.0284449700
0.0612209029
-0.4784104526
0.1303454190
0.1839317679
0.0343297534
-0.1028899476
-0.0948140323
0.1221218035
-0.1492279321
0.4170695245
0.1109679416
0.0036843223
-0.1529649794
1.2160342932
0.1233744249
0.1267994344
0.2733343244
-0.0133980568
-0.1498768479
0.2827674448
-0.0780039430
-0.2515886426
0.4597695768
0.0499390326
-0.2288334072
0.2447154075
0.1547545940
0.0466966182
0.1450193226
-0.0202230513
0.2465986013
-0.2200935185
0.0708675683
0.0359067097
0.1115967333
0.0199825708
0.0534916632
-0.2167225033
-0.0644163042
0.1028911695
0.0246003848
0.2071113884
-0.0009017325
-0.0243424270
0.0611327849
-0.1130322367
-0.1879223436
-0.1269287318
-0.1189943925
-0.4052662849
-0.1770784557
-0.1526307017
-0.0825284049
-0.1012411118
0.0810365006
0.1606796235
0.0420429744
0.1533263475
0.3271409273
0.1555506289
0.0023370453
-0.1839806885
0.1955211163
-0.0646062493
-0.0918393508
0.0134859309
-0.5103182197
-0.3041548729
0.0361275710
-0.1105980650
-0.0050046714
0.1562736779
0.0118929232
-0.1977374554
0.1616523415
-0.2445058227
-0.2582069039
-0.2245935053
-0.0496534817
-0.1459337026
-0.1111221388
-0.0820990726
-0.1469128132
-0.1174208298
0.2149088234
0.3410759568
0.1569122672
0.0758062005
0.2489133924
0.1390942931
-0.0491740145
0.1513273865
0.1320975572
0.0188535601
0.0087754531
0.0221274123
0.0014183730
0.1245264858
0.0035964411
0.1151651144
-0.0015156778
-0.0226784330
0.0084974468
0.0520591661
0.0820314065
0.0187744554
-0.2055492699
0.0174156073
-0.0421141349
-0.1294882149
0.0203021504
0.2179101557
-0.4947043061
-0.0046904222
0.0260686744
-0.1652541310
-0.1167485565
0.0355179161
0.1106648743
0.0165119637
0.1690546423
0.0879755169
0.0978881344
0.0948429033
0.0946371779
0.0220170207
-0.0510221422
0.0854545683
0.0829989687
-0.1401522905
0.7204089761
0.0106955431
-0.0081468858
-0.1088294908
0.0399004892
-0.0193939433
-0.0337861776
-0.1257444322
0.0524688996
0.6458759308
-0.1030224934
-0.0408971794
-0.2288896888
-0.0270814113
0.1567858011
0.1345168054
0.0869936347
0.1401792914
-0.3615788817
-0.1326178908
0.0790830031
-0.0945408270
-0.2014544606
-0.0656071976
-0.1802172512
-0.0780817568
-0.0178200584
-0.1738015115
-0.1360601932
-0.0277177487
-0.1267147511
-0.1031741723
-0.0328203775
0.1849637777
0.0284742415
0.1086762547
-0.0132132843
0.3647535145
0.0907091349
0.0009894873
-0.0251886547
-0.0376060344
-0.0301142558
0.0347741209
-0.1548786610
-0.4562112987
-0.0449405126
-0.0402347296
-0.0470426604
-0.0171516556
0.1114277914
-0.0014375771
0.0023528296
-0.0620996356
-0.4658953846
-0.2281130999
0.0383112542
0.0138915256
-0.0496361069
-0.1439827979
-0.0384759866
0.0205955524
-0.0493396446
0.4124214649
0.0665689632
-0.0106892101
-0.2071223855
0.0885410979
-0.0981525108
0.2310547084
0.0783275813
0.3013147712
-0.2906306684
-0.1886034459
-0.1429367959
0.0332928859
0.2632960677
-0.0596711710
0.1164997816
-0.0681120232
0.0622338317
-0.2259731293
-0.1459483951
-0.0151734892
-0.3792585135
-0.0403152891
-0.0639534965
-0.1366847306
0.0023175790
0.0248964801
0.4615962803
0.0232077427
-0.1922577769
-0.0868415684
-0.0322517976
-0.0006931353
0.0565039106
0.0193234868
0.1156007349
-0.0068804403
0.0202037469
0.1309816092
0.1281140298
0.1087143198
0.0535157621
0.0231035557
-0.0229564104
-0.0480514951
0.0925428495
-0.1508789808
0.0603825264
-0.0277399644
-0.0455297343
-0.0045001381
-0.0030231921
-0.1384494454
0.1199361607
1.0599888563
-0.0384839252
0.0424858741
0.0838603228
0.0176511966
0.0973105133
0.2983133495
0.0164612569
0.0546143577
-0.5391570926
-0.1067657769
-0.0142061189
-0.2176256031
-0.1196252257
0.0181973800
-0.0242579840
-0.0565636195
0.0880590007
0.1016161293
0.0233173873
0.0546501279
0.0737971440
-0.0107525755
0.0673512742
0.0598700307
0.2486902028
0.2303583175
-0.1434331387
0.2738044262
0.1657931060
0.2963673472
0.0643579140
0.0910078734
-0.0668256134
0.0130998082
0.2130664438
0.5694750547
0.0364299454
0.1439737678
0.0497063771
-0.0208686478
-0.0458213128
-0.0191998929
-0.1310709566
0.0318576209
0.1296768636
-0.0091806753
-0.0202405527
0.1114059314
0.0196561273
0.0473825186
0.0852964893
0.0030290019
0.0434878059
-0.1412533522
-0.0672311857
-0.0199423414
-0.1850912124
-0.1089959443
0.1091021821
-0.5286021233
0.0390343219
-0.3500806391
0.6088504195
-0.1967778355
0.0678904951
0.0473808087
-0.0919032842
0.0244612023
-0.1249789596
-0.1137399226
-0.0516799018
0.3290303051
0.2356278300
0.1984939724
0.1235220134
0.0040670903
-0.0606485978
0.1500387788
-0.1581102461
-0.0675198957
0.1792343706
0.1591043323
0.0119826710
-0.0133548519
0.0363449752
-0.0628477708
-0.1045006514
-0.0966962054
-0.2257120162
0.2509829402
-0.1410210878
-0.0735416934
-0.1574446857
-0.0988424048
0.0415783413
-0.0867797658
-0.1364827901
0.1773378998
-0.0129718957
0.0400869958
0.0685787499
0.0325441137
-0.0515119955
0.0120001761
0.1043916792
0.0648324192
-0.2993251979
0.1232319996
0.0304896403
-0.0163575336
0.2204008996
0.0095326165
-0.1581084728
0.0582250170
0.0017110171
0.0342128240
-0.3008930981
0.0836951584
0.0841675848
-0.0614013001
-0.0063789771
0.0337097012
0.3260657191
0.1857881546
-0.0359098203
0.3435346484
0.0166342538
-0.0240151957
0.0311138760
0.0994997695
-0.0977195278
-0.2308505625
-0.0256314948
-0.1091051474
0.0477842018
-0.0672484413
-0.1223646328
-0.2477293760
-0.2410915494
0.0697801858
0.1911470443
0.0108277099
0.2327562571
-0.0267950092
0.0287413187
0.0166631024
0.0822286159
-0.0260571800
0.0613550730
0.1846005917
0.1527026743
0.1726517826
0.2683853507
0.1225527599
0.0324086286
0.1849341840
0.0877318084
0.0650290921
-0.1187364459
-0.0315810144
-0.0422312282
-0.1654548496
-0.0694478005
-0.1014191508
-0.2577676177
-0.1925183833
0.0237145387
0.1207658425
0.0344179161
-0.0197988898
0.0496796295
0.1108049825
0.1349674016
0.3075307608
-0.0419616997
-0.2920751572
0.0470330492
0.0045759967
0.0532875657
0.5725778937
-0.0824341103
-0.0136079304
0.0284086969
0.0070727239
0.1644830257
-0.0512062050
0.0925629288
-0.0693312138
0.2552516162
-0.0639747083
0.0830024853
0.1795826852
0.0140165808
0.0725516677
-0.0645896047
0.0018242465
-0.1569103152
-0.1352571398
0.0074049695
-0.2411880642
0.1463406086
0.0623068996
0.0290910751
0.1415409893
0.1254326701
0.0889871866
-0.3504815996
0.0348040164
-0.0019064210
0.1123264134
-0.0010126133
-0.1906005889
-0.1910095364
-0.0035928390
-0.0319462717
-0.9418179393
0.0313869566
-0.0468628407
0.0899116099
0.0279600359
-0.0901312456
0.0003097681
0.0401516035
-0.0545769110
0.2562707365
0.0413025469
0.0504628308
0.2202924639
0.0842920244
-0.0922536999
-0.1747511178
-0.0187571477
-0.0756713077
-0.2933337092
-0.0683306679
-0.0831652209
-0.1010748520
-0.0154311182
-0.1240986511
-0.3232302964
0.1212247834
-0.0754734948
0.0072513493
0.2683184147
0.0530959405
0.0459694788
0.2022201270
-0.0959690139
0.0085756714
-0.0427540094
-0.2404481322
0.4949375093
0.0592337921
-0.0774958208
-0.0058116429
0.0039914730
-0.0722528100
-0.0805974156
-0.0538703240
-0.1115306690
-0.0829376057
0.2252258956
-0.0756699443
-0.2254654914
-0.0367218666
-0.0965205356
0.0590259694
-0.0876787901
0.2194969654
-0.6409932375
0.0674247220
0.1196458265
0.2664588988
0.1493512988
0.0117242290
-0.3756056428
0.2039578408
-0.2266546935
0.3953264952
0.0875167176
0.0457438938
-0.1045746580
-0.1777951568
-0.0891950577
-0.0319682024
-0.1475542337
-0.0263897069
-0.3966550231
-0.3663784564
-0.0587609969
-0.0232276488
0.0092384759
-0.0717961043
-0.0255716555
-0.0776190832
-0.1390439570
-0.1038549170
-0.0858478695
0.1163383275
0.0052498691
-0.1051460207
-0.0223060176
0.0218066014
-0.0194191374
0.1575580686
-0.3767402172
0.1077453420
0.0297921561
0.0443105213
-0.0226518773
-0.1325936913
0.0263059959
-0.0588106923
-0.0341375172
0.1383093596
0.2218671590
-0.0327781923
0.1955200285
0.0261333119
0.0275113955
0.2607224584
0.0472995676
0.1100700423
0.7971786261
0.0464056320
-0.0408934839
-0.3317739964
-0.0491943024
0.1131118611
-0.2381478995
-0.1124267653
-0.1141910031
-0.5405071974
-0.0738601685
0.0243791696
0.0305035766
-0.1501401067
-0.0008871575
0.1392771006
0.1104947701
-0.0611786209
0.1141789556
0.2250778228
-0.0635608137
-0.0538479500
0.0622131266
-0.1027017459
0.3121460378
-0.1416753978
-0.2336513251
0.0635943785
0.0494270585
-0.0039667226
0.1868097335
-0.0956120044
0.0525781959
-0.0626394898
0.0799338818
0.1934776604
0.1112714112
-0.0004094848
-0.0114827314
-0.0961181149
-0.1509076059
0.0087723155
0.0081703700
0.0300160386
-0.0652938932
0.0858568847
0.1105466262
0.0808104202
-0.0400893539
-0.0077345520
0.0277513657
0.1881090701
-0.0998164862
-0.0711623505
-0.4870730042
-0.0996152461
-0.0963785499
-0.1072551012
-0.0971584246
0.0454988405
-0.0350848772
-0.1172804385
0.0128377117
0.0570384413
0.1264575869
-0.1397827864
0.2503228188
-0.0757115334
0.0303052478
-0.0906889290
-0.0781199932
-0.0029671185
0.3508629203
-0.0310074706
-0.0277549177
0.0719723776
0.0845211744
0.1632645577
0.1036412194
0.1342756599
0.0148840407
0.0511680134
-0.0642224848
0.0826530978
0.1535375416
0.1479217410
0.0350320488
-0.0219088495
-0.0838245451
-0.3106447756
0.1945843846
-0.0418130122
0.0230398364
0.1124555245
0.1362050623
-0.0449660458
0.0327764191
0.0045243492
-0.0458096676
-0.1828245819
-0.0228108093
0.0666928291
0.0899474919
0.0682337582
0.0353284851
0.0238201451
-0.1292345822
0.0647425652
-0.7359011769
0.0481495671
0.0270694047
0.0289274398
0.0165435895
-0.0525631793
-0.2307240069
0.2583114505
-0.0931643620
0.2303469777
0.1409029961
0.0308522340
-0.0178600643
0.1401401460
-0.0923929214
-0.0942879617
-0.0585813187
0.0095114782
0.1093985662
0.1463469118
0.0564417914
-0.1274142712
-0.0749692023
0.1386561692
0.0831364840
0.3167569041
-0.1098442227
-0.1023562551
-0.0935540646
-0.0412659906
-0.1467566937
0.1567483097
-0.0574930049
0.0787602440
-0.0365524851
-0.1285006106
-0.3931187093
-0.1311482191
-0.1522884667
-0.1748167127
-0.2140101343
0.0259566531
-0.0377298445
0.1229097396
0.0302505642
-0.0880692899
-0.0064163445
0.0246772002
-0.0953325927
-0.1071942896
-0.0132630067
-0.2511257231
0.0055449558
0.1363667995
0.6539584994
-0.1400697380
-0.0313229039
0.2278361470
-0.1847641468
0.3026268780
0.2415373474
-0.3072351217
-0.3161438704
-0.5041386485
-0.0647594854
0.0463411771
0.0032915301
-0.1178334951
0.0320559181
0.0400328971
0.3008789420
-0.0807108879
0.1846714765
-0.3383938074
-0.0185205340
0.1240479872
-0.0843139216
-0.1829817742
-0.3961566389
0.0130550964
-0.0628202185
0.0704037845
-0.0804844946
-0.0538121797
-0.0035743604
0.1261916161
0.1500687152
0.0118571892
0.0716440082
-0.0281191301
-0.6596567631
-0.1533049494
-0.0486146100
-0.4028938413
-0.3555176854
-0.1825319976
0.2708875239
-0.0005150946
0.2083642632
0.0133706210
-0.1033309698
-0.1345020235
-0.1885395199
-0.2470571548
0.0237400346
-0.1118983403
0.1288388073
-0.0988880694
0.1956675202
-0.0106211109
0.1159724966
-0.1299866587
0.1030574366
0.0046058833
0.0836262107
-0.0063433377
0.0081367847
-0.4048801363
-0.0830880180
-0.0617978647
-0.2396907210
0.0387223475
-0.0441835932
-0.0401091240
-0.0039887661
-0.0402821079
-0.0843246132
-0.0338527374
-0.0349010751
-0.0644668117
-0.0236240961
-0.0206114836
0.0295204856
0.0296489783
-0.0265444331
-0.0037719887
-0.0458452813
-0.0135882115
-0.0956900567
0.0864478201
-0.0036866833
0.0627557784
-0.0018033603
-0.1060166508
0.3294986486
-0.0085801417
0.0009820869
-0.0435553156
-0.0471786447
0.0238682870
-0.0259354264
0.0381727628
-0.0128764315
-0.0206787437
0.0040410655
0.0153953005
-0.0980435014
-0.0086590052
-0.0343298614
-0.0155157233
0.0140404711
0.0044990289
0.1932404637
-0.0097915977
-0.0010435818
0.1083922535
-0.0091911005
-0.0230548773
0.0496949144
-0.0002827043
-0.0317067020
0.0574161857
-0.0516047962
0.0348364487
-0.0593904220
-0.0168220811
0.0252192616
0.0007150681
0.0290128160
-0.0089188972
-0.0017954836
-0.0122949891
-0.0125580998
0.0105652278
-0.0134311598
-0.0008854172
-0.0774335861
0.0211268049
0.0513449535
0.0059246914
0.0336878449
-0.0076901540
0.0431316122
0.0076800827
-0.0363441370
0.0658994243
-0.0113927033
-0.0085867271
0.0181759316
0.0088666398
0.0181070250
-0.0532818735
-0.0267080124
0.0077189920
-0.0188196208
0.0355446860
-0.0229396652
0.2693281174
-0.0655471906
0.0059057898
-0.1049296036
-0.0251456648
0.0259886999
-0.0385449305
-0.0283027403
-0.0179647785
1.0626057386
-0.0039810711
0.0307878647
-0.0349207558
-0.0531012863
-0.0051309722
0.0413131788
-0.0018362408
-0.0406154580
0.0141626047
-0.0155594544
-0.0008895667
0.0224492401
-0.0070551522
0.0030553741
-0.0282438714
-0.0048999907
0.0794601217
0.1584395468
0.1663955897
-0.0576994158
-0.1870218813
-0.0375957936
-0.0247446019
-0.1356982142
-0.0112306988
0.0215795636
-0.0645795986
0.1360041946
-0.0679408759
-0.1397909373
0.1506783813
-0.0029448941
-0.0144649474
0.0297773294
-0.0175863691
-0.2551964223
-0.1564314216
-0.4324828684
-0.3254581988
-0.0596342981
-0.0532283522
-0.0679251105
0.0315250456
-0.1861357987
-0.0247495249
0.0268467721
-0.1383431703
-0.0366169475
-0.0777606890
0.1108318716
-0.1033426672
0.0146386223
0.0097788889
0.5353479981
0.0026208975
0.1645505428
-0.0485348180
-0.0588101447
-0.0331092365
-0.0320345834
0.1990136206
-0.0193635076
0.0310180392
0.0300195701
-0.1080987379
0.3523748815
-0.0353701413
0.0685910806
0.1330081969
-0.0650615171
-0.0166825503
0.1379446089
-0.2703141570
-0.1472040713
0.3199820220
0.0093733417
-0.0376391113
-0.1281328350
0.0285685454
-0.1014877558
0.5207352042
-0.1069461852
0.0322339460
0.3136075735
-0.0322185904
-0.1158233210
-0.2433742881
0.0013433384
-0.2849663794
-0.1247369722
0.0240696110
0.0334279388
-0.2569990456
-0.1044863760
-0.0966565311
0.1164565012
-0.0287172236
-0.0341257378
0.1496755928
0.2038952112
-0.0295360088
0.3613789976
-0.0277989246
-0.0016022302
-0.0785490721
-0.1034717336
0.2328540683
0.0263806712
-0.0773725063
-0.2732285261
-0.1158579141
-0.0651086122
-0.0263271984
0.1687028259
-0.0782428160
-0.0770268962
-0.3348182142
0.0903736278
0.2557831705
0.1115837321
-0.0025350649
-0.2003831267
-0.1635649651
0.0843666792
-0.2578579485
-0.4184335470
-0.2936118543
-0.1748537421
-0.3506657481
-0.1743496656
-0.2094152719
0.0895556659
0.1366046220
-0.4245091975
0.2357660979
0.2275994122
-0.1443335414
-0.0412545688
0.0478536561
0.0541971996
0.2414425164
0.0344537422
-0.0607599728
0.2222315222
-0.0523772277
-0.0353466719
-0.3821235299
-0.1236046925
0.1389512569
-0.1624255478
0.1256618053
0.1637027264
-0.1645522565
0.0287542082
0.0632457286
-0.2910117805
-0.1239051744
-0.2224249989
-0.2014559358
0.0066803368
-0.2985315025
-0.4078056812
-0.0082460037
-0.0411624797
0.1293686926
-0.0673218966
-0.0512541905
0.1229200140
0.1366608739
-0.1599774361
0.3257219791
-0.2398447096
0.2003064752
-0.2266633362
-0.0664099157
0.0630444214
0.0599538796
0.0972090140
-0.0386497416
-0.2311049402
0.0187220536
0.0738110393
0.0953120142
-0.0894019231
0.0242738761
-0.0458547771
-0.0740466118
0.1862027645
-0.1472969651
0.0805492774
-0.1034771651
0.1575333923
-0.0103162853
-0.1244926751
0.2111053765
0.0857793242
-0.0306287855
0.2534619570
0.0667107180
0.0460398458
-0.1401582211
-0.0746425241
0.1092520654
-0.0937602669
0.0966771767
-0.0846399516
-0.1122764423
-0.0053852289
0.0493606664
-0.4321574867
-0.2597976625
0.1431809217
-0.2126731575
0.1815976351
0.1960175335
-0.3306239247
-0.0692204610
-0.0368294455
-0.2140889168
0.1196083650
-0.1083356217
-0.0583022945
-0.0220602676
-0.1657012850
-0.1040212214
-0.0556838177
0.0983692706
0.0126873050
-0.0269603264
