-0.2467150390
-0.4413497150
-0.1315478235
-0.3045081794
-0.3412154913
0.1225788817
-0.3032678068
-0.2160889804
-0.0807849988
-0.1204249263
-0.1359991580
0.0966821313
-0.0751736835
-0.4167706668
-0.1318876445
-0.0735146776
-0.1425036192
-0.2624013722
0.0454914235
0.0604493581
0.1918074936
0.1924838722
0.2865762413
0.4689748883
0.0745335147
0.4054379165
0.2517636418
-0.1077084839
0.1183736399
0.0105072707
0.2162301987
0.5799644589
0.1574469656
-0.0457517169
-0.0874196365
0.0498571806
-0.1791073680
0.0073077749
0.0280026514
0.1034352258
-0.5710432529
0.1786748320
-0.0344523489
0.3620268106
0.1771072149
-0.0514848903
-0.3373358846
-0.4249572754
-0.4091051221
-0.4642638862
-0.2081975490
-0.2789775133
-0.0707577020
-0.1377921999
0.0343019851
0.0218102578
-0.2317014933
-0.1329115778
-0.0853624940
-0.0168816261
-0.1927580982
-0.3951720595
-0.2820416987
-0.0960254297
-0.3085069060
-0.2374441624
-0.1339546442
0.0905451626
-0.2250433117
-0.1196259931
-0.1336760819
-0.2184499949
0.0210628528
0.2051133662
0.1327388138
-0.0967100263
-0.3396092653
-0.0535931885
0.3897984624
-0.1222171560
0.1850440800
0.2124745101
0.3239969611
0.5107781887
0.5388346910
-0.1088195965
0.3935182095
0.2099034786
0.1710053980
0.3772230744
-0.1003384516
0.3582903743
0.2782028019
0.3178874254
0.1518900543
0.3749599159
-0.0117624430
0.2559550405
0.2667445242
-0.1662286371
-0.1482224166
-0.1303090751
-0.1125047803
-0.2421916276
-0.1170106754
0.0104715517
-0.1936498433
-0.0368699692
-0.3122754991
0.1883891374
0.2383782119
-0.1507948935
0.0964001417
-0.0551151522
-0.0633535609
0.0617988817
-0.0255491063
0.2619663179
-0.5579051375
-0.2704892755
-0.1519551128
0.1352042407
-0.0594730452
-0.0737779811
-0.0798696727
-0.0794388205
-0.3929641545
0.1568926871
0.2500980198
-0.1579802185
0.0615802072
-0.3613447249
-0.0904274434
-0.0089646662
-0.0990305766
0.1248057932
0.0508227684
0.2485911995
0.1895189732
-0.1553840786
-0.0217648223
0.1773463488
0.0823612511
-0.0516000949
-0.1516168267
-0.1020730734
-0.1473971009
-0.0272094384
0.1333412230
-0.0700900331
-0.0658320114
0.1013186723
-0.0242752414
-0.1639988571
-0.0066227578
0.2113620192
0.0272278357
-0.2951132953
0.0709091872
-0.0059988825
0.0127127627
0.1345546842
0.0987948775
0.0439782813
0.1323026717
0.0001621658
-0.0786379501
-0.1551909447
0.0241926443
-0.0038700309
-0.0039910530
-0.0560300499
-0.0797135606
0.0038938229
-0.0564824492
-0.2591288388
0.1886276007
-0.1897871345
-0.2169015408
0.0890891626
-0.1157995760
0.1922312677
-0.0381458923
-0.1293271929
-0.0003471997
-0.0278066490
0.1308700889
-0.1035389900
0.0799727663
0.2739356458
0.2457046360
-0.0565726310
0.2130078673
0.3090773523
0.1883109659
-0.0224049054
0.0770563334
-0.0327905379
-0.0741438717
0.0472533107
-0.1304925382
-0.1957685798
-0.1087635756
-0.1894476712
-0.0699662864
-0.3280762434
-0.1730055213
0.3009233475
-0.2503548563
0.2049450427
-0.0662827566
-0.1159011722
-0.1666335315
-0.0830919594
0.0978485271
0.0964056924
-0.2390636504
-0.1779957265
0.0299693532
-0.5078024864
-0.1646787971
0.0171442367
-0.0303730108
-0.1404345185
0.2134697437
0.0064161257
0.1707247347
0.4031507671
0.1479882598
-0.1709721237
-0.2934184968
0.1279030591
0.2918969393
0.1348083466
-0.0131342262
-0.0451824367
-0.0212910362
-0.1151753590
0.3800705373
-0.0339262672
-0.0570099652
0.0083036870
0.0050749811
-0.0243972335
-0.3045682013
-0.2132909149
-0.0388369001
0.5273083448
0.1169117838
-0.1265929192
-0.0721927062
-0.0910378844
-0.0004609269
-0.0947522894
0.0255549885
0.1409352422
-0.3686672151
0.0907347277
-0.1313347220
0.2033843994
-0.0316031203
-0.1633166820
-0.3870617747
-0.0517809913
-0.2070137411
0.4299232364
0.0497441739
-0.1377855986
0.0173790175
0.1554240435
-0.2565706074
0.0176425055
-0.0808447003
-0.0972705185
-0.2792490721
0.0607061423
-0.0001147265
0.1724445969
-0.0765220672
-0.1491737515
-0.3321384192
0.1268310398
-0.0045626652
-0.1549810022
-0.0290381853
0.0324276723
0.1634673178
0.1115669012
0.0857473686
0.1799284965
0.1010056287
0.1414491385
-0.4875650704
-0.2726450264
0.0438593850
-0.3618924320
-0.1650733501
0.1962170303
0.0584030449
-0.0483622961
0.0936758891
0.0180594977
-0.0393900275
0.0208302978
-0.0444809385
-0.1547207683
0.1284258962
0.3346678019
0.0939112380
0.1096841469
-0.1554887295
-0.0927962512
0.0914085582
-0.0208015591
-0.1047929749
0.0585252643
0.0359774306
-0.0535071604
-0.0566354245
0.4385789335
-0.0886513665
-0.1218558922
-0.1551004797
0.0195474513
-0.1942570657
-0.3570954502
-0.1162383780
0.0712045357
0.1140452772
0.1464919001
-0.1708512008
0.0509064272
-0.1638483405
-0.1921756566
-0.3329184055
-0.3105214238
0.1697991490
0.9076901078
0.2166401893
-0.0980354771
-0.2912221551
-0.0302268229
-0.0797427818
-0.0145166013
-0.0231517591
-0.0796295404
-0.0066309869
0.0962812230
0.0045790928
0.0620487928
-0.1164501756
-0.0477609821
-0.0812508985
0.1229704991
-0.2670467794
-0.3647971451
-0.1237797365
0.0681502372
0.2437960058
0.0933432057
-0.2593634427
-0.2311656475
-0.1217499673
-0.4943196177
-0.1600238234
-0.0632113963
0.1599165052
0.2451544404
0.1943675727
0.0829528049
0.2148701400
0.0702525824
-0.2721809149
-0.5610928535
-0.0641788542
0.0764979348
-0.0035497041
-0.0513223186
0.2698624730
-0.1362438351
0.0066190963
0.1909093559
0.1678995788
-0.0057861502
-0.0077039157
-0.0250163656
0.0227479823
-0.1444650143
0.2295209318
-0.1036286205
0.0336513333
0.4941380024
-0.0680850223
-0.1339461803
-0.0582582988
-0.1275588572
0.0118316729
-0.2214305103
-0.0937969089
0.1067293510
0.6265226603
0.1679414064
0.2486804277
-0.0702423528
0.0725806281
0.0293852743
0.1676923186
0.0577139482
0.2011099011
0.3083665669
0.0349638239
0.0266599935
0.0036550162
-0.0401737466
-0.1936391443
-0.1972952634
-0.0972495377
0.1807294786
0.3188640475
0.0458561592
-0.1342548728
0.1578549445
-0.0375990793
0.0109790498
0.0780884847
0.1389482021
-0.0268370658
-0.0300519057
-0.1074535772
0.1748719960
0.0924799740
0.0473175049
-0.1111332923
-0.2192004472
0.0809191838
-0.2202316970
0.0774071142
0.0892050266
-0.1081158742
0.2210415900
-0.0113141499
-0.0468585081
0.2887327075
-0.2187638730
0.0183933247
0.9804256558
-0.0270877015
-0.0196414478
-0.2174475938
0.0013175093
-0.0203453396
-0.1349221915
0.0509096943
-0.0304978043
0.1407970190
0.1302152276
-0.0337101556
0.1580592990
-0.1926515847
0.1101441607
0.1847257912
0.0993352830
0.0466618128
0.0482218005
-0.0466759242
-0.0472208187
0.0832824633
0.0684147701
-0.0433501340
0.0614830703
-0.0072192443
-0.0307484213
0.0540800430
-0.2720280886
0.0960819200
0.0872352570
0.0445024893
-0.1846228093
-0.0395009965
0.1376948059
-0.2981797159
-0.2880587280
0.2065453231
0.1280235946
0.2613022327
0.0949868709
0.0017855427
-0.2138017565
0.0776835606
-0.0485134386
0.2234373689
0.1420342922
0.0784186125
-0.0026841555
0.0495193005
-0.2082386464
0.3897808492
-0.1055359095
-0.1101184711
0.4581684768
-0.1183417141
0.0434779748
-0.1769282818
0.1230428666
0.1539003253
-0.2525217533
-0.0446725972
0.3737948537
0.3272005320
0.0122368755
-0.0748524219
0.0547394827
-0.0620133355
0.1825340092
0.0510332361
-0.0384336524
0.0772457421
0.0401896685
-0.0471152738
-0.0873567313
-0.1993152797
-0.1048349589
0.1595669389
0.0274523217
-0.1156961918
0.2267823219
0.2486382872
-0.1140056178
-0.1217290759
-0.0392856151
-0.1711522192
0.0116273351
0.0521707460
-0.0255505368
0.0053970520
-0.2204733938
-0.1874722242
-0.0219513271
0.0268831048
0.0673963130
-0.1847359389
-0.2645327151
-0.0082924031
0.1420029551
0.2181748152
-0.0971822292
-0.1148256138
-0.0928858295
-0.1963605732
0.0002079408
0.0511268303
-0.0460593700
-0.0898905769
-0.2344297022
0.1101409495
-0.0219236221
0.3580317199
0.1234395355
0.1183598489
0.0168046951
0.0802642331
0.3353220224
0.2653316259
0.3929169774
0.0290124156
0.1729600728
-0.1806517839
0.0315632038
0.0181364622
0.1003850624
-0.1901767403
-0.0323388316
-0.4716258645
0.0122521231
-0.2208943814
0.1403276920
0.4906378984
0.5169169307
0.5449038744
0.1659939289
0.3264266551
0.4428053498
0.4627456069
0.7458443642
0.5020840168
-0.0516814888
0.0302864648
0.2135874033
0.2078734189
0.3937734663
0.3181125224
0.1289447099
0.2139141411
0.0294169858
-0.1054564938
-0.2537732124
-0.1005053297
-0.1302061826
-0.0198861603
-0.1095127165
-0.0095466003
-0.2248744816
0.0123834731
-0.1610510200
-0.1555942148
0.1608774066
-0.0642684400
-0.3107969165
-0.1303887665
0.0304137096
0.2486497760
0.1338959187
0.1862264127
0.1587937772
-0.2062586695
0.2591480017
-0.0606032908
0.1528138816
0.0017381774
-0.2160508484
-0.0520912036
-0.0827735662
-0.0541322306
-0.0821631923
-0.0393277667
-0.0349642895
-0.0919968337
-0.0681520477
-0.1004780084
-0.0762473270
0.2464822978
0.1328418702
-0.0198656898
0.1627048999
0.1013035700
0.2649026215
0.0516759045
0.1236985400
0.1020403877
-0.1417066902
-0.0210973565
-0.1515738219
-0.1756330281
-0.7009494901
-0.4519098699
-0.1105949432
-0.0824895278
-0.1327258646
0.1968585849
-0.0323483944
0.1466708630
0.0454447009
0.2606558204
0.3821798563
-0.1660952121
-0.0915274844
0.1195206195
0.0557204224
-0.0257048588
0.1563803852
0.0448546037
-0.1381376237
0.1834678948
0.0414554477
0.0948732942
0.1281462312
-0.1453148127
0.0066646738
-0.1063802689
0.2282726020
-0.1408819407
0.0843648389
0.0027387661
0.0492815860
0.0311184451
0.0502772368
-0.0685127154
0.0335602053
-0.1378901750
-0.6588441133
0.0317653455
-0.0595076308
0.0530873165
0.0738311335
-0.0901207179
-0.1578377783
-0.0483628996
0.0179145224
-0.1922053695
0.1257014871
0.0759732276
-0.0699212328
0.0543697998
-0.0731131881
-0.0609178990
-0.1167658493
-0.2184990942
-0.1509193778
-0.0725022107
-0.1622510850
-0.0911170095
-0.1862052679
0.0419135243
-0.0204839613
0.0074366485
-0.1707253903
-0.1308405250
0.1323107481
-0.1518095136
-0.0402299687
0.1550778300
-0.0867787451
-0.1879972070
0.0475179628
-0.2438146919
0.2998401225
-0.0851243064
-0.0206016451
-0.1628429294
-0.1918644756
0.4067253768
-0.0834511817
0.1603679657
0.2132530063
-0.2204868644
0.0364628583
0.0506597906
-0.0203034934
0.1326740831
-0.0754117742
0.0065843472
0.0111094229
0.1638653278
-0.3230625093
-0.0331177115
0.1009609327
0.0533385538
0.1135638207
0.0701342374
0.0410912447
0.1336541027
0.2000172138
0.1149733812
0.0066461791
0.1216713712
0.1229782328
0.0609466545
0.0260680765
-0.0375556126
-0.0220034365
0.0772035420
0.0595285594
0.2095149010
0.1222652197
-0.0567295402
-0.0564471520
-0.1386648566
-0.3154754639
-0.1031088531
0.0411236137
-0.4918837845
0.2801253498
-0.0368481725
-0.1779627502
-0.1733052433
-0.0077209864
-0.1352385879
0.2846806645
0.3175154924
0.3585731089
-0.0015376330
0.0334991738
0.1158080548
0.0768261403
-0.0009756114
-0.1621594429
-0.1897152960
0.1095908210
-0.5530189872
0.0009330302
-0.0001400731
0.1753949821
0.1042744964
-0.0636475384
-0.1111632288
0.1061236709
-0.1037552208
0.1957262903
0.2888084948
-0.0078756204
-0.0096112741
-0.0946967974
-0.0240522586
-0.0300044809
0.1887063086
0.2475948483
-0.1348873973
0.2435019910
0.0696281046
0.2553080916
0.2160178274
0.0427275337
0.0062497696
-0.2012876868
-0.1416848153
-0.0175454579
-0.1241505146
-0.1532308757
-0.1728870273
0.0434897989
-0.0518566109
-0.0453397110
-0.1169978976
0.0447794460
-0.1170817539
0.0458241552
-0.1066142321
0.2343261540
0.0562301502
0.1183537096
-0.0982103422
0.1399276108
0.1290926188
0.5753144026
0.0262420513
-0.0526647232
-0.0075414618
0.0153837651
-0.1466212869
-0.0308224522
0.0146949878
-0.1097000912
-0.5068826675
0.0594942681
0.3156853616
-0.1363252848
-0.0036572651
0.0393104218
0.0776179135
0.0330870524
0.1162591949
0.2139496356
0.0624231584
0.1263039261
0.0710731149
0.0136054773
-0.0490521826
-0.0430987775
0.1462815106
0.1173230782
-0.0480465405
0.1225404963
0.1504957229
0.2640438676
0.0582108684
0.0041440041
0.0699019805
0.1236845180
0.0673506558
-0.0913409814
0.1636707932
0.1039695069
-0.1582493335
-0.0292103738
0.4007899761
0.3507091403
0.0759331137
-0.0791197419
-0.1818409562
0.3526861966
0.2387838364
0.5217677355
-0.0468338765
-0.0609054565
0.3464231193
0.0592758320
0.0053485152
0.0212326143
0.0724972039
0.2270777822
0.4393611252
-0.0334498622
-0.0635067821
-0.0548530221
0.0333174542
-0.3346632123
-0.0744267851
-0.3123486042
0.0474423356
0.0121960668
0.0014213813
0.0548530668
0.2514196336
-0.1193760037
0.3577894866
-0.5552723408
0.5599310994
-0.0133920098
-0.1006465852
-0.0282659680
-0.4695702791
-0.1241390705
-0.2114199251
0.2061943710
-0.8841058016
0.1317156851
0.0932888314
-0.1542536467
-0.1100280806
-0.0489402041
-0.3206899464
-0.0546331555
-0.1044870690
0.2438698709
-0.2678024769
-0.0334228054
-0.0089749563
-0.0107864458
-0.1526011974
0.1817103177
-0.0001619962
-0.1477240026
-0.5684248805
-0.0364629403
0.0797683820
-0.0627784282
-0.0444312915
-0.1877162009
-0.0254657194
-0.0985612646
-0.0997549742
-0.0001187370
0.0542295054
-0.0085371323
0.3396779597
-0.0185146518
0.1445412636
-0.2432028800
-0.0075447545
0.1039634049
-0.0987544134
-0.1092117503
-0.0262803622
-0.3781956434
0.0382653065
-0.0942283720
0.0312989354
-0.0473329090
-0.2176968455
-0.1547521204
-0.0382708125
-0.1550121456
-0.0741224661
-0.0184432417
0.0131192533
0.0573638119
-0.0179449022
-0.0942101628
-0.2539212704
-0.0524153262
0.0296676178
-0.0805297568
0.0098062642
0.0356012173
0.0473980419
-0.0272084922
-0.0473458804
0.3074690998
0.1046515256
-0.1118026450
-0.1341973990
-0.0384351462
-0.1596097946
0.0168239493
0.1385632604
0.1017417759
0.0295003373
-0.0902240351
-0.0592892654
-0.1186669618
0.0434021316
0.0755812824
0.1144880876
0.0267879590
-0.1320718676
-0.1022669300
-0.1026788428
-0.1304416955
-0.0126314182
0.0967201367
-0.0737651959
-0.0569709539
0.0744759664
0.1179019585
-0.0685850978
0.0156118171
-0.0578496717
-0.0439517833
0.0891984552
-0.0046272739
0.0267728250
0.2033337057
0.0360806286
0.3169548810
-0.0367112011
0.0324813835
0.0236287862
-0.0847010091
-0.0521123968
-0.0382228196
0.0366122946
-0.0167847928
-0.3640111685
-0.0896638408
-0.2029699087
0.0585235097
0.0620118491
-0.1872067302
-0.0881239697
-0.0517028570
0.0746019110
0.1504175365
0.1535010487
0.0228516366
-0.1349098086
0.0169911664
-0.0060879863
-0.0010192747
0.1033299491
0.1107951924
0.1135636121
-0.0312637277
0.0123859057
0.0862371698
-0.0197895430
0.0789480060
0.2626429796
-0.0319375768
-0.1126068830
-0.3138347864
0.0977513269
0.0492375717
-0.1154262125
0.1469708979
0.0981743708
0.1553471237
0.0641770512
0.2333406955
0.7859761119
-0.1404086500
-0.0942585617
0.1580591649
-0.1241688952
0.0278723743
-0.0688742027
-0.0347307324
0.0070410646
-0.0446734466
-0.0897192284
0.0403699726
0.0203697383
0.0113735180
0.1227324158
0.0938839018
0.0456340052
-0.1333709955
-0.0855730698
-0.0736891031
-0.0103527550
0.1186072305
0.0439068414
-0.0546325222
-0.0462373719
-0.0922657922
0.1895845532
0.1223039106
0.0518816449
-0.0199542008
-0.0564280227
-0.0769388303
0.0906716809
0.0773593113
-0.0326524749
0.1617385000
-0.2861396074
-0.0810663551
0.0653960705
-0.0624038689
-0.1165508926
0.0045238375
-0.0835986137
-0.0524434969
-0.0026130211
0.4940240979
0.1111767963
-0.0040741959
0.0429055505
-0.0422342792
0.0181352608
-0.0351220109
-0.0067269811
0.0081477603
-0.0932586342
-0.0367843322
0.0183574613
-0.0776860416
0.0094926339
-0.0171912238
0.0101525262
0.0717761740
0.0873963311
1.0338764191
-0.1215756610
0.0099530024
0.0778198615
0.0119611789
0.0273734350
0.0862189680
-0.0340554938
-0.0912478268
0.0965850949
-0.0468918607
0.0312600508
-0.1205440909
-0.0505392738
0.1197380647
0.1056021303
0.0124465218
0.1608138829
-0.0635667965
-0.0527688265
0.0312039517
-0.0073813442
-0.0508025698
0.0587129407
0.0067332247
-0.0170954838
-0.0008415176
0.0400653668
-0.0287152473
0.0053763804
-0.0994239226
-0.0018920887
0.0485792570
0.0162530039
0.0011892529
0.0495237671
-0.0259803720
0.0016065087
-0.0140718389
0.0016025365
-0.0917958543
-0.0554631650
-0.0434406176
-0.0558102205
-0.2153828889
-0.1685056984
0.1809410453
-0.0093390951
0.0755403042
0.1057710201
-0.0855935887
0.0033872251
0.0214835890
-0.0411491171
-0.0246499479
0.0386086479
-0.0006018747
0.0409124456
0.0581973381
-0.0876028463
-0.1138343588
-0.0195547473
-0.0769087300
0.0095679574
0.0195298139
-0.0065492787
-0.0360810794
0.0452629700
0.0187068880
-0.0202844180
0.0455356911
-0.0074394667
-0.1707260162
0.0498976484
0.0372695737
0.0901664570
-0.0107763084
0.2091353387
0.1042657569
-0.0141078373
-0.1946016550
-0.5702544451
-0.4258740842
0.2695837617
-0.0326942205
0.0622361712
-0.0204719361
0.0532133728
-0.1093126088
-0.0922170952
0.6131910682
-0.1532334089
0.0412416868
-0.0272462647
0.0119031100
0.1061327681
-0.0378103629
-0.0822737589
-0.1540376693
0.5049178600
-0.1932545155
0.0253417436
-0.0715587959
0.0516811907
-0.1086915657
0.1406732053
0.0620812438
-0.0131622218
-0.4239185452
0.2594363987
0.0453446321
0.0284817591
0.0284195617
-0.0378711373
0.0647168458
-0.1103601307
-0.0700276345
0.0209719352
0.1494940072
-0.1863697469
-0.1340155602
-0.0622842647
0.2289041728
0.0505492240
-0.0953502730
0.0377596915
0.1851790398
-0.0071698078
-0.0633113608
-0.1409574002
-0.0381151028
0.0570424609
0.0274348035
0.0671635419
0.0050195116
0.0878820121
-0.1308082789
-0.0609510615
0.0377452374
-0.0667529777
0.0614414662
-0.1770934761
-0.1449436247
-0.0483022109
-0.0515565388
-0.0930255130
-0.0346350484
-0.1781690270
-0.0497767255
-0.1865631193
0.1236506626
0.0933359489
-0.0101299444
-0.0899693072
-0.0690935925
0.0986024439
0.2993502617
0.0590462238
-0.0928068385
-0.0199152268
0.0660741031
-0.0831749961
-0.0579346940
0.0945814252
-0.0150980949
0.1320085526
0.0386830643
-0.1975875050
-0.0511865318
-0.0188450292
-0.1184201762
0.1157319024
-0.0823175311
-0.0715774819
-0.1020297483
0.0487213545
-0.0324957334
-0.0037743885
-0.0102319214
-0.0983223990
-0.2156836987
0.0608847849
0.0354518034
-0.0154094575
-0.0821744874
