-0.0019446875
-0.0979069844
-0.0538665652
-0.1611494422
0.5651135445
-0.7317066789
-0.0168792624
-0.9966273308
0.3202545941
-0.2015254200
-0.5615701079
-0.2558224201
-0.2382814139
0.1265882105
0.4750778675
-0.0135367913
0.0953514427
0.2768304944
-0.2073167264
0.6518323421
0.0056352932
0.2483330965
-0.1779596359
0.4711215198
-0.3855794072
-0.2735819817
-0.6724600196
0.1288426667
-0.0497283079
0.0139569640
0.1146914959
0.6945027113
-0.2364020348
0.3572181761
-0.4375533462
0.8581939936
0.0039622961
-0.0613237694
-0.3434755802
-0.1624778658
-0.0996185988
-0.0033872947
-0.4661225379
0.6464943290
-0.5938556194
-0.4295510054
0.1793348938
-0.1778169423
-0.6342847943
0.0350387208
-0.2977554798
0.3555872440
-0.4392939210
-0.0008792061
-0.2769119143
-0.1818622649
-0.3322319686
-0.0574386120
0.0844375417
-0.0865984112
0.1683342308
-0.2795692086
0.3117691576
-0.1175664142
-0.1420878917
0.3769244254
0.2194797546
0.6855006218
0.0042568352
-0.2282590717
-0.0913025960
0.2228526026
0.3577016592
0.3452086449
-0.0032823870
-0.0052354420
0.0887150988
0.2027475089
0.0179072600
-0.0845139325
-0.0900389403
0.0734907165
0.5094689727
-0.0109125990
0.2265906781
-0.1494414657
0.2331153005
0.2724380791
-0.2404568046
0.4615695775
-0.1148421615
0.1381946504
-0.0850221217
-0.2208710909
-0.2438267320
-0.5075474381
-0.0520049185
-0.3767997921
-0.1159970760
-0.1476993263
0.5094261765
0.0255858842
0.1971332431
0.2699405849
-0.0599536188
0.4604162574
-0.3716352880
-0.0123700509
0.4246159494
0.0838231817
0.0600048415
0.0794246346
0.3067997098
0.2440380007
-0.5315569639
-0.4892772138
-0.2844437361
0.1351167411
-0.2762952745
0.2136588544
0.3546870053
0.3211966455
-0.0558952615
-0.1267038882
-0.2298284173
-0.5990450978
-0.1296010464
-0.3200720549
0.3056293130
-0.2396190763
-0.1110683158
-0.5475108027
-0.0016712495
-0.0117616374
0.1232998818
0.2529977560
0.3071626425
0.1188871339
0.4203372300
-0.0415513292
0.0155133028
-0.1968087405
-0.0256671216
0.0488720611
-0.5526709557
0.2655908763
0.2493363023
-0.1239479259
-0.0293923020
-0.0324739106
0.3194918036
-0.4859705269
0.9904254079
-0.1009353921
0.2675977945
0.1140151247
0.1347246319
0.4280627668
0.6599656940
-0.3254518807
0.0493159965
-0.7366383076
0.0224640388
-0.6170609593
-0.2070969194
-0.0338351540
0.4629980624
0.5609865785
-0.0621405318
0.0833021626
-0.1199133992
0.0005925983
-0.0438474678
0.1311405748
-0.2301976979
-0.0159613974
0.1123663709
-0.2800250351
0.0276068635
-0.5123233795
-0.0624056049
0.1111185998
0.1303124875
0.2620933354
-0.2452321500
-0.1883761138
-0.0006390646
0.0147345094
-0.0712882131
-0.1010882705
-0.0296416711
0.1450171173
0.0510189980
-0.0668822825
0.1130644158
0.0272659771
-0.2549967170
0.0480866954
0.2144475877
-0.0790371969
0.0401949696
-0.2384183705
0.0744189769
0.0704245940
0.0387849361
0.1224678159
0.0505194739
0.3501537442
-0.1517667174
0.4516879022
0.0311895758
0.0375309624
0.6975951195
-0.0182300489
-0.0141084809
-0.1764487922
-0.0599558540
-0.2944696248
-0.2641502619
-0.0203567836
0.0410509445
-0.0479684994
0.0022668098
0.3965923190
0.0441202559
0.3702765107
-0.0240235589
-0.0824311078
0.1013823077
0.9935439825
0.1420685351
0.5639383197
-0.0006683966
-0.6807936430
-0.1333594471
-0.4032295942
-0.2647238672
0.0370716304
-0.1120052785
-0.1700070202
-0.0664136484
0.3296667039
0.1166977137
-0.3444344401
-0.5734267235
-0.6541433334
-0.2675996125
-0.1427132189
0.1388796568
0.7739625573
0.4124682546
-0.1682942659
-0.4986495972
-0.4098596871
-0.1713618636
0.0609920099
-0.3664430976
0.0836561695
-0.1427905411
0.6772652268
-0.6461636424
0.1272471100
-0.3541936576
0.5289678574
-0.2657290995
-0.1263032556
-0.1376795620
0.1944330186
-0.7653962970
0.2987480164
-0.1004368514
-0.5698317885
-0.3317024708
-0.5527506471
-0.2211115509
0.1394059062
-0.7291213870
-0.5372337103
0.5632206202
0.5737484694
-0.6076998711
0.0684054494
-0.2926955819
0.9368938804
0.1176570579
-0.0804486573
-0.0163272731
0.2882284820
0.5173900127
0.1372782588
-0.1756977737
0.2105207741
-0.1948606223
0.1711355746
0.5730635524
0.1513837278
0.4744345844
-0.2004486322
0.4700832069
-0.3909920454
-0.4481070340
-0.1967711449
-0.0304052699
0.1050190926
-0.2131589651
0.2610679567
0.8189520240
0.5227671862
-0.3776815832
0.5356249213
-0.8799878955
0.1718590260
0.0319791399
0.1765992045
0.3126619160
0.5879098773
0.2300698310
0.1293179244
0.0555449799
-0.4911779761
-0.0890468881
0.2738806605
-0.2088936567
-0.2571111321
0.5353682041
-0.0347772613
-0.2761694491
-0.7959821820
-0.4250456393
-0.7054418921
-0.0659050345
0.5267961025
0.4825714529
-0.5337836742
-0.0263954233
0.3347635865
-0.3928208053
-0.0485715866
0.4837666154
0.5305185318
0.6807315946
0.4673210680
-0.0944722593
0.3561794758
0.0335504897
0.0159027968
0.5391686559
-0.4945585430
-0.2877987623
-0.5463068485
-0.1575125009
-0.0968697369
-0.3244088888
0.4041994214
-0.0899066627
-0.2059320360
-0.2824891806
0.0580096133
0.6239514351
0.0960768014
-0.1880399585
-0.4894422293
-0.4905519783
-0.2727947235
-0.4822522998
0.2638445199
0.2203939408
0.3210292757
-0.0530323423
0.1517876536
-0.5923155546
0.1005241126
-0.6269714832
-0.4063146412
-0.1095566228
0.1438889951
0.4336392283
-0.7758297920
-0.1288130432
-0.0907354727
-0.0177512225
0.8040443659
0.0605598688
-0.1840566844
0.0117835952
0.5558742881
0.4435205758
0.1750274450
0.3495852947
-0.2390506417
0.4444662929
0.0494660325
0.5178149939
-0.1461989731
0.1069934145
0.1112150699
0.1393624246
0.5877505541
-1.7395033836
-0.0017242801
-0.3839074969
0.0786235034
-0.7666804790
0.0191735383
-0.3385104239
-0.1420505196
-0.3437123001
1.1093266010
0.1652028412
-0.4560460746
0.0533428751
-0.2396751195
-0.2626275122
0.2975853682
0.5494486690
0.1629010141
0.1799210757
-0.5878516436
-0.7602207661
0.2997123897
0.1532014459
0.1473427713
0.2692357302
-0.1281333715
0.0015524657
-0.4547803700
-0.1336884946
0.1474296004
0.1761817336
0.3305111527
0.2166611403
-0.0563464239
0.7228695750
-0.3472134471
0.0011730377
0.0480291694
-0.7326444387
0.2036582083
0.0651230663
-0.1025936306
-0.0681684241
0.2469256222
0.1137430966
-0.0712677911
-0.3970345855
-0.1735913754
0.0783129483
-0.0074097039
-0.3063201308
0.4891327918
0.0228940062
-0.0935996473
0.0633809268
0.1418565363
-0.3336919546
0.0923372805
0.1399096996
-0.0403217152
-0.0272172485
0.0524851605
-0.1496844292
0.0186427198
0.4460778534
0.4261421561
0.1766329259
-0.3369264305
0.0575863570
1.3625931740
-0.2916939557
-0.0046092356
0.0220764820
0.1808258146
0.0638745576
-0.0206507090
0.0407490470
0.0735674798
0.1484631449
0.2073881477
-0.0207537338
-0.0632650405
-0.3269131780
-0.0184169542
0.1499815583
0.4063784182
0.0317348540
0.0610315353
0.3269216716
-0.0141684394
-0.0250014439
0.3240090907
-0.0992269740
-0.7764353752
0.0677553266
-0.0692801997
0.2527389824
-0.3847714663
-0.2887887061
-0.3117326796
-0.2640598714
0.0170276165
0.0713157877
-0.2504383624
0.0316852406
0.1185782403
-1.1201694012
-0.2268822640
-0.5697058439
0.8555417061
-0.2366541475
0.1140871868
0.4807472825
-0.1767382920
0.0090960981
-0.2866236866
-0.2646310031
0.0443206131
-0.1978046000
-0.3569472432
-0.2862336636
0.8674842119
-0.7181074619
-0.1580749005
-0.5063881278
-0.2788656354
0.1383059770
-0.5602344275
0.0791278258
-0.0244639330
-0.0175028909
0.0717048645
0.4886577427
0.2844114602
0.0559038296
0.1490167379
-0.3974383771
0.4804588556
0.0317595899
0.4434480071
0.1547528654
-0.0876492187
-0.3264578581
0.1533233076
-0.2588671148
0.1974525005
-0.2032969892
0.0641271472
0.4635992050
-0.2083409727
0.1023769975
0.0665055439
0.0869206414
-0.0210985821
-0.0257452633
0.2143567652
-0.3145716190
-0.1881762892
0.4779224694
-0.5522151589
0.1826420873
0.2279340625
0.1085324809
0.1191278920
0.0268438235
1.2754595280
0.1882890463
0.0279322136
0.0468553677
0.1923630834
-0.6209648848
0.0694065914
-0.6969449520
0.3372216523
-0.5692385435
-0.1663430333
-0.0444636494
0.0761312246
-0.1774809808
0.4944739938
0.5828922391
0.0024296595
0.0351086892
0.0808696747
0.5475463867
-0.8429384232
0.2583012581
-0.3685320020
-0.3230932057
-0.0946362689
-0.9226933718
0.1471910030
0.2133759856
0.0417257808
0.1301296949
-0.1352688223
0.3945210576
-0.0917976797
0.7982025743
-0.5385593176
0.0523613766
-0.0024600208
-0.0783780664
0.1933963895
-0.0234838463
0.3004468381
-0.3868190050
-0.2867625356
0.1812102199
0.1451772004
0.1013804600
0.0468184389
0.3329721689
0.1174082682
0.8302259445
-0.4837764204
-0.3855021000
-0.0944411010
-0.1462409645
0.4546731710
-0.1996018589
0.1446678489
0.3828443289
0.1453677416
-0.0854187980
0.1625586301
-0.4561212659
0.2315001786
-0.5989323258
-0.1564477384
-0.1438353658
-0.2151154876
-0.1673142463
-0.4110726118
0.0401163213
-0.1985244900
0.5652063489
-0.3466520905
0.1223619282
0.4402849078
0.0538858958
0.0103645436
0.0229491964
-0.1934593171
0.0652187467
0.3335015476
-0.2654325068
0.3826403916
-0.1504255533
0.2757663131
-0.3783916831
0.1317586303
0.3845482469
0.1767677069
0.3077785671
-0.1507569700
1.0280112028
0.0025583215
0.4178000391
-0.4738826752
0.0186496899
0.3204076290
0.5525090098
0.6530720592
0.5758638978
0.6568174362
0.0345490575
-0.0714385137
0.2215737849
-0.3180595040
-0.2791479528
0.2411931604
0.5561486483
-0.6012659669
