-0.2474011630
-0.4419025481
-0.1324787140
-0.3052074313
-0.3417373598
0.1216891035
-0.3041811585
-0.2169341743
-0.0819760337
-0.1196366102
-0.1354947239
0.0975497812
-0.0745781809
-0.4164155722
-0.1311865300
-0.0726649910
-0.1418950856
-0.2615130544
0.0463537686
0.0610930920
0.1929426044
0.1934095770
0.2872963846
0.4701264203
0.0756032243
0.4063501060
0.2530799508
-0.1069691926
0.1188807264
0.0114096729
0.2169822603
0.5804840326
0.1583284587
-0.0448102392
-0.0867026746
0.0509076752
-0.1797794104
0.0067516007
0.0273562670
0.1027292833
-0.5716589093
0.1779069453
-0.0354066677
0.3612214327
0.1762437373
-0.0508148298
-0.3370230198
-0.4243417382
-0.4085556567
-0.4641126096
-0.2077286094
-0.2780815363
-0.0702726543
-0.1370944679
0.0320994146
0.0186590739
-0.2332237512
-0.1340129524
-0.0868152380
-0.0177608598
-0.1932240278
-0.3962052763
-0.2825595438
-0.0951722264
-0.3078132272
-0.2368669957
-0.1315527111
0.0925979540
-0.2225889415
-0.1184520051
-0.1327691525
-0.2170542181
0.0219092742
0.2055224925
0.1335896552
-0.0958732590
-0.3391843736
-0.0527237020
0.3907207251
-0.1217032969
0.1860657334
0.2119844407
0.3206059635
0.5091871619
0.5376733541
-0.1125596017
0.3913716972
0.2097617090
0.1692694128
0.3759585023
-0.1042790860
0.3556428552
0.2725175619
0.3174906969
0.1518601030
0.3712114096
-0.0088345613
0.2572829425
0.2637186646
-0.1655519009
-0.1479491442
-0.1293683201
-0.1113264114
-0.2419124395
-0.1162116900
0.0114992000
-0.1930231005
-0.0357720591
-0.3121144772
0.1885065883
0.2381780595
-0.1507712305
0.0964205936
-0.0553940646
-0.0630988404
0.0620244257
-0.0256439820
0.2618286312
-0.5578783751
-0.2702945173
-0.1518001854
0.1355005354
-0.0589598827
-0.0738114566
-0.0797399059
-0.0791183114
-0.3931062520
0.1567779928
0.2502891123
-0.1582364142
0.0613358766
-0.3612890244
-0.0907610729
-0.0092958724
-0.0990791321
0.1246324256
0.0507881306
0.2487033755
0.1894274503
-0.1553404778
-0.0215351433
0.1771246195
0.0822765529
-0.0515057892
-0.1514603049
-0.1020629182
-0.1475097686
-0.0270874295
0.1332783401
-0.0702803507
-0.0655424595
0.1014016718
-0.0243322067
-0.1642502993
-0.0066482937
0.2114425898
0.0274517331
-0.2946957052
0.0714893118
-0.0058378452
0.0130873732
0.1351242065
0.0962387025
0.0420100130
0.1309223920
0.0002743783
-0.0781655982
-0.1541958302
0.0213215221
-0.0064332462
-0.0063367151
-0.0569899306
-0.0804548115
0.0033951441
-0.0577739961
-0.2600882649
0.1875796169
-0.1919485331
-0.2188248485
0.0872220397
-0.1159640476
0.1920844316
-0.0380129181
-0.1293034405
-0.0003175933
-0.0275017414
0.1306897998
-0.1037177667
0.0800408721
0.2721410990
0.2463409305
-0.0575148538
0.2160575241
0.3122106194
0.1914559156
-0.0203159358
0.0795360357
-0.0305683166
-0.0751111582
0.0489360392
-0.1316163838
-0.1982098073
-0.1065385416
-0.1926472634
-0.0739452317
-0.3290021420
-0.1750531346
0.3005803525
-0.2499553114
0.2054879218
-0.0661476403
-0.1150656566
-0.1660649180
-0.0830736905
0.0985987633
0.0972942933
-0.2391103804
-0.1779299378
0.0300267097
-0.5076524615
-0.1644716859
0.0173095595
-0.0304612480
-0.1404273659
0.2134747505
0.0063951006
0.1704979986
0.4030482471
0.1476588398
-0.1714913398
-0.2938091159
0.1281017810
0.2918894589
0.1349349767
-0.0130844628
-0.0452493280
-0.0213212427
-0.1152091324
0.3799436688
-0.0339946821
-0.0570435189
0.0081679560
0.0049922327
-0.0243057050
-0.3046622276
-0.2133101672
-0.0389552414
0.5270306468
0.1166886762
-0.1265213490
-0.0722820237
-0.0910682827
-0.0004554702
-0.0946497172
0.0255981758
0.1410146505
-0.3684684336
0.0908902287
-0.1313505322
0.2034786791
-0.0315889828
-0.1632274836
-0.3872071207
-0.0517445207
-0.2075765282
0.4291554987
0.0491089635
-0.1376490146
0.0173404049
0.1555118561
-0.2552345693
0.0162961222
-0.0791490674
-0.0961286500
-0.2801557779
0.0617318638
0.0013331820
0.1717473716
-0.0757554993
-0.1480817795
-0.3310763836
0.1276009381
-0.0029918121
-0.1536013037
-0.0278683584
0.0307904035
0.1616338193
0.1095762253
0.0858115479
0.1799542755
0.1009897962
0.1412321329
-0.4877978265
-0.2729184926
0.0434522182
-0.3622932434
-0.1655231416
0.1971528530
0.0564738065
-0.0467794351
0.0904605612
0.0142745040
-0.0418518931
0.0221910216
-0.0458697639
-0.1527511477
0.1309255660
0.3350546658
0.0957872570
0.1132351533
-0.1533461660
-0.0909767896
0.0894456208
-0.0238179602
-0.1078723446
0.0591317825
0.0353134423
-0.0534813702
-0.0566588938
0.4375449121
-0.0889517292
-0.1217823029
-0.1561146677
0.0189198349
-0.1941045374
-0.3565288186
-0.1160586178
0.0712827295
0.1143655479
0.1463507414
-0.1709190756
0.0512982421
-0.1637708247
-0.1927312762
-0.3337476552
-0.3109424710
0.1695958376
0.9071851969
0.2165478021
-0.0974002630
-0.2908900678
-0.0294448528
-0.0797570050
-0.0147842076
-0.0231485479
-0.0800193846
-0.0072400239
0.0959426835
0.0040183840
0.0612175092
-0.1169901937
-0.0480119772
-0.0817495510
0.1227789894
-0.2674018443
-0.3654087484
-0.1241252199
0.0680625662
0.2434794009
0.0933498889
-0.2590237260
-0.2306510210
-0.1216582283
-0.4940056205
-0.1594681889
-0.0629206002
0.1600407511
0.2454323024
0.1942257434
0.0822280347
0.2138335556
0.0697123781
-0.2729596794
-0.5623060465
-0.0650401413
0.0776496679
-0.0026422376
-0.0501067340
0.2698292434
-0.1371375769
0.0093528572
0.1925147474
0.1682895720
-0.0034973968
-0.0101283323
-0.0275439303
0.0201388672
-0.1427386552
0.2312489599
-0.1019077003
0.0340384990
0.4943162799
-0.0676914006
-0.1368966401
-0.0612311848
-0.1305661201
0.0116179846
-0.2218798250
-0.0940110013
0.1064372808
0.6260206699
0.1677417904
0.2472376227
-0.0718337819
0.0712086707
0.0265515391
0.1650822312
0.0548402704
0.2013270259
0.3056097031
0.0347196758
0.0285997838
0.0053594708
-0.0379993729
-0.1947853267
-0.1959752887
-0.0927569568
0.1828508228
0.3191916049
0.0464697592
-0.1369242817
0.1553792804
-0.0403763875
0.0103463214
0.0765811130
0.1391646415
-0.0282343812
-0.0317145921
-0.1073069125
0.1766466498
0.0928992331
0.0483473353
-0.1114072427
-0.2193952203
0.0805479586
-0.2203567922
0.0773461536
0.0889801607
-0.1079872474
0.2211878002
-0.0113474373
-0.0465768725
0.2889586091
-0.2183783501
0.0186375473
0.9806072712
-0.0267203487
-0.0198425315
-0.2177178860
0.0012344859
-0.0202039573
-0.1348958015
0.0510992594
-0.0304214582
0.1407758296
0.1303382069
-0.0336991213
0.1579529047
-0.1925874054
0.1103595644
0.1848917902
0.0996175930
0.0468140990
0.0483292677
-0.0464402810
-0.0473205633
0.0831250772
0.0683894232
-0.0435364135
0.0612888485
-0.0075234999
-0.0309052654
0.0539053604
-0.2723240852
0.0963007063
0.0874327794
0.0445936881
-0.1843770593
-0.0392540023
0.1381049305
-0.2978855371
-0.2877876461
0.2070290595
0.1276057810
0.2608636022
0.0947466195
0.0037375980
-0.2125176787
0.0800320730
-0.0506880954
0.2207902372
0.1403003186
0.0802692771
-0.0009314247
0.0517412834
-0.2074607313
0.3906031251
-0.1048247218
-0.1111544371
0.4569580853
-0.1196020395
0.0447381251
-0.1756839752
0.1241654977
0.1542022526
-0.2522332072
-0.0443046391
0.3737782836
0.3271457255
0.0122749833
-0.0748884976
0.0546472669
-0.0619911961
0.1838536114
0.0520760641
-0.0358708203
0.0767045468
0.0387255028
-0.0458852053
-0.0880399048
-0.2006433010
-0.1036066636
0.1619093120
0.0299773384
-0.1145572737
0.2250592262
0.2469815314
-0.1159783602
-0.1229896992
-0.0391832516
-0.1731552929
0.0122102043
0.0524686053
-0.0248092525
0.0059305541
-0.2201148421
-0.1868777275
-0.0231181923
0.0257395841
0.0666088089
-0.1829923093
-0.2628165185
-0.0066314382
0.1434521228
0.2192396075
-0.0962480232
-0.1162041724
-0.0942421257
-0.1976354867
-0.0016462039
0.0493906029
-0.0478924140
-0.0919340923
-0.2363638580
0.1079996452
-0.0203137361
0.3597498834
0.1254233867
0.1167497039
0.0154015971
0.0789739564
0.3349390328
0.2652814388
0.3926673532
0.0298252329
0.1740986109
-0.1798775643
0.0300045125
0.0167212207
0.0987803936
-0.1920823008
-0.0341181867
-0.4737226665
0.0136942156
-0.2193561196
0.1420146525
0.4922339618
0.5183033943
0.5463995337
0.1679595560
0.3284883201
0.4447345436
0.4608851075
0.7438582778
0.4998825490
-0.0530998595
0.0293291770
0.2126292586
0.2058969438
0.3918899298
0.3158768713
0.1307541132
0.2158305049
0.0316428803
-0.1049365848
-0.2565867305
-0.1016982868
-0.1281155348
-0.0177422091
-0.1077003703
-0.0090895565
-0.2267244011
0.0105560124
-0.1631878614
-0.1566775590
0.1573989540
-0.0624677017
-0.3089751899
-0.1283348501
0.0288245901
0.2462968975
0.1313913167
0.1839956790
0.1572736502
-0.2082306594
0.2595509887
-0.0595595315
0.1535199881
0.0026593516
-0.2150280029
-0.0511784144
-0.0824528858
-0.0551254340
-0.0836829320
-0.0409296378
-0.0365297422
-0.0941449404
-0.0668829605
-0.0997321829
-0.0737729669
0.2480579019
0.1360604316
-0.0183087792
0.1655832678
0.1037343070
0.2671059072
0.0551982597
0.1276060492
0.1049355567
-0.1430516243
-0.0229422115
-0.1529887617
-0.1770599335
-0.7018055320
-0.4528186321
-0.1072768047
-0.0794836953
-0.1302483529
0.1966624260
-0.0321005769
0.1460547894
0.0455293544
0.2612499297
0.3819869757
-0.1656568795
-0.0907696411
0.1194996238
0.0559437722
-0.0259975456
0.1567153782
0.0447635651
-0.1387268305
0.1836179495
0.0410872847
0.0940024033
0.1281086653
-0.1451436132
0.0062556863
-0.1061158180
0.2282541394
-0.1414417624
0.0843935162
0.0026766390
0.0486816689
0.0311625712
0.0504145734
-0.0688605532
0.0337884612
-0.1380478889
-0.6594536304
0.0317529142
-0.0598311052
0.0522903539
0.0737142786
-0.0901430175
-0.1577460766
-0.0486772805
0.0181710906
-0.1917634159
0.1255449057
0.0766920820
-0.0691216961
0.0546834357
-0.0728774816
-0.0612194650
-0.1163879335
-0.2187037170
-0.1516574323
-0.0725889578
-0.1629142165
-0.0923713222
-0.1865510941
0.0386302918
-0.0260484628
0.0058087995
-0.1706684977
-0.1341165304
0.1320248693
-0.1491390467
-0.0414405018
0.1578740627
-0.0876816809
-0.1886748224
0.0466816351
-0.2444277704
0.2985965908
-0.0858799443
-0.0207300987
-0.1631371379
-0.1923674196
0.4068667293
-0.0836651549
0.1605107635
0.2129300237
-0.2211659253
0.0361630879
0.0504696593
-0.0210000668
0.1325204819
-0.0740456134
0.0017856099
0.0113461418
0.1632711738
-0.3279692829
-0.0334926508
0.1009389684
0.0489973761
0.1143709123
0.0714065358
0.0436123870
0.1367838234
0.1983910948
0.1144678444
0.0054431609
0.1163527891
0.1193082258
0.0566736087
0.0277622547
-0.0370505750
-0.0194012001
0.0784912631
0.0591912158
0.2104407549
0.1201340482
-0.0596040525
-0.0578679256
-0.1396950483
-0.3165068626
-0.1036643237
0.0405720808
-0.4923871160
0.2802710533
-0.0359459259
-0.1772447526
-0.1722007692
-0.0065319818
-0.1342995167
0.2852776945
0.3186300695
0.3594250083
-0.0010004343
0.0323819406
0.1145517454
0.0754747316
-0.0004127356
-0.1616039276
-0.1895029545
0.1097455174
-0.5528578162
0.0006876680
-0.0004836189
0.1750758737
0.1036431938
-0.0627110600
-0.1104817986
0.1066138819
-0.1032323688
0.1959758401
0.2888675630
-0.0085710334
-0.0105411904
-0.0957234055
-0.0253213048
-0.0309644341
0.1880608797
0.2469629943
-0.1352566928
0.2434739321
0.0704961568
0.2564290762
0.2174540311
0.0438727178
0.0070672482
-0.2008320242
-0.1405509114
-0.0167622808
-0.1236580163
-0.1548541039
-0.1746661663
0.0417008661
-0.0532582477
-0.0460053645
-0.1206679195
0.0420776792
-0.1195901632
0.0436240360
-0.1035993695
0.2368927747
0.0597469211
0.1197940111
-0.0976537913
0.1411427706
0.1265699267
0.5727699995
0.0237066150
-0.0503850952
-0.0056263534
0.0171781871
-0.1454903632
-0.0298571941
0.0153355710
-0.1104045957
-0.5077630281
0.0584203862
0.3154436946
-0.1368326843
-0.0043615312
0.0401376523
0.0754613057
0.0315791629
0.1169552654
0.2129467428
0.0617456958
0.1250735521
0.0684586987
0.0127249416
-0.0454217941
-0.0388570167
0.1497306228
0.1140320748
-0.0511739664
0.1194304898
0.1508222520
0.2621113062
0.0563480183
0.0071097557
0.0723166168
0.1261891127
0.0689684749
-0.0908381566
0.1629513204
0.1005519331
-0.1617840976
-0.0324493982
0.4013352394
0.3518938422
0.0751885250
-0.0789965391
-0.1812843531
0.3515925109
0.2383647412
0.5217851996
-0.0482098833
-0.0618864074
0.3455132842
0.0595442504
0.0047162650
0.0207982678
0.0729033500
0.2285455763
0.4407305121
-0.0312544294
-0.0633692145
-0.0557995588
0.0339142419
-0.3348263204
-0.0753419697
-0.3121384382
0.0469843857
0.0110415453
0.0013484901
0.0544699878
0.2508685887
-0.1192396730
0.3573803902
-0.5557426810
0.5598621964
-0.0129577629
-0.1004021093
-0.0272762887
-0.4688245356
-0.1241995841
-0.2118712217
0.2066979706
-0.8839638829
0.1311268955
0.0929176360
-0.1551742256
-0.1114290282
-0.0497915521
-0.3209801912
-0.0538398065
-0.1058274880
0.2431688309
-0.2679953575
-0.0314193815
-0.0069322977
-0.0082397554
-0.1535473317
0.1809791028
0.0045166118
-0.1440753043
-0.5643543601
-0.0322999805
0.0773076639
-0.0653940961
-0.0446118154
-0.1847062111
-0.0219678022
-0.0993510112
-0.0956745669
0.0028113034
0.0582550913
-0.0107996175
0.3373728693
-0.0209952518
0.1443680823
-0.2435203791
-0.0074408911
0.1045338064
-0.0983000547
-0.1082187593
-0.0269242972
-0.3791862428
0.0379989967
-0.0970782489
0.0289609004
-0.0451314151
-0.2194433957
-0.1540434211
-0.0351859219
-0.1525423825
-0.0720859393
-0.0154354190
0.0113165407
0.0627289191
-0.0171220917
-0.0933848545
-0.2516603172
-0.0492336117
0.0272654388
-0.0822724476
0.0073887282
0.0345041156
0.0465801395
-0.0248610880
-0.0495676436
0.3073594272
0.1071881130
-0.1102300957
-0.1309427172
-0.0362933986
-0.1600068361
0.0164000522
0.1384477466
0.1015055403
0.0292227808
-0.0902151838
-0.0593456142
-0.1187593043
0.0435991772
0.0760133862
0.1149016395
0.0269009601
-0.1316821426
-0.1019413024
-0.1025650427
-0.1301480234
-0.0123712840
0.0967526287
-0.0736264363
-0.0568223447
0.0744038224
0.1178819388
-0.0685968623
0.0153778475
-0.0579847135
-0.0441112444
0.0888292938
-0.0042649508
0.0270528533
0.2033797204
0.0363180265
0.3171158731
-0.0367449634
0.0325488113
0.0236298889
-0.0849075615
-0.0525122881
-0.0385680981
0.0365597382
-0.0171980914
-0.3643907607
-0.0897251219
-0.2030454725
0.0584756508
0.0622110106
-0.1866745353
-0.0875727832
-0.0514444523
0.0750590265
0.1508015692
0.1536767632
0.0231854096
-0.1345391124
0.0171524230
-0.0037566903
0.0011914837
0.1058501378
0.1107176915
0.1118288115
-0.0321695954
0.0122263487
0.0868632793
-0.0204740707
0.0798412710
0.2631521225
-0.0312039368
-0.1129608899
-0.3146486878
0.0966038853
0.0473914184
-0.1174485758
0.1447850764
0.0985396281
0.1557796746
0.0642956719
0.2334828079
0.7861887217
-0.1405238658
-0.0945547074
0.1578617394
-0.1247330084
0.0301669054
-0.0659624413
-0.0315314271
0.0077287783
-0.0451314785
-0.0874562413
0.0422219150
0.0224910565
0.0143438531
0.1271891594
0.0963300318
0.0489409827
-0.1287649423
-0.0827074870
-0.0721198097
-0.0133762611
0.1155546904
0.0410242267
-0.0533850230
-0.0455076136
-0.0917431563
0.1911271363
0.1235326827
0.0525187999
-0.0195490159
-0.0565134101
-0.0773454458
0.0903521031
0.0771076158
-0.0327668823
0.1617659777
-0.2861057520
-0.0809362605
0.0653792322
-0.0623868369
-0.1164052188
0.0048438227
-0.0834301338
-0.0523185357
-0.0026766770
0.4938103557
0.1109381318
-0.0040158690
0.0428046659
-0.0423782170
0.0182935502
-0.0350389667
-0.0067177927
0.0081885355
-0.0932665989
-0.0368594453
0.0183305368
-0.0777768344
0.0093365517
-0.0168696027
0.0103113949
0.0718825683
0.0874606967
1.0337915421
-0.1217154562
0.0099595366
0.0776818618
0.0117518166
0.0271302685
0.0860593915
-0.0341285728
-0.0914207399
0.0964947641
-0.0468549728
0.0313141085
-0.1203931049
-0.0503105782
0.1201843396
0.1059033275
0.0127326977
0.1606535614
-0.0638967752
-0.0531057902
0.0310418941
-0.0076670651
-0.0511460938
0.0618021265
0.0086802924
-0.0137931081
-0.0023754258
0.0367963165
-0.0303411689
0.0082488479
-0.0972426757
0.0008458185
0.0501171574
0.0176295340
0.0023719491
0.0502668694
-0.0256612524
0.0015030153
-0.0146237761
0.0007933055
-0.0929097757
-0.0550970696
-0.0430520140
-0.0556063391
-0.2155151516
-0.1686029881
0.1806380600
-0.0097375931
0.0752182230
0.1052260250
-0.0829649717
0.0048033092
0.0247504171
-0.0443706587
-0.0286367200
0.0359829217
0.0004418567
0.0394059531
0.0598435029
-0.0841931030
-0.1129032150
-0.0175253022
-0.0728899986
0.0121870944
0.0214188043
-0.0091347983
-0.0400060341
0.0412937589
0.0197862536
-0.0203854535
0.0457622223
-0.0067487825
-0.1708907634
0.0500118881
0.0367487632
0.0887453333
-0.0120513653
0.2086473107
0.1042837724
-0.0151270544
-0.1948645264
-0.5700032711
-0.4266105294
0.2695275843
-0.0323196687
0.0616099499
-0.0200915374
0.0531857088
-0.1084007323
-0.0921255276
0.6128845811
-0.1526564956
0.0414228514
-0.0273563769
0.0127553465
0.1066471338
-0.0378846489
-0.0815637410
-0.1537798196
0.5046328902
-0.1927873045
0.0254434720
-0.0719482601
0.0520331375
-0.1083102450
0.1407199204
0.0628134608
-0.0130711561
-0.4241307080
0.2598629296
0.0453499556
0.0282358453
0.0288440753
-0.0379699618
0.0645772964
-0.1111620739
-0.0700547919
0.0209852066
0.1487970054
-0.1860489994
-0.1336528212
-0.0627071038
0.2292222828
0.0504919365
-0.0943342745
0.0375590734
0.1845954061
-0.0068114069
-0.0633628070
-0.1412414163
-0.0374104865
0.0574513823
0.0247598123
0.0709676817
0.0027840175
0.0845815465
-0.1277290732
-0.0618943386
0.0358221680
-0.0631671324
0.0620364770
-0.1758725196
-0.1448472291
-0.0481875874
-0.0509405732
-0.0927299783
-0.0368748419
-0.1806481183
-0.0524105467
-0.1860160828
0.1237819642
0.0940759555
-0.0100883413
-0.0901963040
-0.0687352866
0.0982881933
0.2987847626
0.0590707250
-0.0925510153
-0.0226377286
0.0686192811
-0.0868013501
-0.0628371909
0.0921985060
-0.0147928456
0.1292003691
0.0416519120
-0.2011002153
-0.0478972755
-0.0163201150
-0.1205668524
0.1190970391
-0.0796359330
-0.0759625137
-0.1068281308
0.0438314043
-0.0323436186
-0.0044770855
-0.0080107860
-0.0976759046
-0.2161008716
0.0629961565
0.0335188173
-0.0178720355
-0.0827899352
