-0.0484949648
0.0598902181
0.1421446949
-0.0242638588
0.0859722868
0.1784083396
-0.0127413506
0.3460060954
-0.1857522279
-0.1139683798
0.1856210679
0.3810810149
-0.8008156419
0.2945643365
0.0264356937
-0.0348537154
0.2204704732
0.1640405208
0.1371065825
-0.0838504359
0.0144501515
-0.0907283798
0.2363308668
-0.0429562666
0.0453798398
0.1264754683
0.0535164997
0.0000529360
-0.0950687006
0.0511725284
-0.0530501194
-0.0386745632
0.2646838725
-0.0471198298
-0.0278939456
0.0784388259
0.1618622541
-0.0996232107
-0.0874065682
0.2603556514
-0.0015309402
0.0302572101
-0.0709120482
0.3158771992
0.0166746024
0.0579482391
-0.0576402247
-0.0221741665
-0.0892616212
0.0413861424
0.0280508026
-0.0079886755
0.1125543192
-0.0485273041
0.0156257898
-0.0417984948
0.0121929673
-0.1672777981
-0.0127221709
0.0329383872
0.0851768479
-0.0918688476
0.4339032769
-0.0435159244
0.0296571907
-0.0063566859
-0.1197436750
-0.6537277102
0.0287275631
-0.0795674995
-0.0430168025
0.2530021071
0.3130550981
-0.0512459129
0.0507278554
0.0519629158
-0.0429668352
0.1814945787
-0.0288066193
-0.1962510198
0.0375869274
-0.1377052218
-0.1153119877
1.2653802633
-0.0811322555
-0.1706860662
0.3097943664
-1.0417262316
-0.3171681762
0.2012266964
0.0483999178
-0.0692830011
0.3416717350
-0.0893372819
-0.0229730885
-0.0064049941
0.0461383462
-0.1822086126
0.0138714556
0.0327295549
-0.0125810904
0.0089181578
0.0637894943
-0.0135443583
-0.0010048732
-0.0337358527
0.1140481532
-0.1989097893
0.1044127420
0.0119515825
-0.0443638526
0.0187775027
0.4336664081
-0.2290109843
0.0651501715
0.0918493196
-0.9831113219
0.5246483088
0.0646214336
0.1122203022
0.2284998745
-0.1248765513
-0.2347135395
-0.0208807830
-0.0359320156
0.1533157080
0.0055621169
0.0484837852
-0.1540789306
0.0894077197
-0.1690135449
0.0616530888
-0.1842705309
0.0205641631
0.1327287704
0.3850462139
0.0437927023
-0.3101919591
-0.2503761351
0.1067851409
-0.1348896623
-0.2285974920
0.4011551142
0.4777871370
0.0260701478
-0.0555604994
0.3131411970
-0.0430493802
0.0677456930
-0.1760343611
-0.0287790857
0.0582558922
-0.1587240696
0.0260114633
0.0139945978
-0.0033185179
-0.0199555252
0.3928660750
-0.0579847619
-0.0114429044
0.0069228238
-0.0900687054
-1.4536595345
0.0332113802
-0.0270090457
0.0747014955
-0.2056054324
1.4387285709
0.2431920916
-0.0754728094
-0.0333552659
0.1302341223
-0.2263022959
-0.1574053764
0.0915050507
0.2377782911
-0.2145576030
-0.1573328823
0.0842705220
-0.0544117875
-0.2916058898
0.8391746879
-0.0574883670
-0.0432080030
-0.0949744359
-0.3390085697
-0.4607231915
0.5189225674
-0.0201547779
0.2134445012
0.3534513712
-0.3251990676
-0.2380080968
-0.0118262880
-0.0559635237
0.0181802548
0.0805457160
0.0249566045
0.0416984260
-0.0411888510
-0.0266032815
0.0428847224
-0.1446063519
0.0441372916
0.0511718914
-0.0294293147
0.0651046485
0.3181826174
-0.0380673893
-0.0724933520
0.1183139458
0.4035199583
-0.5781064630
-0.2009144425
0.0576179586
0.1187669486
-0.8146432042
-0.0852794647
0.5181236863
-0.0479201786
-0.1311163604
0.2271368355
0.4056032300
-0.2094278038
0.0064335591
0.0224840119
-0.0634394586
0.0337305143
-0.0489066392
-0.0075925188
0.0597870834
0.0286688786
-0.0917086899
0.0821668133
0.0063634110
0.9329829812
-1.4158024788
0.6302708387
-0.3106068075
0.1302608997
0.0332760587
0.0345999151
-0.1227531731
0.0797962397
-0.0492641442
0.0252437815
-0.0390628837
0.0341852941
-0.0382438302
0.0183446500
-0.0001004120
-0.1606070995
0.4009348154
0.0394825973
0.1705951989
-0.0765177682
0.2100241482
-0.2490393519
-0.3114698529
0.0989604965
0.2519038916
0.2379801571
0.7148053646
0.0213142615
-0.1857281625
0.0329052620
0.0955061615
-0.3813389540
-0.1426239610
0.1831462830
-0.0095430929
-0.0534812398
0.0400685593
0.1490875185
-0.0473315567
0.0364068188
0.0360508375
0.1083573923
0.0649258867
-0.0842945352
-0.0101380032
-0.0756196156
-0.1852798015
-0.0544342324
0.0927360952
-0.1255644858
0.1531475633
0.8579741120
-0.2226001620
0.0797661915
0.0505341664
0.0605882108
0.0058070868
0.0970084444
-0.0254879966
0.0257337335
-0.0880449638
-0.0195047036
-0.0571589731
0.0419842303
-0.0093915546
0.0384728834
0.1120708436
-0.1839142144
0.0159949251
0.0018312548
-0.1681205183
0.0501089096
-0.1303637028
0.1924431473
-0.1380252093
0.4070550799
-0.3146096766
-0.3741547465
0.1330881268
-0.0387222655
0.0603100024
-0.3106646538
0.7189583182
0.0159693211
0.0822768584
-0.1057726890
0.0485227890
0.0369188897
-0.0970767736
-0.0272213276
0.0839663967
-0.1004645154
-0.0524926297
0.0296174120
-0.0033134914
0.0210195240
0.0969984159
0.0405403525
0.1479519904
0.1318698078
-0.1604119688
-0.4117096066
0.1837693304
-0.2493932247
-0.0094590737
0.0208760221
-0.1067069769
0.1369037926
0.0047850120
0.0482444912
-0.0610368811
0.0318662748
0.0045043724
0.0103101525
0.0006301489
-0.0446652547
0.0870220661
-0.0302042160
0.0044269855
0.0175543837
0.0108608324
0.0244183037
0.0160216130
-0.0021622891
0.0297277682
-0.0661681294
0.5458391309
-0.1009539962
-0.0017808458
-0.0223178361
0.1370571107
-0.8595423102
-0.0033804555
0.0418353193
0.0208038688
0.0021399593
0.0462274812
0.0054484722
0.0072725257
-0.0358894058
0.0625527948
-0.1936945319
0.0684412792
-0.0612884313
0.0696730539
0.1134514138
-0.2188172936
0.0458294041
0.0667813122
0.0226560701
-0.2743430436
0.8178499341
-0.0332807042
-0.0992431343
0.1243119091
-0.2022312731
0.8671781421
0.0500533208
0.1030533463
0.0072099236
0.0215960369
-0.0500118732
-0.0607406683
0.1013857573
0.0181832165
-0.0072091459
-0.0078461692
0.0168731660
-0.0042739548
-0.0256773494
0.0689147785
-0.0577840060
-0.0270127766
0.0143200485
0.8573974967
-0.6506353617
-0.0481379814
-0.0134027312
-0.0036137847
-0.0951396748
0.0960697904
-0.0211452879
-0.0189208854
0.0086201420
0.0406683423
-0.0261413921
-0.0091033233
0.0099513168
-0.0051030382
0.0130563304
0.0263625029
-0.1693399251
0.0277711730
-0.1169910058
-0.0955245048
-0.0836100355
0.3144618571
-0.0182581078
0.0883685425
0.0231830999
0.1462132633
-0.1345649362
-0.0079460042
-0.1459905505
0.0077414974
-0.1499360651
0.2059355080
0.0425235182
0.0164995026
0.0157081429
0.0143732689
-0.4035949707
-0.2184566408
0.0713118836
-0.0390359685
0.0342842974
-0.7381299734
0.5151269436
-0.0457595438
0.1279694587
0.1336781979
0.0782013312
-0.4073067605
0.0468421876
-0.0626768991
-0.0618038550
0.3203949928
0.0596502349
-0.0325691849
-0.0721795633
0.1258705407
-0.1816230863
0.0164459534
0.0248251110
0.0020020152
-0.0053264815
0.1086208150
-0.0589953288
0.0079771597
-0.0169931855
0.0179668982
-0.0371569619
0.0300464965
-0.0241167694
0.0119155180
-0.0185213480
0.1453698426
-0.0124851279
0.0260363687
-0.0930516943
0.2363902777
-1.1333539486
0.1462101191
-0.0445183702
0.0350245610
-0.0628823936
0.2521754503
-0.0426417589
0.0114320992
-0.0237138420
0.0335980244
-0.0739256889
0.0155177359
-0.0122901984
-0.1029669940
-0.0146148838
0.0418923534
-0.0682009757
0.0139399869
0.1174195483
-0.0186589099
-0.1724258959
0.1507124603
-0.0078997295
-0.0996044427
-0.1250824183
-0.0363620669
-0.0736267343
-0.2411661893
0.0263506025
0.2082006335
-0.1610799432
0.0500311814
0.3297837377
-0.0309505407
-0.1296859384
0.0033792907
0.5891905427
-0.3820321858
0.1006974131
-0.1126824543
0.0054829894
-0.0292110536
-0.0108120078
-0.3922448754
0.1970360875
0.1224536002
-0.0485736616
0.0857034028
-0.0257076696
0.5340389013
-0.3815963268
0.2118066698
-0.1382175088
0.3717056513
-0.5268440843
0.0207182262
-0.0445023328
0.0076330062
-0.0239469539
0.0364088044
0.0563342497
-0.0528680906
0.0230940487
-0.0715505108
0.1313565969
0.0010239474
-0.0541588739
0.0446563438
0.0198732018
-0.1835054904
-0.2683555186
0.1783055812
-0.0595973544
-0.2018804103
0.1978247166
0.6448839903
-0.1051443741
0.0270759612
0.0220911559
0.0221960433
0.2468847334
-0.1911393404
0.0122853154
0.0214894842
-0.0147613389
-0.1954177916
0.0126708895
0.0032559750
0.0183316097
0.0106249740
-0.1138696447
0.1097270548
-0.0242978781
-0.0064520622
-0.0014888168
0.0817997530
-0.1787875593
-0.0275801942
-0.0177902412
-0.1101046801
0.1411434561
0.0573286042
0.0056613800
-0.0327661037
-0.0203036498
0.9028056264
0.0558569990
-0.0462054536
-0.0317344144
0.0159107149
0.2155500352
0.0136972340
-0.0197192766
-0.0411957018
-0.0697511658
0.0987592936
0.0663647056
-0.0110755293
0.0477570221
0.0637452826
-0.0463452116
0.3225604892
-0.2119924575
0.0560077131
0.0553244129
0.3533448279
0.1590055823
-0.6816933155
-0.0018439055
0.0132277384
-0.1827632189
-0.2062263787
0.0538467206
0.0230734050
-0.0033326433
0.1360829026
-0.0758760870
0.0651932508
0.0526889488
-0.0304474179
-0.1265131980
0.0762947500
-0.0189441051
-0.1479623616
0.1659321338
0.3603729904
-0.1238022894
0.0317099243
0.0354942568
-0.4243441820
-0.4965124726
0.3600376844
0.0727666393
0.2347001731
0.6067146659
-0.2248975486
-0.4334382713
-0.1500017494
-0.1137296930
-0.2736432850
0.3687574863
0.2761151195
-0.0390800089
0.0726071149
-0.0302578490
0.0240152553
-0.0469350591
0.0281642415
0.0730223283
0.0225189701
-0.1715565324
0.0445488244
-0.0712897032
0.0093490481
0.0424365886
1.0568678379
-0.4303109050
0.1046767682
-0.0508765057
0.1875948310
-0.7326533198
0.4130687416
-0.0807965025
-0.0813444778
0.1565759480
0.1127035022
-0.0413591489
-0.0602760985
0.0058667636
0.2944393754
0.1043072864
-0.3537687957
-0.0030463510
-0.0515769236
-0.4301407337
-0.6077100635
0.3343044817
0.0521293432
-0.0356501602
0.1410203576
0.8112379313
-0.1916671544
0.1065327898
0.0719881058
-0.0315624252
-0.3822341561
0.0311752241
0.0005471641
0.0062318002
0.0574866794
0.1465943158
-0.0221201815
0.0089878347
-0.0425767154
0.0039537991
0.0567033142
0.0766022652
0.2088926733
0.2050919682
0.1396790296
0.1588150561
-0.4734258056
-0.0537038147
-0.0829445720
0.1171423420
-0.0834158584
0.4859102070
-0.1839629412
-0.0448788144
0.1301208735
-0.0983751491
-0.0270721298
0.0820778832
-0.0472770035
0.0517658181
0.2421936393
-0.0098668011
-0.0466584787
-0.0685797855
0.0781356618
0.8719820976
0.1118875742
-0.0251769070
0.0120391799
-0.0073546013
-0.1600204706
0.0064177909
-0.0110205552
0.0083321910
-0.0365611985
0.0185236186
-0.0515499823
-0.0495636314
-0.0252969693
0.0000340723
-0.0322824232
-0.0835326463
0.0928829461
0.0009127317
0.0289248526
-0.0052773892
0.0252912566
-0.0318851992
0.0135543449
-0.0576830171
0.4578739107
0.0328422152
-0.0276931580
0.0043034446
-0.0891256183
0.0151401544
-0.2036986798
-0.0122435577
0.1615319401
0.0168511253
0.0694759116
0.1989323944
0.1509721279
-0.1398811191
0.3016918898
0.5059381723
-0.1174478605
-0.0336132459
0.0200725030
-0.0819805190
-0.0393278860
-0.0136066973
-0.0363995507
-0.0586957745
0.1354115009
0.0676802844
-0.2544412017
-0.0113010714
0.0760333687
-0.2104422599
0.3730553985
-0.3515900970
0.3046045601
-0.1776706576
0.5991517901
-0.5512750745
-0.3421405852
0.3365348577
-0.1568101048
0.3365706503
-0.4365007579
0.4789111912
-0.1181467474
0.1016576290
-0.1060734391
-0.1614795923
0.1294040531
0.0470744856
-0.0000160473
0.0183118116
0.0051018270
0.0085862195
0.0197673775
0.0055288910
-0.0612909310
0.0805318058
0.0116593782
-0.1148833036
-0.0974414349
0.3056636751
-0.6119995117
1.3501452208
-0.9001201391
0.0183353014
-0.1038968563
0.0883836076
0.0382334590
-0.0922787338
-0.0026506239
0.0413317718
-0.0006478446
-0.0004283969
0.0159232505
-0.0213963017
-0.1845857799
0.1985214800
0.0853252783
-0.0186243635
0.0664405674
-0.0815397725
0.1881248802
-0.4204019308
0.0479714759
-0.0903728753
0.0389906168
0.0064143236
0.0341205746
0.0902260914
-0.0719560459
-0.0233645737
0.1199324802
-0.0687770620
-0.0528175011
-0.0985103473
0.2065322995
-0.1175811365
-0.0529094748
0.0658707991
-0.1839827299
0.0135007398
-0.1072285920
-0.0435915925
0.0312340073
-0.1621928960
-0.1507188976
0.3003383875
0.0149930511
-0.0692808703
0.0206541438
0.1817408502
0.2285621464
-0.1495906264
0.0969794914
-0.0636551157
-0.0187940691
-0.2243467569
0.1130775288
-0.1381576806
-0.0098507376
0.0555689000
0.1410486400
-0.0525287762
0.0571161360
-0.0113318972
-0.0386118144
0.0858822465
-0.0463169478
0.0006978028
-0.0609592088
0.1427228004
-0.3897954524
0.1294785291
-0.0840892121
0.1232567877
-0.2564220130
1.8494844437
-0.5057387352
0.1577855349
-0.1107718796
0.1637175828
-0.6557846069
-0.1877114028
-0.0520062894
-0.0142517062
-0.0352520347
0.0075560398
-0.1197247952
-0.0028611908
-0.0515643992
-0.0490241237
-0.6401595473
-0.2377563864
0.0407935902
0.0459489077
0.0673711821
1.0535173416
0.0536731556
0.0323107205
0.0134467687
-0.0218196679
-0.4863779545
0.0873226672
-0.0831712037
0.0413597077
-0.0027690113
0.3104301691
-0.0526979230
0.0711046010
-0.0282901041
-0.0185561292
-0.1167148054
-0.0132669928
0.0062625087
0.0630959123
-0.0276561156
0.0658729225
-0.0217923261
-0.0029379705
0.0053626853
0.0068559372
-0.0888449103
0.0325867087
0.0078781601
0.0111606009
0.1027119532
-0.7563598752
-0.3507223725
0.2963968515
-0.0971560255
0.0140397791
0.1959980279
0.0788706690
0.0488091409
0.0427213758
0.0444177724
0.0210047662
0.0049667652
-0.0014099346
0.1402582377
0.0453847684
-0.2622531950
-0.0059060301
0.0673539490
0.1772406101
-0.4833105206
0.6811967492
-0.0201704670
-0.0486614369
-0.1875032485
0.5777347088
-0.3305255771
-0.0086322855
0.0048470297
0.0610665232
-0.0263650324
0.1187584102
0.1111527532
0.0617844462
-0.0825239941
0.1595234573
-0.0338485166
-0.0248515680
-0.0731218755
0.0127760880
-0.0253415350
0.0321530886
-0.0202502869
0.0051772301
0.0679500028
0.0345992930
-0.1106479764
0.0396468081
-0.0112235313
1.0556105375
-1.3350030184
0.4084680080
-0.1917301416
0.0716268197
-0.0124380151
0.0833167806
-0.1257405728
0.0548605658
-0.0137012852
0.0440740995
-0.0422491208
0.0323708244
-0.0346810259
0.0079368809
-0.1299961954
0.1140567958
0.0106959771
-0.0979153365
0.0938734487
0.1091402173
-0.0708265528
0.2861725986
0.0627294406
-0.0463479534
-0.2801303267
0.4065441191
-0.7240787745
-0.3072019219
0.3141932786
0.1100172102
-0.0875778645
0.2639471889
0.2307776213
-0.1127929986
-0.0696613863
0.1303979158
0.2338508815
-0.0807947144
0.0269892514
-0.0276479423
0.1457940936
0.0621926114
-0.0115869474
0.0946783796
0.0548078343
0.0791568384
-0.0418381803
0.0382442325
-0.1142074913
-0.0248342920
-0.1556764990
0.4937274158
0.2487434298
0.1199752316
0.0482214838
0.1190080047
-0.0853889212
0.0286246873
-0.0640694872
-0.0636482462
0.0441405326
0.4630186558
-0.0560021661
-0.0207373295
-0.0387728624
0.0441240855
-0.0067013931
0.0330203958
-0.0096684797
0.0090885814
0.0237934478
0.0960748568
-0.0175747368
0.0277777985
-0.0141587909
0.1093267798
-0.0345438346
0.1007663682
0.0249475949
-0.0935798883
0.1155817434
0.2362330556
0.0584092587
0.0454082526
0.3107834458
-1.0625865459
0.0815268233
-0.0925233215
0.0094128177
0.0541545711
0.0877700150
0.0829539895
0.1255554557
-0.0310268011
0.0223195981
-0.1449929029
0.1446165890
0.2366881371
0.0864822790
-0.0419491045
-0.1594654620
-0.4785521030
0.0556825697
0.1554258764
0.0083256895
0.2624402940
0.0101270135
0.0757182464
0.1454680562
-0.0316191092
-0.0232424587
0.0088796662
-0.0132028544
-0.0531022213
0.0150009282
0.0744166374
-0.2095177621
-0.0130506121
-0.0244341027
0.1092807502
-0.2895447910
0.3649677336
-0.0478496850
0.0530731715
-0.0004966080
0.1823566109
1.7770701647
-0.0389926322
-0.0042162770
-0.0146736568
-0.0467984490
-0.3137685359
-0.0967038572
0.0675554797
0.0353820771
-0.0069659231
0.0578129999
0.1231701076
-0.0480925292
0.0989835709
-0.1367253512
-0.0161561705
-0.0161047019
0.0185892619
0.0058915573
0.2490726560
-0.4268389940
0.2856414020
-0.0794274211
-0.2038916349
0.4574775994
-0.3163805604
-0.3368137479
0.2935909033
-0.0296925064
-0.1548022032
0.7810536623
-0.5337461233
0.0175450798
0.0268111005
-0.2192349285
0.0938036442
0.2675977051
-0.1464316845
0.0047976947
-0.0432920828
0.0419877879
-0.0408795439
0.0429160744
-0.0168971177
0.0588193163
-0.1380197406
0.0444584340
0.0164147038
0.0989469290
-0.2076807916
0.4714371562
-1.5322713852
1.2125436068
-0.0088753784
0.0525572263
-0.1535247564
0.1186794937
0.0409326293
0.0056813019
-0.0427494235
0.0635982379
-0.0614074916
0.0141818151
-0.0218467545
0.0146179041
0.1792546511
-0.0819618106
-0.0557575971
0.1073977426
-0.1673151404
-0.3328785598
0.1151242182
0.0699930266
-0.2073901147
-0.3593649864
0.6618954539
0.0802981630
-0.0230891034
-0.0692433566
0.7336575389
0.0176508427
-0.5347700119
0.0345519856
0.1239861622
-0.1900833845
-0.3529046774
0.2013299614
0.0314053074
0.0358411595
0.0327030458
-0.0515983403
0.0857981443
0.0019583958
0.0362615362
-0.0785969570
0.1387595534
-0.0975391790
0.0596853867
-0.0896472037
0.0646090806
-1.2363425493
0.2677487731
0.0288041010
0.0292078964
0.1048600450
0.1596077085
0.2215288281
0.1753748506
0.0536123738
-0.0356846079
0.0913086832
-0.0114867361
0.0799448192
-0.0737838745
-0.1081520021
0.1243222132
0.2007753253
-0.1300809532
0.0875489265
0.3152105510
-0.1316796094
-0.3130169511
0.1520342082
0.1465363950
-0.4456712902
0.1481726319
0.2395948768
-0.0635304525
-0.1045044139
0.3033474982
-0.0874420032
-0.2914022207
0.0282071605
0.0888370126
-0.3215397596
0.1081333831
0.1275669336
0.0656291321
0.0507951379
0.0426512547
0.0839158893
-0.0963334292
-0.0330499150
0.1874503493
-0.1316722333
0.2337555587
0.2840603590
-0.0411110111
0.0357313305
0.4255725443
-0.5567147136
0.0198459085
-0.0798074752
0.0252199378
-0.0191755462
0.2370086312
-0.0387044102
0.0390112251
-0.0113561517
0.1702598482
0.0508311950
0.0925503895
-0.0669352338
0.0206338484
-0.0142926136
0.0097059654
-0.0723221675
0.0575382821
-0.0061401669
0.0056976588
-0.0768567473
0.1254295558
-0.2047426105
-0.0209656172
-0.0396900959
-0.0626267120
-0.9933649302
1.5303027630
0.0049966765
-0.0136062307
-0.0421713442
0.1079158932
-0.1325753480
0.0081482772
-0.0075442716
-0.0105180461
-0.0625484511
0.0317535587
-0.0875299275
0.0716200471
0.4212038815
-0.0998145267
-0.0706408173
0.2330157757
-0.0919098631
-0.2703559995
0.6330804825
-0.1239151210
-0.1122140288
0.1697684377
0.7737156153
-0.3709776700
0.1639807224
0.0407784730
0.0255122315
0.1464607567
-0.0414215252
-0.0476424061
-0.0497577004
0.0079789609
-0.0138056502
0.0281107947
-0.0076680179
0.0189942271
0.2613107860
-0.0371636264
-0.2022029907
-0.0212580170
0.1783741266
-0.1449611187
-0.6892008185
0.1195229739
0.2233974934
-0.0403770320
-0.4886762202
-0.0888614282
0.5931059718
0.0147275664
0.0191713795
-0.0245214161
0.4392980933
0.2381044030
-0.2188816667
0.0127315316
-0.0226133596
0.0782862157
-0.1479269862
-0.0709031075
-0.0369929411
0.1251415014
-0.0375498347
-0.0973332450
0.0593062639
-0.0292003080
-0.0752070993
0.2142936587
-0.5025315881
0.2083957344
0.1326688826
-0.1616388857
0.6218447089
-0.1766506881
-0.3898800015
-0.0097262366
-0.1237115487
-0.1385417283
0.6672133803
-0.2528035939
-0.0018202325
-0.0230288114
-0.1323900968
0.0858616903
0.0754012167
0.0476613678
-0.0882925093
0.2472155541
-0.0774694607
0.1141164079
-0.2414467186
0.3583086133
-0.2775803506
0.1070188284
-0.1002269089
0.0548042469
-0.2408609092
0.6089279056
-0.3007588983
0.2085818946
0.0508424938
-0.0386423580
-0.1523571461
0.2854190171
-0.1795156896
0.0047747688
0.0635817647
0.2540596426
-0.2972640395
0.0768490955
