-0.0485005081
0.0599031523
0.1420362145
-0.0243993253
0.0858825818
0.1785347760
-0.0126154656
0.3460385203
-0.1857481152
-0.1139148101
0.1856397390
0.3811218739
-0.8008560538
0.2944987714
0.0263940301
-0.0349946991
0.2203363925
0.1638290435
0.1368614584
-0.0840658844
0.0141599737
-0.0910065994
0.2359740883
-0.0433523022
0.0450090244
0.1279374063
0.0552719943
0.0015073339
-0.0931223631
0.0527697504
-0.0515584461
-0.0368789770
0.2662813962
-0.0451800227
-0.0264258049
0.0789606124
0.1626468152
-0.0989926830
-0.0865213871
0.2608609498
-0.0023384579
0.0299831219
-0.0715101659
0.3155604303
0.0157415047
0.0581275746
-0.0570600368
-0.0220802017
-0.0887722299
0.0413254276
0.0268520676
-0.0092097130
0.1113712266
-0.0499384627
0.0140855862
-0.0431211442
0.0108230514
-0.1686199605
-0.0142734572
0.0312894769
0.0840688273
-0.0930761918
0.4327074587
-0.0449454412
0.0281636752
-0.0051838569
-0.1187428683
-0.6527817845
0.0292055476
-0.0791325197
-0.0404417478
0.2555226088
0.3156143129
-0.0491796210
0.0527756512
0.0515761077
-0.0433021560
0.1814053655
-0.0297554005
-0.1977676451
0.0373166129
-0.1380023062
-0.1154520437
1.2643806934
-0.0826334432
-0.1708815396
0.3096071482
-1.0417492390
-0.3180597723
0.1997984499
0.0489137694
-0.0688183308
0.3422340751
-0.0898555219
-0.0241316594
-0.0057986486
0.0466356054
-0.1815751940
0.0133550214
0.0316727906
-0.0127914762
0.0087632732
0.0634423047
-0.0141152861
-0.0021722475
-0.0342311449
0.1135622859
-0.1995309144
0.1036137491
0.0106152929
-0.0445488691
0.0185066182
0.4333783686
-0.2294720262
0.0641972572
0.0929817036
-0.9821151495
0.5257326365
0.0655338541
0.1124915183
0.2293906808
-0.1241332144
-0.2340665758
-0.0203939062
-0.0360887572
0.1527059674
0.0047873766
0.0476274341
-0.1542161554
0.0885551870
-0.1692694873
0.0611769259
-0.1848766506
0.0206419826
0.1320567280
0.3847932518
0.0433814898
-0.3106733263
-0.2501371205
0.1061485037
-0.1361649781
-0.2300181389
0.3996188641
0.4768466353
0.0242469776
-0.0571095608
0.3115572035
-0.0446903557
0.0666258782
-0.1778887510
-0.0285081584
0.0582334250
-0.1580093205
0.0273965821
0.0165258385
-0.0036653376
-0.0205605496
0.3930985928
-0.0570570342
-0.0092460141
0.0062201908
-0.0909581631
-1.4537492990
0.0338874832
-0.0250145774
0.0734838024
-0.2069710344
1.4379612207
0.2434853613
-0.0736768246
-0.0354161635
0.1279356182
-0.2280754745
-0.1582081914
0.0927027315
0.2385213375
-0.2138971686
-0.1565442532
0.0851937905
-0.0533587337
-0.2909457386
0.8397322297
-0.0567674451
-0.0423278511
-0.0939548463
-0.3383369744
-0.4601317048
0.5196281672
-0.0193303153
0.2143907994
0.3528993130
-0.3257974684
-0.2384780347
-0.0121651562
-0.0561074167
0.0173585899
0.0796767697
0.0242333040
0.0411060378
-0.0416193679
-0.0273392871
0.0423737057
-0.1447528899
0.0435185321
0.0508673862
-0.0298521295
0.0648803636
0.3182306588
-0.0385054313
-0.0726870894
0.1181599572
0.4035793245
-0.5778084397
-0.2009812593
0.0577128232
0.1196806654
-0.8136366010
-0.0839929283
0.5192792416
-0.0466802046
-0.1315928251
0.2268795967
0.4058054686
-0.2095363736
0.0064684395
0.0234222114
-0.0626731068
0.0344308987
-0.0491597094
-0.0086423187
0.0607405081
0.0294967964
-0.0909633338
0.0819369555
0.0053439564
0.9338646531
-1.4150425196
0.6309673190
-0.3109371662
0.1291573048
0.0340452567
0.0352320857
-0.1221724227
0.0793298483
-0.0504894294
0.0260397326
-0.0384128280
0.0347731635
-0.0386508256
0.0171164609
-0.0001344390
-0.1606931537
0.4010111690
0.0395938307
0.1706869602
-0.0767503530
0.2097624391
-0.2491576523
-0.3115460873
0.0988638103
0.2518428862
0.2378605008
0.7148213983
0.0213643555
-0.1856704056
0.0330077223
0.0955724493
-0.3811500072
-0.1423866600
0.1833916008
-0.0094577996
-0.0534183085
0.0402524397
0.1493203938
-0.0471037365
0.0363242067
0.0361216627
0.1084693819
0.0644320697
-0.0843569264
-0.0102275060
-0.0755559728
-0.1851911396
-0.0549177043
0.0926448181
-0.1256147772
0.1532795876
0.8581131101
-0.2230118811
0.0797198936
0.0510965027
0.0612509511
0.0064972383
0.0971375555
-0.0249704365
0.0259459987
-0.0877093822
-0.0191256441
-0.0573999472
0.0421602502
-0.0099376924
0.0379545838
0.1111517325
-0.1855447143
0.0154195307
0.0012701385
-0.1687248796
0.0491936579
-0.1319552213
0.1920531243
-0.1384711564
0.4065218270
-0.3154148757
-0.3756844997
0.1329250634
-0.0394549184
0.0594365112
-0.3116959631
0.7173012495
0.0154631408
0.0842196196
-0.1039978266
0.0500725098
0.0371578969
-0.0949722454
-0.0258115251
0.0852938369
-0.0992703810
-0.0521611832
0.0295607913
-0.0018407716
0.0223848186
0.0982673094
0.0409296639
0.1479927301
0.1332274824
-0.1591895968
-0.4105567336
0.1840259731
-0.2494809777
-0.0084667420
0.0217611268
-0.1058704853
0.1367750466
0.0042901300
0.0497730784
-0.0596120469
0.0332458429
0.0050738668
0.0105129294
0.0015697561
-0.0436708070
0.0883754417
-0.0300092399
0.0048469566
0.0186538436
0.0119836535
0.0258206148
0.0164286494
-0.0015216150
0.0313324258
-0.0644996911
0.5477063656
-0.0998514965
-0.0005408737
-0.0218573492
0.1374669075
-0.8586871028
-0.0040990640
0.0414080285
0.0190616902
0.0004708859
0.0452325307
0.0028023238
0.0048145643
-0.0361063406
0.0622900687
-0.1938706338
0.0683108270
-0.0613038428
0.0693312287
0.1130864099
-0.2191245705
0.0455812477
0.0666331127
0.0224818550
-0.2745511234
0.8176935315
-0.0333817676
-0.0992502943
0.1244054064
-0.2021782696
0.8672878146
0.0502189621
0.1033162996
0.0072771716
0.0216403119
-0.0499018468
-0.0605726913
0.1016556844
0.0185304210
-0.0073433458
-0.0075711124
0.0159842744
-0.0035268045
-0.0252352171
0.0688879639
-0.0574734770
-0.0278454013
0.0150856143
0.8575788140
-0.6508957744
-0.0481268018
-0.0143964132
-0.0030326799
-0.0951527357
0.0955294594
-0.0212754216
-0.0200726725
0.0090216147
0.0407348536
-0.0266487710
-0.0091245547
0.0088467132
-0.0045523648
0.0160168856
0.0293197148
-0.1664886624
0.0308144055
-0.1140629053
-0.0925230458
-0.0806217492
0.3173758090
-0.0151975267
0.0913173184
0.0260902829
0.1491070539
-0.1317581981
-0.0049601002
-0.1430905610
0.0106309550
-0.1470438838
0.2087180614
0.0455139987
0.0193180945
0.0166191254
0.0151258586
-0.4032014012
-0.2170489132
0.0724764615
-0.0389063433
0.0341373086
-0.7382708788
0.5148059130
-0.0468213782
0.1280976981
0.1336887479
0.0782399997
-0.4075595438
0.0458468236
-0.0629539192
-0.0621914379
0.3201912642
0.0590146929
-0.0339453556
-0.0706244037
0.1273113489
-0.1800439358
0.0177050605
0.0252425428
0.0027685326
-0.0045841467
0.1094939113
-0.0584638454
0.0074857157
-0.0174133349
0.0180599354
-0.0377841741
0.0313534252
-0.0240977816
0.0115877548
-0.0182191171
0.1450804472
-0.0110659786
0.0260419529
-0.0951506421
0.2346809357
-1.1354138851
0.1456444561
-0.0462816246
0.0358160660
-0.0617098138
0.2528330684
-0.0405187011
0.0124391783
-0.0232242122
0.0345427543
-0.0737306774
0.0175196920
-0.0117354412
-0.1023682728
-0.0141731612
0.0428796075
-0.0663585439
0.0152461687
0.1181647703
-0.0179992486
-0.1711813956
0.1526481062
-0.0066026966
-0.0994220003
-0.1250412613
-0.0356993563
-0.0722052827
-0.2404794395
0.0252616759
0.2069710493
-0.1618175656
0.0500533879
0.3290203214
-0.0316017680
-0.1305212677
0.0029800315
0.5896153450
-0.3822286129
0.0999626443
-0.1131470203
0.0052328445
-0.0302515682
-0.0095029185
-0.3927841187
0.1967766732
0.1223431230
-0.0494124480
0.0871086270
-0.0264308155
0.5336045027
-0.3819749653
0.2108590752
-0.1370188892
0.3722959757
-0.5262300372
0.0215238482
-0.0441963673
0.0096858991
-0.0233591199
0.0370509028
0.0573391542
-0.0524293445
0.0252541825
-0.0716468319
0.1313500404
0.0010079719
-0.0545913279
0.0447940789
0.0197592825
-0.1835276932
-0.2684452236
0.1778395623
-0.0595425144
-0.2018367946
0.1979374290
0.6449200511
-0.1054400280
0.0272404365
0.0226208679
0.0227360018
0.2474022210
-0.1909624934
0.0129237184
0.0210646447
-0.0150994770
-0.1957542300
0.0119464165
0.0030244465
0.0172241088
0.0093951877
-0.1153643355
0.1086777523
-0.0250687599
-0.0075157085
-0.0026488914
0.0803850219
-0.1797492802
-0.0282539800
-0.0190627668
-0.1115005389
0.1394952983
0.0560948886
0.0047398196
-0.0335029103
-0.0211214721
0.9016970992
0.0552298501
-0.0464399010
-0.0306808110
0.0167866927
0.2160742432
0.0147728482
-0.0182151292
-0.0410331786
-0.0695233867
0.0989368111
0.0662066936
-0.0111159142
0.0477738865
0.0638354272
-0.0462822132
0.3223465383
-0.2120830417
0.0556962676
0.0550826490
0.3531101346
0.1585552841
-0.6820563674
-0.0023663987
0.0128019974
-0.1831767708
-0.2068506181
0.0531972088
0.0227461904
-0.0035288888
0.1359079331
-0.0763108730
0.0647242516
0.0521841906
-0.0308458451
-0.1271954030
0.0768835917
-0.0198413804
-0.1484007537
0.1656543463
0.3598393202
-0.1230761856
0.0309341885
0.0349462442
-0.4246794283
-0.4969156682
0.3607978225
0.0718930513
0.2362190932
0.6081953645
-0.2234015763
-0.4313193262
-0.1486690044
-0.1126422286
-0.2726309896
0.3696183860
0.2778299153
-0.0383033566
0.0726426691
-0.0302567706
0.0241476558
-0.0469130576
0.0282759294
0.0729038045
0.0223822184
-0.1715884209
0.0444154628
-0.0713362023
0.0094191916
0.0424731188
1.0569950342
-0.4302831888
0.1048117653
-0.0508556888
0.1876039505
-0.7325523496
0.4130720198
-0.0806980357
-0.0812298506
0.1566751599
0.1129005328
-0.0412625223
-0.0600740686
0.0069680936
0.2955114543
0.1057555974
-0.3524524570
-0.0024109923
-0.0508951508
-0.4294383526
-0.6065203547
0.3353839815
0.0524318740
-0.0353435576
0.1413017213
0.8121228218
-0.1909875721
0.1063844711
0.0728960857
-0.0306668766
-0.3809707761
0.0323899128
0.0010083372
0.0041127354
0.0555173159
0.1448920667
-0.0238551591
0.0066235648
-0.0438346155
0.0031218040
0.0556478314
0.0748510435
0.2074817568
0.2042362094
0.1392402798
0.1581973583
-0.4747566283
-0.0547319353
-0.0843211561
0.1162107736
-0.0845344216
0.4842651188
-0.1853460968
-0.0438915826
0.1313401461
-0.0972941443
-0.0270171333
0.0826523006
-0.0458581969
0.0533742346
0.2437562943
-0.0092425728
-0.0454892293
-0.0681942552
0.0786456168
0.8721015453
0.1128968373
-0.0243716799
0.0121885240
-0.0071415077
-0.1601895988
0.0070653320
-0.0105540697
0.0090696812
-0.0357294716
0.0189653169
-0.0503166467
-0.0484430343
-0.0257156640
-0.0002649886
-0.0328960195
-0.0834800079
0.0927671343
0.0022479245
0.0302283652
-0.0043104282
0.0269427318
-0.0302789081
0.0133682126
-0.0579356626
0.4577741325
0.0327491127
-0.0276416335
0.0039178003
-0.0895458758
0.0148480888
-0.2039662451
-0.0123827355
0.1613718271
0.0166331828
0.0693901852
0.1988578439
0.1510177255
-0.1396626681
0.3018616438
0.5062296987
-0.1171176881
-0.0331517421
0.0199840851
-0.0820791498
-0.0393014848
-0.0135420430
-0.0362228975
-0.0586802438
0.1354909390
0.0677312911
-0.2526720762
-0.0103528667
0.0758905858
-0.2105573863
0.3729664683
-0.3499995172
0.3054470122
-0.1776440442
0.5992481709
-0.5511288047
-0.3403437436
0.3377888799
-0.1583782583
0.3351113796
-0.4379419684
0.4791345000
-0.1189832613
0.1008191928
-0.1068037674
-0.1620854437
0.1307559907
0.0472039282
0.0006374461
0.0187244248
0.0055831214
0.0078690471
0.0183154047
0.0062685590
-0.0608425327
0.0810268372
0.0109863756
-0.1162447184
-0.0965477079
0.3062835634
-0.6113663316
1.3496470451
-0.9013131261
0.0188722778
-0.1036861166
0.0886380151
0.0373343974
-0.0938039124
-0.0018480184
0.0418289937
-0.0000989906
-0.0010585407
0.0145541485
-0.0190832000
-0.1824085861
0.2007570714
0.0861360729
-0.0183323678
0.0687903911
-0.0793349594
0.1904143244
-0.4195646644
0.0483247489
-0.0880388245
0.0412016809
0.0087309014
0.0349856839
0.0905993357
-0.0701019987
-0.0216331836
0.1217815802
-0.0687896162
-0.0533883423
-0.0963548645
0.2085713148
-0.1154340357
-0.0522806160
0.0659294799
-0.1835235506
0.0140197324
-0.1066435948
-0.0431263931
0.0315180235
-0.1618147045
-0.1503081024
0.3008106649
0.0153183686
-0.0691235289
0.0211003311
0.1822112352
0.2290878296
-0.1491878480
0.0972850025
-0.0642086491
-0.0192453936
-0.2247274816
0.1125411987
-0.1388836056
-0.0097807329
0.0556589216
0.1412080824
-0.0524997413
0.0570245646
-0.0110710077
-0.0384036936
0.0855251402
-0.0462865792
0.0015636431
-0.0606366508
0.1430868357
-0.3899201751
0.1296643764
-0.0831987411
0.1229790747
-0.2566697598
1.8487852812
-0.5062641501
0.1578666419
-0.1108645275
0.1635756344
-0.6564888358
-0.1882146001
-0.0518186055
-0.0140335336
-0.0351415351
0.0069777835
-0.1199533865
-0.0022852723
-0.0530719385
-0.0504424907
-0.6417441964
-0.2392332703
0.0398914255
0.0444436111
0.0659456104
1.0519599915
0.0521802306
0.0313626938
0.0119034117
-0.0232289210
-0.4879229963
0.0858544558
-0.0840754062
0.0404860526
-0.0034684062
0.3096409440
-0.0534444824
0.0709526911
-0.0283397902
-0.0185603779
-0.1168171018
-0.0132811666
0.0069172969
0.0635752380
-0.0270211026
0.0667049587
-0.0216892995
-0.0025267750
0.0056221676
0.0073030982
-0.0882064477
0.0324974544
0.0080557130
0.0115122506
0.1031905860
-0.7556672692
-0.3507497609
0.2966246009
-0.0960879102
0.0152161755
0.1973310709
0.0797030479
0.0498784110
0.0424643755
0.0443681888
0.0211161375
0.0043966137
-0.0017427205
0.1405697763
0.0458451398
-0.2620047629
-0.0055539194
0.0676646903
0.1778136939
-0.4826394320
0.6817035675
-0.0195984356
-0.0481367260
-0.1872947216
0.5780775547
-0.3303304315
-0.0083531654
0.0051019364
0.0604753718
-0.0267941188
0.1181927323
0.1106415540
0.0611996800
-0.0822310895
0.1598941982
-0.0336280838
-0.0245629083
-0.0728306249
0.0120113799
-0.0257722177
0.0318741016
-0.0191891491
0.0051371660
0.0672178939
0.0341866650
-0.1108739302
0.0407100581
-0.0112375906
1.0548831224
-1.3354493380
0.4082593322
-0.1907152236
0.0715672746
-0.0133207990
0.0827905461
-0.1260971278
0.0557678454
-0.0139026027
0.0432980470
-0.0426102765
0.0321627557
-0.0335765332
0.0078816386
-0.1299069822
0.1142478064
0.0106998943
-0.0983588472
0.0937346891
0.1094320342
-0.0704674497
0.2863579988
0.0624841824
-0.0462945439
-0.2799870372
0.4067730904
-0.7240346670
-0.3075577319
0.3141176999
0.1099403426
-0.0875843689
0.2637859881
0.2301853150
-0.1131190509
-0.0697703958
0.1303519309
0.2336563170
-0.0814492106
0.0266358368
-0.0276375525
0.1456653178
0.0621802472
-0.0111062257
0.0948458314
0.0545493737
0.0787932426
-0.0420947261
0.0384546667
-0.1142977402
-0.0249191597
-0.1559183002
0.4935956299
0.2490499467
0.1200399920
0.0477942377
0.1185106039
-0.0857959092
0.0286685489
-0.0643228292
-0.0637521222
0.0439371988
0.4628872275
-0.0556242652
-0.0206651855
-0.0391147248
0.0436948799
-0.0068796002
0.0334705636
-0.0099236034
0.0087183705
0.0233006254
0.0958033279
-0.0172245447
0.0274612494
-0.0143106319
0.1091271341
-0.0344813094
0.1013959572
0.0249106903
-0.0941430181
0.1151156202
0.2360125482
0.0587083399
0.0449401028
0.3106185198
-1.0626357794
0.0816835165
-0.0918724760
0.0093070418
0.0542201512
0.0877993181
0.0829389766
0.1254692823
-0.0310843885
0.0224817954
-0.1448820680
0.1446925402
0.2366972119
0.0865439922
-0.0417724922
-0.1593233049
-0.4784406722
0.0557314418
0.1555052996
0.0082704807
0.2623486519
0.0100139352
0.0755486637
0.1453464180
-0.0318119153
-0.0234690960
0.0086377058
-0.0135108344
-0.0533732288
0.0149832647
0.0743418932
-0.2094589472
-0.0129613541
-0.0242643654
0.1090926602
-0.2897697389
0.3648518026
-0.0479287095
0.0530724972
-0.0004899576
0.1823081225
1.7771214247
-0.0389086977
-0.0040356698
-0.0146760521
-0.0468288027
-0.3136988580
-0.0965933651
0.0677560046
0.0355032533
-0.0068753399
0.0580066293
0.1234079152
-0.0477587432
0.1000183895
-0.1355526298
-0.0150182359
-0.0174664743
0.0163134746
0.0067549222
0.2501152456
-0.4257836044
0.2841461599
-0.0817470923
-0.2031978220
0.4582870305
-0.3156416416
-0.3385976255
0.2910566330
-0.0279717539
-0.1530058384
0.7828004360
-0.5339113474
0.0161547214
0.0278470274
-0.2180816233
0.0948660001
0.2663509548
-0.1487947255
0.0051925289
-0.0427327640
0.0425994806
-0.0413243510
0.0418269597
-0.0166025795
0.0593125634
-0.1375103742
0.0438960642
0.0152170826
0.0993010625
-0.2071492821
0.4719506204
-1.5327792168
1.2114161253
-0.0082539944
0.0533666350
-0.1527290791
0.1185850948
0.0401493125
0.0059847399
-0.0422593467
0.0640811175
-0.0619353876
0.0129842358
-0.0208489150
0.0156709291
0.1797430366
-0.0824221447
-0.0565747172
0.1083344594
-0.1662839353
-0.3324579000
0.1145763323
0.0690709278
-0.2059274167
-0.3578825295
0.6627850533
0.0802815482
-0.0234183781
-0.0687695518
0.7342653275
0.0177344903
-0.5356816053
0.0332961120
0.1235559434
-0.1903663725
-0.3536424637
0.1996681541
0.0295522790
0.0364287347
0.0333487950
-0.0517013855
0.0860015005
0.0027882555
0.0366475359
-0.0781747699
0.1385084540
-0.0975619107
0.0602128506
-0.0899160877
0.0643718094
-1.2371467352
0.2671401799
0.0286684223
0.0288301036
0.1044530645
0.1586090177
0.2207975537
0.1750861555
0.0536593385
-0.0356500633
0.0906716660
-0.0117140999
0.0802389309
-0.0730826333
-0.1075221449
0.1247359812
0.2014281452
-0.1296757609
0.0882776156
0.3158602715
-0.1312065870
-0.3123673201
0.1524634659
0.1470968425
-0.4452162981
0.1484490335
0.2400385290
-0.0632378161
-0.1055844426
0.3022920489
-0.0886627957
-0.2925089002
0.0268677697
0.0884998664
-0.3219506741
0.1074938476
0.1271140426
0.0649536774
0.0508852452
0.0427982658
0.0839427486
-0.0963124931
-0.0331261717
0.1877098382
-0.1313841045
0.2339486927
0.2842375040
-0.0410210863
0.0358120650
0.4257027209
-0.5566723943
0.0198797435
-0.0798686594
0.0251194909
-0.0192426294
0.2368570268
-0.0388764441
0.0387456268
-0.0114475926
0.1701902598
0.0506752133
0.0923702195
-0.0672049671
0.0212153103
-0.0137321968
0.0101278536
-0.0728193223
0.0572585389
-0.0054494436
0.0063373656
-0.0763490424
0.1250381023
-0.2048417479
-0.0205771718
-0.0393606387
-0.0624592528
-0.9941083193
1.5298960209
0.0053579779
-0.0133358147
-0.0420654751
0.1070386469
-0.1331168860
0.0086690448
-0.0071103037
-0.0102582723
-0.0633065328
0.0312703326
-0.0875383914
0.0715880096
0.4212967455
-0.0997628197
-0.0705283135
0.2328486890
-0.0920831114
-0.2704299092
0.6329731345
-0.1239672750
-0.1122120991
0.1697457284
0.7737823129
-0.3709476590
0.1640800387
0.0409029275
0.0256235637
0.1466618180
-0.0412516110
-0.0474063866
-0.0496919528
0.0080369180
-0.0136559634
0.0282298420
-0.0074815890
0.0153292008
0.2576101422
-0.0391788520
-0.2027731091
-0.0173965208
0.1746408641
-0.1487815082
-0.6914665103
0.1189715266
0.2270927578
-0.0420434065
-0.4898628592
-0.0869915709
0.5961617827
0.0193015486
0.0170955323
-0.0264047943
0.4380053878
0.2373217195
-0.2177779078
0.0117749125
-0.0227698535
0.0802827701
-0.1451124400
-0.0667946115
-0.0374292545
0.1248712763
-0.0375692472
-0.0988752246
0.0582405291
-0.0294601209
-0.0753217563
0.2143408209
-0.5039768219
0.2073764950
0.1325079650
-0.1616873145
0.6219555736
-0.1779241264
-0.3907454014
-0.0095415507
-0.1233313307
-0.1379808038
0.6661824584
-0.2532909214
-0.0009172689
-0.0219275560
-0.1310858428
0.0853693858
0.0756839290
0.0476381257
-0.0884011090
0.2472327352
-0.0774700791
0.1141989976
-0.2416685224
0.3580290079
-0.2777648866
0.1068263799
-0.1003403664
0.0548159145
-0.2409371138
0.6089387536
-0.3007651269
0.2086691856
0.0508309454
-0.0387096778
-0.1523420215
0.2854276299
-0.1794273555
0.0047059483
0.0634708032
0.2540323734
-0.2972953022
0.0768957138
