-0.0516690277
0.0081748078
0.0169733912
-0.0577493533
0.0660199001
-0.0757244900
0.0454770289
0.0257782619
0.0143347513
-0.0486582294
0.2023102492
0.0242915712
0.0368351229
0.0080214767
0.0657648593
0.0642397776
-0.0369072631
-0.0244210679
0.0522376448
-0.1115800738
-0.0442325659
0.0101499949
-0.0058625070
0.0581571460
-0.1221556440
-0.1274370104
0.0663606152
-0.0054149474
-0.0009601145
0.0914082825
-0.0302134231
0.5660558343
0.0544058755
-0.0411288254
0.1976577342
-0.0020822634
-0.0563278012
0.2737443149
0.0180937462
0.0313959010
-0.2362671047
0.0686571673
0.0958515406
-0.0425062999
0.0143849738
0.1149771512
0.0212458745
0.0137963295
0.0677708015
0.1486279070
-0.0040824022
0.0404022746
-0.0337811783
-0.0518307537
0.1700742692
0.3606442511
-0.0320981331
0.0620621629
-0.3092892170
0.1212996766
0.0990904048
-0.1215008199
0.0349769965
-0.1115227714
0.0485063568
0.0419074409
0.1631547958
0.0705038458
-0.3016091883
0.0412652157
0.2994050086
-0.0449766554
-0.2731659114
-0.2035755068
-0.1595007181
-0.0438647605
0.0594586059
-0.2058223486
-0.0369710177
0.0949230641
0.0373797864
-0.0723289922
-0.2396758646
-0.0163199287
0.0274174828
0.2711879909
-0.1316054314
-0.0126281604
-0.0635342449
-0.0358175412
0.0589036159
-0.0718510598
-0.0024263277
0.0685183704
-0.0154163465
0.0090892660
0.0260706246
-0.0139840338
0.0239607561
0.0997982398
-0.2491677105
-0.0035469609
0.0307864361
-0.5000991821
0.2087953538
0.0682661086
-0.2899043858
0.0401379131
0.1166767254
0.0541790798
0.1027309150
0.0083586229
-0.0426573642
0.0962488279
0.0799903423
0.1265453100
-0.0114275813
0.0556935593
-0.2454419732
0.0062593031
0.1093263477
0.3182398677
-0.0456569754
-0.0393132120
-0.1364910007
-0.0946677849
-0.2404428869
0.1470481008
-0.1012457013
0.0226036869
0.5474131703
-0.1457509100
-0.0629839599
-0.2362208217
0.0481139235
0.0064622960
-0.0460026003
0.1707175374
-0.2040047348
-0.5674269795
0.0591653287
0.0762468427
0.2887784541
0.0202525258
-0.0181753207
-0.3513471782
0.0292592887
-0.1211901233
-0.2140783966
0.0908948407
-0.1180051118
-0.0849185064
0.0573577285
-0.0027873567
-0.1651412547
0.1034284607
0.0541764647
-0.1308374405
0.0929003060
0.0665774643
0.1921384335
-0.0528968088
-0.0661534369
-0.1357064098
0.0673661381
0.1106329039
0.2748454213
0.0372936837
0.0041283616
0.0581304021
-0.0229671709
-0.1870234162
-0.0933762938
-0.0155400569
0.1106051803
-0.4245527685
-0.0379993655
-0.0674340948
0.0953727812
-0.1283532679
-0.0966240317
0.4479258657
0.0425588973
-0.1010977179
-0.7652537823
-0.1247103363
-0.0469057970
-0.0774002001
-0.1530262232
-0.0621068217
0.2074070573
-0.1953195333
0.0330475569
0.4287819564
-0.2073945701
-0.1444191933
-0.2016687691
-0.0289459098
0.0299706813
-0.2879848182
-0.3977156878
-0.0395802110
0.0728481412
0.1070533171
-0.0348305106
-0.1022478864
0.1220106930
0.0154341599
-0.0900045633
-0.0105119161
-0.3744567037
0.4740652740
-0.0378267318
-0.0274512116
0.0943237171
-0.0523076169
-0.1373051554
-0.0183630735
-0.0426027812
-0.0827372670
-0.0833903551
-0.0942418650
-0.0187756158
-0.0608458444
-0.0294225737
0.0196570922
0.0628655702
-0.0012909203
0.2507925928
-0.0857872665
0.1185251921
0.0618337840
0.0971098319
0.0161221437
0.2871660590
-0.0303360298
0.1345658004
0.0042195083
0.1036413163
-0.1214356720
0.3673092127
0.1056223512
-0.0557678677
-0.1401215941
-0.1107782647
-0.0337479748
-0.0183420908
-0.0694325268
-0.1005363017
-0.2241850197
-0.0192578733
0.0165254995
0.1474509984
-0.1560628563
-0.0552049316
0.3591400087
0.1965751201
-0.1314611882
0.1757005304
-0.1239670068
-0.0873396173
-0.1712535769
0.0449103154
-0.0132824685
0.0978969932
0.6658366323
-0.0867891237
0.0884565562
-0.0329876542
0.0521503389
-0.2102570236
-0.2146580815
-0.0524737090
0.0844841674
0.1541827619
-0.0363498256
0.0375538208
0.0250281617
0.0196674801
0.0681891441
-0.0627183616
-0.1022530943
0.0479962453
0.6590906382
0.2595960498
-0.0769886971
-0.2525438368
0.1151137948
0.2236436307
-0.1334455758
-0.0589493103
-0.1559415907
0.4556157291
0.1185483932
-0.1950006038
0.1506713927
0.0479139127
0.2099485993
0.2993297577
0.1269094795
0.2607579529
-0.4548377097
0.2035616040
0.0566095151
0.0793403015
0.0750226676
0.1406704783
0.3028346002
0.2281506062
0.2329055518
-0.1404677778
0.0211994890
0.0284386259
0.0773167238
-0.0773095787
0.1694130301
0.3066932559
0.1985824108
-0.1813789904
-0.1558512300
0.1982591301
0.0152064599
0.0043569538
0.0718022361
-0.0756790265
-0.0556093678
0.0101361210
-0.1166144460
-0.0588068217
-0.1556030512
-0.0385953151
-0.2233195901
-0.1433311254
0.0109023154
0.0118421903
0.0413077138
0.0431964435
0.2258904725
-0.0147393243
0.0165179018
0.0882553980
0.0943910033
0.0909785926
-0.0381406657
0.0462350287
0.0228942819
-0.3493219316
0.3382386267
0.0794108659
0.2513348162
0.0668543726
0.0405981094
0.0233785585
-0.1048652604
0.0986806452
0.3946504593
-0.3354662955
-0.0363262780
-0.3895358443
0.0182190686
-0.0366594233
0.0106264260
0.0037567094
-0.0393098481
0.5529333353
0.0363935120
0.0956823900
0.2349675596
-0.0076132710
-0.0189880226
-0.1095221490
0.0220776405
0.0327460952
0.4778598547
0.1277584285
0.0785550401
0.0732548386
-0.0563958995
-0.0548567399
-0.2647642791
-0.1367112398
-0.0354455598
-0.0430478305
-0.2620882690
0.2106458992
0.2416404784
0.0695185587
0.0078670317
0.3506811261
-0.0091529479
-0.0080968011
0.1928693354
-0.2326449901
-0.1221382916
-0.1488492340
0.0788612217
0.0408947654
0.2554614246
0.0232461765
-0.0316833928
0.3016727567
0.0614715815
-0.0356706530
-0.1077444702
0.0889686868
0.0431810133
0.3370802402
0.2232571393
0.0790580586
-0.1517686993
0.4742320776
0.0646209866
0.3527043760
0.0481149964
-0.0536660478
0.0835097730
0.0562480502
-0.1109671891
0.2745874524
0.0202386677
-0.0428017862
0.1112809777
-0.0267395228
-0.0151229212
0.2791354954
0.1376818717
0.2049928159
0.0019903886
0.0870596319
0.1856520474
0.4160229862
-0.0784653202
0.1099224612
-0.2212334275
0.0881011486
0.2910195589
-0.3515773416
0.0342693850
-0.1080585197
0.0752990469
0.1878295839
-0.1364354938
-0.2033695579
-0.0444349833
-0.0750339180
-0.1993450224
-0.1812554896
0.0194688886
-0.1734565198
-0.0726557001
-0.1585689485
0.0662067086
-0.3217378855
-0.2148841619
-0.6029806137
0.1423806846
0.1765715331
-0.0218376163
-0.0955951437
-0.0150369704
-0.1429284513
0.0937248915
0.2961404026
0.0761428475
0.0499563143
-0.0889484584
-0.0953214616
-0.1518908441
0.0138415871
-0.2331910729
0.0079199951
0.2213422954
-0.0326728262
0.0024834652
-0.0831490681
0.2341923714
0.0479580238
-0.0560586900
-0.1442909390
0.0862348154
0.0809116736
-0.5878391862
-0.2772095203
-0.0804495960
0.0140740536
-0.0588958524
0.0411210693
0.0978472531
0.1349935979
-0.3204733729
0.8697146177
-0.4432977736
0.0032323098
0.1080446169
-0.0637021735
0.1785075963
0.0101335486
-0.0484669507
0.4039479494
-0.2207818031
-0.1921381503
-0.0216929112
0.0254477877
-0.0380444452
0.1414289474
0.3378216922
0.0122811990
0.2561703622
0.1439132839
-0.1813219935
0.3888146281
0.0747666657
0.0203688908
-0.0847319290
0.2049217224
-0.1851293445
-0.0820603073
-0.2022828162
-0.0313067660
0.1381099224
-0.1332187206
0.0052099880
0.2559082806
-0.3479014933
0.1075385660
0.1887541562
-0.5192908645
0.2884118259
-0.0525488220
0.0233726520
-0.0267123878
-0.1049475968
-0.1919734031
0.0773149133
0.0871168450
-0.0063880957
-0.0473774187
-0.1840447932
0.0725437775
-0.1259030104
0.0745589361
-0.0479863808
-0.0367400609
0.0328870192
0.0481366292
0.0188742056
-0.0878889859
-0.0514157526
0.0016603020
-0.0337926038
-0.0185823143
0.0114349388
-0.0033771831
0.0141311791
-0.0327714346
0.0478073508
0.0297096781
-0.0324154235
-0.0426163189
0.1204298139
-0.0380503424
0.0234264117
0.0925899968
-0.0979511440
0.0200645123
0.0173887592
-0.0256809928
0.0063436651
-0.0500182025
0.0102230990
-0.0673227981
-0.3566320240
0.1280908585
0.0349824503
0.0683301613
-0.0217140745
-0.0515175089
-0.1072106361
0.0117152762
-0.0519162305
0.0781374052
-0.0169219896
0.0149420220
0.1122824624
-0.0120671093
-0.0276813786
-0.0290212333
-0.0406812988
-0.0881748274
0.3905075788
-0.0193141159
0.0094479769
0.0043222858
0.0073216697
-0.0467770398
-0.0229571555
0.0374810323
-0.1382456869
0.0106805209
0.0363200419
0.0152394148
0.0382351875
0.0024042616
0.0360983536
-0.0234253909
0.0272595622
-0.0453336313
0.0572478659
0.0454938598
-0.0173629802
-0.0581726842
-0.0687765554
0.0229146034
-0.0362882949
0.0067218374
-0.0127169313
-0.3019550145
0.1064797491
0.0216831286
0.0377413817
-0.1408062726
-0.0476715937
0.0159705542
-0.0149439834
-0.0060811355
0.9856830835
-0.1219836250
0.0523694754
-0.2098444700
0.0324250944
-0.0622947104
0.0001577283
0.0047117779
-0.0184093043
0.0123962155
-0.0176924895
0.0097949831
-0.0562112443
0.0325048454
-0.0298958141
0.0660148561
-0.0321540833
0.0456537902
-0.6638438702
0.1102876067
0.0657035410
-0.0138583696
0.0564840809
-0.0316313021
0.0019559741
-0.0528803021
0.1126043051
-0.2178693265
-0.2077215314
0.0663186088
0.1302475482
0.0524088852
-0.0308979955
0.1653261483
-0.0304127019
-0.0347865783
0.1699316502
0.0345111489
0.0493159816
-0.1537279040
-0.0345975012
0.0232221745
-0.1253087372
-0.0469764434
-0.1997240484
0.4125922620
-0.0553593449
0.0411304757
-0.3032902479
-0.0070295301
0.0955993310
-0.0414458439
0.0130373118
-0.1413005739
0.2411649674
0.1396514922
-0.0321868211
0.2156992108
0.0180888791
0.0115553709
0.1922776401
0.0959975943
-0.1088039428
0.4963257015
-0.0061611310
-0.0040895678
-0.2501939535
-0.0547937676
0.0570900925
0.1230427623
0.1532218009
0.2243139744
0.1251575500
-0.2114297748
0.0729594156
-0.0224329997
0.0587743744
-0.0699871555
-0.0511448830
-0.0982647464
0.2257309109
0.6283960938
0.2515850961
0.0171702933
-0.0663052499
0.0310542937
0.1790045500
-0.0096505051
-0.0152708637
0.1794404835
0.0564971194
-0.0721880794
0.0032722706
0.1245425269
0.0223924574
-0.0633385479
0.1496017128
-0.0292034745
-0.1832089573
-0.0935895741
-0.0939401537
-0.0793426186
0.0551138483
-0.0288239568
0.0201866869
0.0073516131
0.1257315874
0.0323476195
0.0444518030
-0.2368438095
-0.0573367588
-0.1806473732
0.0185402296
-0.0126069877
0.1449572891
0.0894493461
-0.0021626824
0.0446965769
-0.0979556814
0.0496769100
-0.1228135824
0.0522377566
-0.0330112576
0.1662622988
0.0151030039
0.0230902322
-0.3383883834
0.1364968568
0.0246750712
-0.3307169378
0.1538941115
0.1096167490
0.2065859586
0.1941500902
0.2003531903
0.1494044662
0.1539159864
0.0758384839
-0.0222673994
0.0653692409
-0.0004554400
-0.0542269610
0.1537138671
0.0593912750
0.0823670775
-0.0122438110
-0.0165990740
-0.0394103192
0.1175812855
-0.3007743955
-0.2866145074
-0.2223138660
-0.2983313501
1.1794921160
0.2863824666
-0.1584931463
0.3702046871
-0.0477578416
-0.0550748184
-0.0569133125
0.1481357068
-0.1544958651
0.4539574385
-0.0316263214
0.0686761513
-0.0900760069
-0.0851910189
-0.0755737796
0.1718104631
0.1962110251
-0.0038806321
-0.0863251090
0.0387061834
-0.1004437730
-0.0022343800
0.0585606731
-0.0954400599
0.0562772080
-0.0352592357
0.0474849939
-0.0134628294
-0.0685000643
0.0680036396
0.1559611410
-0.0613114797
0.0825233832
0.2576890290
0.1733913422
0.0208519232
-0.0578052327
-0.1109623164
0.0388030373
0.1679746658
-0.0869098604
0.0919624120
0.1403846294
-0.1480530500
0.2345802784
-0.0226660352
-0.3135362566
-0.1333913356
-0.1533410847
-0.2000373155
-0.0487947203
0.0419096462
-0.1943916678
-0.2658723295
0.5062823296
0.1998642087
-0.0576491356
0.1336474568
-0.1120568886
-0.0426734239
-0.2466387004
-0.3580151796
-0.0645336434
-0.1129918471
-0.1398483068
-0.0524500646
0.0176044796
-0.0005152830
0.0218931027
0.2294745743
-0.0828577802
0.0883653834
-0.1552713811
0.0858436152
-0.0636723340
0.1114569306
-0.0447432250
-0.0297066011
-0.2570296526
-0.1953446120
-0.0633213818
-0.2877546847
-0.4480780959
0.0440980718
-0.0114956852
0.1290693134
0.1927626133
0.0398863107
-0.0349626020
0.3070506752
0.3342695832
-0.1905834228
-0.1020296142
-0.0020156489
-0.0797285810
-0.1547851264
-0.0945560932
0.0985764787
0.0287219472
-0.0753174573
-0.2330111116
0.1435599774
-0.0182917733
-0.0031115937
0.0506953448
0.4022121727
-0.0817176327
-0.2164279670
-0.0184520688
0.0825527459
-0.0519519523
-0.1170928329
0.0815561190
-0.1458877027
0.0057717566
0.0658295080
-0.2477260679
-0.1781841218
0.2192411125
0.1232510880
-0.0275761057
-0.0667692572
-0.1045862362
0.0636150315
0.0571006536
-0.1786807179
0.1682415307
0.0768699721
-0.0205040593
0.1438815892
-0.0419762544
0.0147635415
0.0855084509
0.0959887654
0.1645277441
-0.1134193093
0.0163947698
0.1210351065
0.1603327692
0.0066331327
-0.0895720646
0.0435867719
-0.0103685902
-0.1676743478
0.0290579777
0.3335609138
0.3685849011
0.0572261661
0.1531628817
0.0190771557
0.1183572114
0.3158628941
-0.0713024661
0.0755054429
0.0159327015
0.0208554864
-0.1367252171
0.0593442544
-0.0955748633
-0.0686906874
-0.0740242377
-0.1244151443
0.0232085697
-0.0069627329
0.0117782578
-0.2512645721
-0.0079009291
0.0280468855
-0.2060912699
0.0340065397
-0.3449609876
-0.2112782001
-0.3758679032
-0.0135153187
0.0153515497
0.0913807005
-0.0676735491
-0.0990655124
0.0628477857
0.0078055602
-0.1389385462
0.0327447839
-0.1323943436
0.0414626114
0.0460932553
-0.1116142645
-0.2009561360
0.1149666309
0.0169798099
0.1035126895
0.2179651856
0.1911211163
0.1883113384
-0.0226654671
0.2023533434
-0.0591286048
-0.0269855689
0.2362289727
-0.1783516407
0.1063549221
-0.2094577253
-0.0583185740
0.0247035231
-0.0609366037
0.0566883758
0.0961994007
-0.0107035236
-0.0060200053
0.1220523268
0.1562310308
0.1265981346
-0.0782759115
0.0411986932
-0.0629002377
-0.0975449309
0.0391477980
0.0719237328
-0.3506929576
0.1693729162
-0.0730742216
0.1652950495
-0.0688746348
0.0666117296
0.0070942482
-0.1884800345
-0.2182525694
0.1825665683
0.0172454398
0.0723393634
-0.0924047232
-0.1892035455
-0.0067728860
-0.0313459970
-0.1040690988
-0.1210859194
0.0456013568
0.1122886017
0.2066433579
0.1123701707
-0.0582842790
0.1557287276
-0.1295960993
-0.1710409969
0.3742864132
-0.0028315464
-0.0145417741
-0.0043874932
-0.1059677452
0.0622102804
0.0716119260
-0.0026407591
-0.5877543688
0.2303166240
-0.2673783302
-0.0563181639
0.1286357790
-0.1317764372
-0.0200546570
0.1234284788
-0.0410992354
-0.1545020789
-0.0080109360
0.1721217632
0.0082988478
0.0266441256
-0.1156670675
-0.1507784426
0.1454830319
0.0906476602
-0.0561638474
0.3970913887
-0.0929614082
0.0901093036
0.1357033551
-0.1179224178
-0.2443893552
-0.0259953626
-0.0398572497
-0.0629391149
-0.7746256590
0.1536159664
0.1528082192
-0.0559339747
-0.0361802690
-0.0544500649
-0.1145143062
-0.1191625744
-0.0166733004
-0.0638803989
0.1587839872
0.0006579140
-0.0140054096
0.0630833507
-0.0674709156
-0.0059916941
-0.0573432595
0.2503519952
0.2409564108
0.1704344004
-0.0558295920
0.0003623453
-0.1167064607
0.0668801144
0.0963803753
0.1393701136
0.2362410426
0.0931132808
0.1299448907
0.0762521625
0.1550322920
0.1190587208
-0.1621744335
-0.0449546613
0.0101988623
-0.2646720707
-0.1679847091
-0.0737655014
-0.0509619005
-0.0568997413
-0.0079846913
0.0086064870
0.1750726402
-0.0961748660
-0.0404625162
0.0910094678
-0.1669467390
0.0690560490
-0.2781066597
-0.2306772918
-0.1309831738
-0.2337458730
0.0396307148
-0.3702076674
-0.5251769423
0.0999626666
-0.0280546229
0.2425091118
0.0441836677
-0.0573329888
0.0439292416
0.0498388596
0.0541416779
-0.2128561437
0.0340963975
0.1138917878
-0.1162323207
-0.0003661074
0.0055311169
0.0939191654
0.1704605371
0.0562820770
-0.0498173647
0.1758962125
0.0634972006
0.0870318860
0.0874960795
0.0883098915
0.2172865570
0.0799527243
0.2335699052
0.1160449907
0.1248733848
0.0262875780
-0.0763464049
-0.0377825499
-0.2971439362
0.1538574398
0.1931385547
-0.2848595381
0.0027643733
-0.0559272207
0.2059659213
0.0934076905
-0.0122151766
0.1632552743
0.1137684360
0.0587133281
-0.1742635071
-0.2239857018
0.0955935568
0.0429081991
0.1527995914
0.0671036616
-0.0528571382
-0.1595253646
-0.1347792894
-0.2290971130
0.5235059261
-0.2662590742
-0.0472603068
-0.2780684233
-0.0089822831
-0.1850803196
0.2323600948
-0.0716323555
0.1786478162
-0.2912805974
0.0504437089
-0.0049466095
-0.0912838653
-0.0170379523
-0.1777900010
-0.3744339943
-0.3115098476
-0.1130935028
-0.0702952519
-0.1372453272
-0.0865330324
-0.3612148464
-0.0099409837
0.0413091779
0.1104585230
0.0776182786
0.2146532089
0.0512848496
0.0346087404
0.0577886514
0.1188015044
0.0276721269
0.0019752025
-0.0845891237
0.0407850742
-0.0417868756
-0.1180492640
0.0249285605
-0.0319852121
-0.0187583677
0.0096736737
0.0651921481
0.0213582404
-0.0043290793
0.0129505992
-0.3826645613
0.0537685715
0.0097155534
0.0196619909
-0.0122613916
-0.1499285698
0.0225002524
0.0501775369
-0.1684733182
0.4469437897
-0.0324007422
0.0891015902
-0.0898360461
0.0108657423
0.0357519835
0.0257054642
0.0465109162
-0.0627539232
-0.2001037598
-0.0179293472
-0.0503775701
-0.0870142728
0.0313454457
0.0672177449
0.0508975387
0.0376353040
0.1169863194
-0.4944047928
-0.0594547093
-0.0027676665
0.0023600957
-0.0839559063
0.0653982535
0.1412054300
0.1116065308
-0.1000068858
0.2029223293
-0.0437200516
-0.0858090669
-0.0493210480
0.0069431136
-0.1320722699
0.1304071993
0.1193963587
-0.0228526983
0.0543590933
0.1197265983
-0.0034300534
-0.0236638058
0.1678210199
-0.2446212918
0.0490134358
-0.0623238795
-0.1147566587
0.2624007463
0.0529427864
0.0116211809
-0.1014399156
0.0311779622
-0.0855548605
0.0896330327
-0.1176212952
0.1245837584
-0.0401909091
0.0520964004
-0.1031900048
0.0166334882
-0.0297646001
0.0904530361
0.0241007321
-0.0548792668
-0.0237444546
-0.1966721863
0.0156954620
-0.0519563742
0.0662658587
-0.0094181914
-0.0785512254
-0.4808207750
-0.0526222996
-0.0858987346
-0.3318504393
-0.1317278743
-0.2057213336
0.1773804128
-0.0869395211
