0.1248780712
0.4889048636
-0.0513834655
-0.3478887975
-0.2041888386
0.2747684121
-0.4691843390
-0.3509608209
-0.1254178882
-0.2944708467
0.3717947900
0.2488938123
0.3360646069
0.4354879260
-0.1380196512
-0.0431199260
0.0255405419
-0.3129080832
-0.3399983644
-0.1892276257
-0.1720650494
-0.0235197917
-0.3438445628
0.1722623408
-0.3521751165
-0.2104631811
-0.1365065277
0.0939657167
0.0365406200
-0.0091747278
0.1945545524
-0.2782729268
-0.1958584338
-0.0774404928
-0.1059129760
0.3845123351
0.2182126045
0.0016192546
0.0778406262
-0.1531741470
-0.2851263285
0.1972338706
-0.0496997312
0.3993243575
-0.3270634711
-0.0164220352
0.4652243257
-0.2198986411
0.1540418118
-0.0899953321
-0.0966299623
0.0097534284
-0.2892328501
-0.0061531123
-0.1239529103
0.3259041905
-0.5233229995
0.0130191678
0.3545729816
-0.0995392129
0.1945677102
0.2197465301
0.1348138452
0.0904553831
0.2170959860
-0.0205270331
-0.0995873287
-0.2219718546
0.1418243647
-0.5244890451
-0.1261398196
0.1591084898
-0.1855859160
-0.0447298959
-0.0588643737
-0.0342213176
0.0555313975
0.1878942400
-0.0128180198
-0.3617935181
0.4007799029
0.0055420338
-0.0554622784
-0.0713567883
-0.3537092805
-0.2476269305
-0.3348388374
0.0203829389
0.1798888445
-0.1890342236
-0.0614546239
-0.3812091351
-0.2078823447
-0.4132576287
0.3797972202
-0.1707707047
0.0293181818
0.4737163484
0.2228219956
-0.5019195080
0.3340603709
0.0249862578
0.2273060679
0.0166921336
-0.0921760425
0.0706987306
-0.0808359906
0.0623234808
0.2906030715
-0.4219197929
-0.4846123457
-0.4447312951
0.4426110685
0.1608600765
0.2153194547
0.1396260262
-0.0343134515
0.1491446197
-0.2941602468
0.1992461085
0.0212099496
0.0466410033
-0.1062011570
0.1631907225
0.1286640763
-0.6242699027
-0.2873035669
0.2833537459
0.1476280093
-0.0621281676
-0.0552748814
0.3118427396
-0.3168226779
0.0989672691
-0.0539991893
-0.0943328142
-0.2110365778
0.2770824730
-0.1417263895
-0.2533279657
0.2192071974
0.2548690736
0.0026740620
-0.0758073628
0.0181391668
-0.1377682537
-0.0702729523
0.0180335660
0.0970071480
-0.1857604831
0.0772117674
0.2003080398
0.1064318791
-0.1013005376
-0.0361857638
0.0348485895
-0.0735251829
-0.1242227554
0.2340575904
-0.3504879177
0.0823728889
0.5730221868
0.5520500541
-0.0969269723
0.1109501496
-0.3015633523
0.1289442629
-0.1469212323
-0.2426181585
0.0609673224
-0.1094582677
-0.0607257374
0.1351536363
0.3611930013
-0.0564365312
0.1403462142
-0.3371577263
0.1822825968
-0.3048110604
-0.2511036396
-0.1528421640
-0.3481713831
-0.2577981055
0.0249679592
-0.1876188070
-0.1249903515
0.0568329059
-0.0843253806
0.0143690174
-0.1064105704
0.1335701793
-0.2669609487
-0.1576435566
-0.1618219465
-0.1539563984
0.0866101459
0.1979520917
-0.0006475996
0.0805553943
-0.4825509489
0.2919789553
-0.1461878568
-0.1864786148
-0.2162231058
0.0331159309
0.0280571170
0.1366292387
0.2135404050
0.5155485272
0.2738023996
-0.0371825397
-0.2760142088
-0.1302822530
-0.0126461983
0.1867431849
-0.1070066467
-0.2267795652
-0.2586590946
-0.3290317655
-0.1529638320
-0.1668799222
0.0885145366
-0.0198424347
-0.1923768669
0.2577289045
0.0941140205
0.0347459540
-0.2298315167
0.2163767219
0.1749403179
0.1857030839
0.0176914819
0.0242784806
-0.2365475297
-0.0787986889
0.5368883610
-0.4635780752
0.0641097873
0.1806426346
0.3095930517
-0.0555751771
0.2432369739
0.0335648805
-0.0814787745
-0.0593031645
0.3813902736
0.0585605949
-0.4919441640
-0.1515977681
0.0995732471
-0.3295015097
0.6096453667
0.1758155227
0.0124170724
-0.4865399897
-0.1291709840
-0.2442286909
0.3003032207
-0.3980235159
-0.4808187187
-0.2516977191
-0.1825010926
-0.1726604253
0.5323360562
0.0842019022
0.1284147501
0.1983319372
0.2488455176
0.4912183583
0.1481026709
0.0118525112
-0.2097517401
-0.1887207329
-0.0701499358
0.1617341042
0.1805007905
-0.0130115207
0.0942446962
-0.4442291856
-0.4065673053
0.2384404242
0.0577223599
-0.1834940314
-0.2481418401
-0.6478255987
0.7419049144
0.3474484086
-0.1132268608
0.0837415159
-0.1582067758
0.0359017216
0.0189557895
-0.1416980177
0.2380191982
-0.0545625389
0.1304917037
0.3937993050
-0.1904177219
0.2210762203
-0.1626442373
0.2834106684
0.2988237143
0.0601500273
-0.2986755967
-0.1390782744
0.3649740219
-0.2948823869
0.1903622299
0.0787985250
-0.0004483224
0.1151153743
-0.0017363643
0.0167112257
0.3119922578
0.2718573213
0.0139104491
0.0986498892
-0.1976071447
-0.1650492847
0.2486625612
-0.0001198894
-0.0065499493
0.2686360776
-0.2442825586
0.1516010910
0.0531843752
0.1356406510
-0.0200992543
-0.2740105689
-0.2043720037
0.0199373811
-0.2240925431
0.0518167466
0.1405632049
0.5130110383
0.0037876540
-0.2099575102
0.1176575050
0.2452724725
0.0197789092
-0.1102041230
-0.0758640766
-0.1686431319
-0.1563183665
0.3004081249
0.0643150657
0.3243260980
-0.1005909815
0.3260569572
-0.2033851743
-0.2190664560
0.0521830246
-0.0921023786
-0.2540989220
0.0422557071
0.2775112391
-0.4919522405
-0.0055774180
-0.0615299083
0.1154042855
-0.0586010925
-0.2703777850
-0.1460972875
0.0164241977
-0.3855529428
0.1324736923
0.2177873850
-0.1220106483
0.0663773939
0.1670806408
-0.2020135671
-0.1911833584
0.2071812004
0.4571698308
0.0760862604
-0.2639355958
0.1077995151
0.4430048466
0.0900811255
-0.6476730108
-0.4015161395
0.0658712760
-0.1521452814
-0.3493786156
0.0778595209
-0.2803566754
0.0518957376
-0.0542691462
-0.0170078091
-0.1588061154
0.4013616443
-0.1018065512
0.1546902508
0.0596756414
0.2069979608
0.0009323501
0.0232263301
-0.0804259554
-0.3905018568
-0.4863910079
-0.2385809869
-0.1182244793
-0.0316264778
0.0502690524
0.0182382632
-0.2777560353
-0.0171460696
0.0450596847
-0.0507615544
0.1040274128
-0.0873655602
-0.0458059311
0.3237681389
-0.3512173295
-0.0982408747
-0.0560378022
0.2991980910
0.1282029599
-0.2726221979
0.2598427832
-0.3683122098
-0.0761659443
-0.1344324052
-0.1558516920
-0.0435568690
0.4895263910
-0.2251803875
0.1132958233
0.0121098142
-0.1926600337
0.2626588047
0.1630933732
-0.4024581909
0.4643866122
0.2154133767
-0.0672101825
-0.0757796392
-0.1618031561
0.1262557805
-0.4832967222
-0.4582103491
-0.2250306308
0.0743619874
0.2417482436
0.1158485711
0.0825456604
-0.0174133033
0.2745464742
0.3765408993
0.3027121127
-0.2238797098
-0.3920326829
-0.1618325114
-0.0344114602
0.1364101321
-0.1441548616
-0.2609223127
0.0815163627
-0.0270886496
0.0256967936
0.0652231202
0.2291183621
-0.2067576200
0.1540905237
-0.1717873663
0.1194955260
0.0742590874
-0.3672122955
-0.0421357155
-0.0680485070
0.2150985152
0.2436458319
0.2083243430
0.3869418204
0.1277211756
-0.3528964520
0.0748689473
-0.1952728778
0.0527871586
-0.1675108969
-0.0020926029
0.0334292129
0.0199185889
-0.0377973095
0.1393173486
-0.4333851933
-0.1412072331
0.0524811894
0.2090620548
0.2048265487
-0.1913671792
0.2500487864
-0.3217691779
0.0544248261
0.1142184585
0.2028156966
0.0104551390
-0.3984074593
0.2045917213
-0.2727137804
-0.3424139917
-0.0002714834
-0.0102612460
0.0002495806
0.1009534225
0.1829016209
-0.0299142394
-0.0176375434
0.1139315292
0.0150708389
0.1039241105
0.1663223803
-0.6553977728
-0.2410800010
0.0079639796
0.0466457643
-0.4408144057
0.2461422533
0.1264739931
0.0409614705
-0.0101563446
0.2096179724
-0.1934930980
-0.0886546299
0.0770575106
0.0732768402
0.0229234416
-0.0962710679
0.0315760151
0.1973724067
-0.2211554050
-0.8674792647
0.3187725544
-0.0505550429
0.1274511218
0.1176730022
-0.0437006168
-0.3576652706
0.1095350161
-0.0327975601
0.1300170273
0.2509676516
-0.0349213183
-0.4106546044
0.2842651904
-0.0648621246
-0.0784984753
0.0848732963
-0.0813396275
-0.2237802148
0.2195780426
-0.4854979515
0.4271258414
-0.1013152078
-0.1719758809
-0.2129317969
0.0953890905
-0.1598097235
0.0012492571
-0.2537136972
0.1446665972
-0.2534654737
0.3167064488
-0.0297468714
0.2499819547
0.0717442408
0.1720852852
0.3153859973
-0.3047288656
0.2035402209
-0.0133896088
-0.1945420355
-0.0980784148
0.1666849256
-0.1974139810
-0.3577318490
0.1047977060
-0.3082211316
0.2448055446
-0.0985257924
0.0077406438
0.0643713921
-0.1653643101
-0.1784858406
0.1098415405
0.0563562289
-0.0853937417
0.0200177934
-0.2117317021
-0.2750666738
-0.2262938172
-0.3816311061
0.0299247503
0.3359208405
0.1825874001
-0.0600300282
-0.2618380189
0.2313334048
0.4520759881
-0.2941393852
0.2152336985
-0.0717847869
-0.0861453786
-0.1634506136
0.1790396869
-0.3587144613
0.3348752558
-0.3041131496
-0.1557882428
0.1591858715
-0.0168497339
0.1356830001
-0.1072487235
-0.0422618762
0.2234996408
-0.1546672434
0.1318152249
-0.1323201954
-0.2948164642
0.0807111710
-0.1950516254
-0.0530297533
-0.0055274959
0.0829135403
-0.0733981878
0.1561703086
0.0497213341
-0.0521649309
0.1895165443
-0.1976219565
-0.1805206686
-0.0507966019
0.4851204455
-0.0845785812
-0.0053960159
0.1075749099
-0.3209240139
0.2640384138
0.1824529469
-0.0407223105
0.0732359961
-0.0247785691
-0.1678598225
-0.1524221152
0.2853154540
-0.1859817356
0.1903163493
0.0371384546
0.3057170212
-0.0879508033
-0.0257544089
0.2139981091
-0.3099561930
0.3269113004
0.0400515944
-0.1134106889
-0.4502000511
0.0560531728
-0.0301276688
-0.3527705967
0.4816924334
0.2058562040
-0.0031693913
-0.1373353451
-0.1701277345
-0.3314430416
-0.1073611602
-0.3000390530
0.0436224900
0.0347278975
0.2496515512
0.1469593942
