-0.0012225350
-0.0011079776
0.0008528246
-0.0010802917
-0.0043403939
-0.0066548656
-0.0062768664
-0.0077686445
-0.0001946132
0.0002320113
-0.0015616806
-0.0021675539
-0.0011479703
-0.0027522205
-0.0022588456
0.0066262619
0.0016790282
0.0037177659
0.0018979004
0.0035332446
-0.0011762675
-0.0008678818
0.0126857031
0.0183351990
0.0215122234
0.0027879786
0.0053366232
-0.0007997061
0.0001115496
0.0007884697
0.0093542812
0.0116923815
-0.0029404403
-0.0080756890
-0.0086256955
0.0047948062
-0.0033840020
-0.0037784176
-0.0047575138
-0.0236589834
-0.0658020750
-0.0526789688
-0.0036328896
-0.0098121809
-0.0050288411
0.0034585223
0.0040290528
0.0010806853
0.0151859829
0.0589360930
0.0613244735
0.0256397743
0.0006135489
0.0035026583
-0.0024456587
-0.0027619619
0.0010228383
0.0151228076
0.0170043446
-0.0130088925
-0.0175875202
-0.0064791515
0.0003238468
-0.0010674004
0.0020809830
-0.0048483592
-0.0214603115
-0.0223104078
-0.0133072417
-0.0013293764
0.0065368381
0.0032698351
0.0020691964
-0.0026693172
-0.0058237268
-0.0009520988
0.0025882784
-0.0023847546
-0.0004618678
0.0016448832
-0.0009229691
0.0010955277
0.0024242392
0.0025638384
0.0038630876
0.0079968246
0.0076183975
-0.0015970077
-0.0034836754
-0.0002877246
-0.0017189748
-0.0011893888
-0.0012052318
-0.0033933329
-0.0057724402
-0.0026750113
-0.0030785741
-0.0014079890
-0.0024288974
-0.0023219378
0.0065966267
0.0059247189
-0.0075749285
-0.0174145289
-0.0132680507
-0.0006050714
0.0042876285
0.0000710326
-0.0066184225
0.0051627834
0.0127771255
-0.0006573882
0.0172199141
0.0108694043
-0.0015570219
-0.0020471720
-0.0029769859
-0.0106273321
0.0005708889
0.0137631102
-0.0085451640
0.0118996147
0.0606578328
0.0055039455
-0.0167681053
-0.0045484616
0.0017774153
0.0059624398
0.0096072089
-0.0039673117
-0.0537342802
-0.0246976968
0.0061156335
-0.0002047566
0.0036514513
0.0070773060
0.0036857889
-0.0046693697
0.0142335389
0.0149137853
-0.0174761973
-0.0044892961
0.0023589570
-0.0003487054
0.0041848784
-0.0046208864
-0.0131057370
0.0008507767
0.0167138726
0.0144778797
0.0073510166
0.0029640836
-0.0026356012
0.0010993951
0.0005802260
-0.0033509380
-0.0015931801
-0.0068312190
-0.0010355416
0.0007755979
0.0006565637
-0.0012082660
0.0030258230
0.0012960280
0.0038235926
-0.0002588986
0.0021291636
0.0040833401
0.0038110500
-0.0034880976
0.0004787755
0.0019410042
0.0000698941
-0.0003176319
-0.0030783624
-0.0022793801
0.0005266145
0.0010128430
0.0027257907
0.0021178140
0.0040794481
0.0002887021
-0.0082484055
-0.0141639952
-0.0156577993
-0.0014460190
0.0079591582
0.0072284490
0.0036533708
0.0042685671
0.0012960846
0.0008232705
0.0053277137
0.0228806976
0.0173068158
-0.0063671852
0.0063618221
0.0044794632
0.0062519903
0.0001214820
-0.0091152322
0.0225036889
0.0667903051
-0.0002012591
-0.0202954523
0.0028554401
-0.0024458023
0.0047014286
-0.0014631479
-0.0115973568
-0.0013686661
-0.0022752832
-0.0284210537
0.0088612465
0.0169119500
0.0054194615
0.0005946641
0.0005716281
0.0037189357
0.0002248742
0.0013740037
0.0014724958
0.0093461163
0.0097397119
0.0068107066
-0.0005340200
0.0045688767
0.0026841729
0.0054532862
0.0160322189
-0.0012487062
-0.0123925293
-0.0086934622
-0.0024514985
0.0033526618
0.0019946562
0.0002638142
0.0028958907
0.0020717764
-0.0012996414
0.0048382003
0.0017577903
0.0028263496
0.0022614668
-0.0003018902
0.0003203904
0.0010319841
0.0065670335
0.0009865976
0.0017878605
-0.0003785241
-0.0028615952
0.0017735108
-0.0022506097
-0.0020385301
-0.0030482979
0.0025153812
-0.0007606819
0.0004276846
-0.0031198566
-0.0042600115
0.0006510122
-0.0040090275
-0.0043241079
-0.0088274619
-0.0230429042
-0.0194809306
-0.0091056917
-0.0037139929
0.0014142247
0.0017717503
0.0024577514
0.0099533219
0.0039521628
0.0274462681
0.0067933477
0.0001171686
0.0084183561
0.0022720280
0.0022185168
0.0004512894
0.0072975587
-0.0260223579
0.0039516995
-0.0222076923
-0.0079602692
0.0066677630
0.0038889621
0.0023523786
0.0011304845
0.0061901412
-0.0018615016
-0.0108819520
-0.0024543048
0.0068918406
-0.0050429334
-0.0005105539
-0.0018486857
-0.0017158977
0.0020989478
-0.0125838034
0.0040228078
0.0022899194
-0.0086512035
-0.0035101995
-0.0027039903
0.0016991907
0.0016529749
0.0038926604
-0.0001602956
0.0135824438
0.0040876381
-0.0001998154
0.0001033621
0.0038944476
0.0027320706
-0.0004592223
-0.0010689389
-0.0024728698
0.0066149589
-0.0020644562
0.0006323229
-0.0005536465
0.0006814172
-0.0028625147
-0.0015126620
0.0005503582
0.0017887539
0.0004106809
-0.0027592147
-0.0006802647
-0.0018999218
0.0002990874
0.0012231848
0.0003730046
-0.0011295100
0.0002541099
0.0017762288
0.0028429513
0.0021176047
0.0032722815
0.0031815178
0.0010445723
-0.0019309378
-0.0075078825
-0.0042302730
0.0016485867
-0.0003120930
-0.0014300755
0.0011530541
0.0007740601
-0.0003927190
-0.0019560619
-0.0048635281
0.0067815934
-0.0137764942
-0.0069664451
0.0015191932
-0.0032451681
-0.0014820551
-0.0009943396
-0.0020819318
0.0014357482
-0.0046817544
0.0106768440
0.0110574057
-0.0002564616
0.0023055740
-0.0031830543
-0.0037000289
-0.0005538827
0.0050889850
-0.0044021211
-0.0178689174
-0.0097474093
-0.0041347845
0.0030728793
0.0030606769
-0.0051342384
-0.0010255409
0.0018085632
-0.0009652321
-0.0029152790
-0.0016279168
-0.0077034370
0.0028361443
0.0031849269
-0.0029021490
0.0015585447
0.0018183147
-0.0042626718
-0.0003919795
0.0089577697
-0.0030972136
0.0004039019
0.0008409902
-0.0025150378
-0.0000884088
-0.0014000061
0.0010835456
-0.0060342560
-0.0022890163
-0.0017336361
-0.0008167803
0.0002386424
-0.0035201698
-0.0018449083
0.0009808047
0.0027701154
0.0005622599
-0.0049950839
-0.0058457730
0.0010121230
0.0004143481
-0.0008413353
0.0008030279
-0.0001449280
-0.0004729393
0.0017912479
0.0009275156
-0.0043246211
-0.0028109250
-0.0028561098
0.0050253067
0.0014029830
0.0051508825
-0.0052242959
-0.0083636567
0.0056355647
0.0072171232
0.0039246082
0.0003172372
-0.0014662098
-0.0058591524
-0.0083152438
0.0055102617
-0.0063941935
-0.0072386106
-0.0005535595
-0.0011099848
-0.0041146842
-0.0045630825
-0.0070163505
-0.0051184022
0.0019500701
0.0141525967
0.0031333056
-0.0041074995
-0.0084660249
-0.0086780004
0.0078417612
0.0061552627
0.0134718828
-0.0279049426
-0.0473745242
0.0276344810
0.0186547227
-0.0023193359
0.0016483532
0.0030226817
-0.0055777114
0.0114782229
0.0054290276
-0.0251081847
0.0065121213
0.0022959653
-0.0061128540
0.0001667480
0.0046329731
-0.0021552325
-0.0044322070
-0.0044847107
0.0105974097
0.0072370870
-0.0034169953
-0.0080343662
-0.0050305929
-0.0005786329
-0.0029957588
-0.0053166747
-0.0099796290
-0.0018179150
-0.0034323640
-0.0035759136
-0.0043831840
-0.0044504018
-0.0023213956
0.0006928092
0.0009386109
-0.0016862616
0.0015887426
-0.0008408951
0.0016856345
-0.0009906740
0.0035210853
0.0001568743
0.0017941612
0.0004475007
-0.0074745719
-0.0032563217
-0.0029405134
-0.0012420288
0.0001569473
0.0014059437
-0.0007392974
0.0048570540
0.0030365512
-0.0043623275
-0.0004309745
-0.0110002430
0.0013479959
0.0008180296
-0.0015835804
-0.0004286880
0.0010798625
0.0009642817
-0.0102814557
-0.0162708815
-0.0044204644
0.0137092145
-0.0067967959
-0.0060636220
-0.0055311890
-0.0009941924
0.0023483292
-0.0172374006
0.0335425511
-0.0279696304
0.0218875781
-0.0001493318
-0.0037260232
0.0011116904
0.0037337104
0.0042345384
-0.0033622626
0.0618773960
-0.0107138073
0.0099692186
-0.0024686723
-0.0056298785
0.0010650187
0.0025484243
0.0052926056
-0.0090929503
-0.0119308615
-0.0089945197
-0.0007478391
-0.0030639893
-0.0062202215
0.0001778443
0.0037740776
0.0078452909
-0.0012673757
0.0145412721
-0.0026037549
0.0035796647
0.0060943174
-0.0007216309
0.0009926998
0.0031595994
0.0058263345
-0.0044596661
0.0001599657
-0.0040112273
-0.0029210530
-0.0019120115
0.0024735131
0.0037066119
0.0005045501
-0.0007265157
-0.0000556328
0.0015161260
0.0002303768
0.0002279528
-0.0032957832
0.0012201407
0.0029313068
0.0003531416
0.0033665728
0.0040701092
-0.0030794865
-0.0030370764
0.0054220427
-0.0013739986
0.0005705497
-0.0017311953
0.0003914319
-0.0022107312
-0.0024877440
-0.0128420722
-0.0050554033
0.0058944090
0.0044433312
0.0024806091
0.0006488755
-0.0019323694
-0.0107564637
0.0110255415
0.0317100734
-0.0179473870
-0.0131290555
0.0087024197
0.0066775843
0.0055923262
-0.0021356307
-0.0076869470
0.0386814661
0.0322839916
-0.0296139996
-0.0101698553
-0.0014043644
0.0030728807
0.0023752330
-0.0042858035
-0.0000063576
-0.0082930475
-0.0358515233
0.0168346111
0.0228862911
-0.0106319897
0.0019100079
-0.0000994743
-0.0018699353
0.0021911215
-0.0124811297
-0.0212148167
0.0234164596
0.0046304893
-0.0094655612
0.0059094555
0.0019870999
0.0004166240
0.0084070414
0.0156003339
-0.0012599444
0.0052375966
-0.0024169413
0.0011344908
0.0072995881
0.0003252748
-0.0006951423
0.0076613431
0.0061607300
-0.0040423027
-0.0010477244
0.0006992243
0.0021366358
0.0022545175
-0.0005598282
-0.0017522214
-0.0010312340
-0.0022864880
-0.0131234154
-0.0040857312
-0.0034399880
-0.0000609186
0.0006978939
0.0006626750
0.0005671392
0.0005730149
-0.0030132874
-0.0134038674
0.0039973110
0.0015685211
-0.0016041814
-0.0000710809
0.0054301294
-0.0025334591
-0.0053555584
-0.0051019667
-0.0136571098
-0.0047041192
0.0061863228
-0.0064298203
-0.0022101973
0.0021183561
-0.0034328322
0.0013887883
0.0107798744
-0.0369260311
0.0137654617
0.0191322323
-0.0226077177
-0.0042508952
-0.0037776625
-0.0040168855
0.0174593125
-0.0062593869
-0.0726133883
0.0650172159
0.0145420199
-0.0200916287
-0.0036250348
0.0022413176
0.0028273389
0.0124063175
-0.0266473126
-0.0087824082
0.0129755223
-0.0151816588
-0.0021393467
-0.0012198541
0.0008117721
0.0020894273
-0.0083342027
-0.0049417755
0.0248052105
-0.0193803813
-0.0064204824
0.0041724476
-0.0058544325
0.0009724851
-0.0039265370
-0.0086869420
0.0068193022
0.0003893258
-0.0057956064
0.0020158915
0.0041087535
-0.0053451704
0.0017695446
-0.0024552620
-0.0002059672
0.0018996089
-0.0079757832
-0.0061660847
-0.0028676919
-0.0002115478
-0.0015936963
-0.0027091082
-0.0040199496
-0.0080737611
-0.0083755264
-0.0014758917
0.0024020791
0.0045783231
0.0011711108
-0.0027917677
-0.0008579767
-0.0013659006
0.0009718107
0.0024268376
0.0019478413
0.0028005887
-0.0036685155
-0.0059992298
-0.0017121149
-0.0012184405
0.0048997165
0.0144044207
0.0066475626
-0.0080264788
-0.0087972209
-0.0047162445
0.0007766483
0.0043769679
-0.0079361321
-0.0010173682
-0.0013866401
-0.0247155670
-0.0258742124
0.0056578112
0.0054356107
-0.0061358614
-0.0013573552
-0.0032019040
-0.0044554081
-0.0130272219
-0.0012376641
0.0566958822
0.0551949516
0.0091178818
-0.0020366902
0.0007824188
0.0051229438
0.0014084398
0.0077699386
0.0155820902
-0.0172483977
-0.0614842437
-0.0221643578
0.0135289980
0.0088072456
0.0010134960
-0.0016727763
-0.0048873280
-0.0196070522
-0.0240207259
0.0126818214
0.0176732689
0.0031488314
0.0029988093
-0.0005815694
-0.0016715558
0.0012277949
0.0145174731
0.0272010863
0.0159458276
-0.0067344462
-0.0118671525
-0.0025238746
-0.0022249334
-0.0009494099
0.0019898494
0.0054872441
0.0040834965
-0.0080375643
-0.0074008303
-0.0023840850
0.0019458098
0.0011506282
-0.0002195918
-0.0005101383
0.0022249746
-0.0008052019
-0.0040663108
0.0030015088
0.0021671786
0.0010645875
-0.0007318550
0.0002569958
-0.0014329244
0.0008200175
0.0032790522
0.0017443013
0.0001647565
0.0022943418
0.0018290078
0.0019389971
0.0002000955
-0.0071680830
0.0013135185
0.0166010354
0.0141654881
0.0047404673
0.0033201713
0.0013169562
-0.0001108605
-0.0023859367
-0.0101708202
0.0020013722
0.0087592155
-0.0254817642
-0.0055496050
0.0073046326
-0.0010311401
0.0024395767
-0.0047245389
-0.0208010748
0.0010538941
0.0182319712
-0.0471850224
-0.0263038464
0.0113198515
-0.0054629417
-0.0001699018
0.0008649353
-0.0071378187
-0.0033916398
0.0233314857
-0.0010239502
-0.0028508820
0.0198788941
0.0005164603
-0.0029261245
0.0028495167
0.0006292598
-0.0013124642
0.0097359288
-0.0034509008
-0.0069096615
0.0098965028
0.0011774630
-0.0026138197
0.0029724655
0.0036807491
-0.0012641392
-0.0020925675
-0.0095662642
-0.0087358467
-0.0025920728
-0.0019157475
0.0001562644
0.0026504162
0.0017806995
-0.0013305509
0.0066068992
-0.0009546196
0.0000141810
0.0039033962
0.0021557095
0.0033639928
0.0002385214
-0.0001119517
0.0011559171
-0.0002358689
-0.0050294958
0.0009498263
-0.0012183128
0.0025418249
0.0027410560
0.0004948765
0.0012987462
0.0014450951
0.0040275264
0.0021589061
0.0015483118
0.0013895715
0.0031739122
0.0045655961
-0.0005819926
0.0002980731
0.0027805765
0.0079564555
-0.0015224637
-0.0023653421
-0.0019551644
-0.0002442181
0.0004005689
-0.0015828185
0.0020562741
0.0066525438
0.0032310220
-0.0056131878
0.0014055698
0.0015042550
-0.0005380789
0.0015942748
-0.0053700898
0.0010030316
-0.0346644148
-0.0540086888
-0.0145563828
0.0002062052
-0.0002821654
-0.0055054403
0.0006673037
0.0043696915
-0.0066186446
0.0199141428
0.0503198579
-0.0217244010
0.0077692266
0.0050170184
0.0031010578
0.0005343955
0.0042898129
0.0040081148
-0.0055363174
-0.0122613553
-0.0158653446
0.0002654762
0.0063934373
0.0016306399
0.0008857290
0.0005489389
-0.0007126543
-0.0096882051
-0.0020693524
-0.0007675813
-0.0022123272
0.0039613815
0.0000141152
-0.0002768701
0.0001579722
0.0010829112
-0.0021899147
0.0026318096
-0.0003046386
-0.0000438805
0.0016779527
0.0018994852
0.0019435373
0.0033926903
0.0033125875
-0.0026145733
-0.0035055361
0.0040954766
0.0030191201
-0.0006314380
-0.0020486193
0.0010856370
0.0028754883
0.0014990155
-0.0002224131
-0.0065327496
-0.0042073913
0.0043585827
0.0015184445
-0.0040904265
-0.0004899975
-0.0032999197
-0.0065967375
-0.0065022851
-0.0263251215
-0.0155590251
0.0030140341
-0.0058969543
-0.0036305015
0.0008836084
0.0024588802
0.0026095398
0.0041757422
0.0072896262
0.0034745804
-0.0058511752
0.0037952750
-0.0044497284
-0.0045084618
0.0050998591
0.0178559665
0.0063381772
0.0490145162
0.0264826231
-0.0425078012
0.0000575921
-0.0166904703
0.0018929101
0.0009666356
0.0175413229
-0.0114067737
-0.0398889109
0.0002826441
-0.0137000959
-0.0002965974
-0.0064016772
0.0055381819
-0.0033304424
0.0142359417
-0.0085244114
-0.0325030722
0.0033694925
0.0015021623
0.0015730576
0.0044206516
0.0007644204
-0.0008384210
0.0055233645
0.0073276293
0.0152020641
0.0191470683
0.0006222976
-0.0033381565
-0.0000533651
0.0016475193
0.0012962586
-0.0027211725
-0.0034185960
-0.0172595251
-0.0077770296
0.0097393580
0.0038370613
-0.0006088444
0.0033613266
0.0032787849
0.0037666988
0.0006595902
-0.0055139042
-0.0043653902
-0.0023424395
0.0025413623
0.0036014747
-0.0004173596
-0.0044533587
-0.0030543436
-0.0022566291
-0.0011612108
-0.0036204264
-0.0056898906
-0.0026529545
-0.0003709221
-0.0023037286
-0.0052533676
-0.0073352340
-0.0072621088
0.0025087798
0.0182279553
0.0059493515
-0.0104004471
-0.0035262057
0.0070444630
-0.0009065786
0.0023850049
0.0084225526
-0.0160831269
-0.0187263470
0.0162044317
-0.0011193831
-0.0030412015
0.0007918255
-0.0016958419
-0.0006021754
0.0142695084
0.0154227549
-0.0550932884
-0.0226021111
0.0192930643
0.0030692900
-0.0014361400
-0.0022645260
-0.0050317999
-0.0257043857
-0.0001808959
0.0422931090
-0.0053888313
0.0015698902
-0.0022317087
-0.0026537359
-0.0002560481
0.0073582726
-0.0061064400
-0.0125312060
0.0165508445
0.0129759796
-0.0064759385
-0.0011411391
-0.0004114106
-0.0030780165
0.0071180849
0.0050753471
0.0039846208
-0.0093665188
-0.0045811562
-0.0110152215
-0.0021882174
-0.0000073252
-0.0035578948
0.0003505068
-0.0028951780
-0.0007075982
-0.0028237251
-0.0025918554
-0.0078369612
0.0000093269
0.0020217393
0.0025542723
0.0025455183
0.0028024034
0.0028363622
0.0070642107
0.0052614072
0.0036413565
0.0017381444
0.0001350999
-0.0016320508
-0.0011530087
0.0009086138
-0.0024960279
-0.0001307788
-0.0017928904
-0.0015890648
-0.0009640500
0.0002762344
0.0007116728
0.0047304686
0.0007552336
-0.0058418098
-0.0063680308
-0.0071221250
-0.0037243166
0.0004796960
0.0001482330
0.0013295192
0.0021233237
0.0027631267
0.0091544548
0.0120398672
0.0056021167
0.0022094590
0.0034687589
0.0086122071
-0.0006299181
-0.0136670182
0.0022903322
0.0030443349
-0.0098434677
0.0049542040
0.0059432518
-0.0006617333
0.0064854464
-0.0019762455
-0.0125291422
0.0101770982
0.0055271084
-0.0401151031
-0.0246325955
0.0048070545
-0.0035329922
0.0024004243
0.0001481147
0.0028774468
0.0021042840
0.0096039521
-0.0035207688
-0.0046387063
0.0105712144
-0.0009764626
0.0035003261
-0.0000356209
0.0056273690
-0.0017762944
0.0081863236
-0.0012430578
-0.0001300840
0.0133584132
0.0015736864
0.0042076176
0.0010070155
0.0067363726
0.0010721176
-0.0019908531
-0.0009995744
0.0009723865
0.0001001436
0.0009371336
-0.0027693263
-0.0004119880
0.0066369041
0.0060385838
-0.0037005176
-0.0022904852
0.0031752067
0.0030213422
0.0023856212
0.0003181872
0.0019282326
0.0044124597
-0.0023053593
0.0021247210
0.0037183948
0.0028106291
-0.0010876508
-0.0000780085
0.0005757770
0.0039668581
0.0081513766
0.0068234908
0.0153419310
0.0074038873
0.0003930588
-0.0020284592
0.0062227426
-0.0029637250
-0.0015329557
0.0163878277
-0.0007567474
-0.0086215772
-0.0049534398
-0.0004327864
-0.0013651161
0.0016658386
-0.0061601931
0.0040230597
0.0157682933
-0.0493150353
0.0068010446
0.0093078194
-0.0010748360
0.0123538384
0.0074463286
-0.0063896072
0.0069749807
0.0068470496
-0.0097925058
0.0387101211
-0.0100237019
-0.0198842250
0.0216693245
0.0058933967
0.0056847259
0.0040968349
0.0018605930
0.0092041288
0.0159396920
-0.0101666152
-0.0109861474
0.0113169523
-0.0023154509
0.0042784838
-0.0034893358
-0.0048379991
-0.0165592227
-0.0008283185
-0.0054571833
-0.0041740327
0.0055905501
0.0035925535
0.0030446814
0.0002789458
0.0015152488
0.0013033409
0.0035692835
-0.0017702354
-0.0037715607
0.0007896168
0.0021989988
0.0011035423
0.0020917263
0.0006354827
0.0002949785
-0.0026308049
-0.0000661562
0.0013161101
0.0044399677
-0.0035497793
-0.0019417888
0.0026886382
-0.0007762291
0.0046146978
0.0062213568
-0.0003363624
-0.0030494949
0.0015824684
-0.0024167337
0.0021692044
0.0049340832
0.0054376414
0.0020082407
0.0100204842
0.0059912018
-0.0000263366
0.0130967936
-0.0033831254
0.0031607733
-0.0007084344
-0.0013915231
0.0027915393
0.0486170650
-0.0186366532
-0.0002973317
0.0090049868
-0.0003000900
0.0021035757
-0.0007612053
-0.0179014131
0.0548596457
0.1538973302
-0.0103261629
-0.0000814011
0.0058131027
0.0024560571
-0.0019428572
-0.0032357422
-0.0059362086
-0.0257151704
-0.0033423698
-0.0107454108
-0.0089299949
0.0102729220
0.0017737023
-0.0031072428
0.0003150296
-0.0088735223
0.0040596020
0.0150241964
-0.0057610329
0.0035876520
0.0058429656
0.0032827139
0.0014411219
-0.0005857563
0.0002851831
0.0056904568
-0.0071657235
-0.0044587450
-0.0032722433
-0.0031683922
0.0035079357
-0.0001304815
-0.0006517926
-0.0000855602
0.0016322315
0.0034621246
0.0030644217
0.0001184478
0.0008978728
-0.0003378856
0.0011070351
0.0067165424
0.0047554271
0.0012789104
0.0001097545
-0.0061833411
0.0012500802
0.0021697809
0.0020640488
-0.0016161505
0.0015693100
0.0006245921
-0.0002598241
0.0047693895
-0.0018580278
0.0035615221
0.0015676380
0.0007653553
0.0034035521
-0.0038774454
-0.0084831379
-0.0086472910
0.0111087952
0.0141518163
0.0118529610
-0.0010132652
0.0002665723
0.0023460356
0.0035758975
0.0044604652
0.0021889925
-0.0013715002
-0.0117929624
-0.0052305581
0.0045621940
0.0035151034
-0.0007437485
0.0063839825
-0.0018995192
0.0129176835
0.0132123865
-0.0394043922
-0.0166169982
0.0152609730
-0.0007628568
0.0012609927
0.0066619390
-0.0240135081
-0.0174016561
0.0463034362
-0.0085266382
0.0043174559
0.0118560381
-0.0002362321
-0.0018192966
0.0059792809
-0.0002465494
-0.0168923084
0.0078188935
-0.0058599119
0.0062240702
0.0094512785
0.0016519973
0.0038446153
0.0074554542
0.0088692037
0.0060700364
-0.0062699472
-0.0159790497
-0.0019789180
0.0051769121
-0.0002069816
0.0026607097
0.0045190970
0.0030889618
-0.0024970560
-0.0009897642
-0.0055147745
-0.0013211146
0.0021954104
-0.0007854828
-0.0023074779
-0.0002337992
-0.0006566325
0.0039629564
0.0027748938
0.0060676164
-0.0041078804
0.0003420648
-0.0032729597
-0.0000397521
-0.0002973259
-0.0035310476
0.0070143384
-0.0034821576
0.0046186559
-0.0032389534
0.0004294862
-0.0026907292
-0.0077702580
-0.0038881402
-0.0108648278
0.0194918495
0.0006397356
0.0071043693
-0.0005555887
-0.0011083261
0.0014116932
-0.0071622976
0.0000884611
-0.0064346869
-0.0048857881
0.0085180718
0.0026765962
-0.0117844949
0.0007476942
-0.0014924979
-0.0064176433
-0.0025751493
-0.0103146024
0.0263568442
0.0338965058
0.0108705657
-0.0161114614
0.0056238654
-0.0043957233
-0.0023241912
-0.0013484390
-0.0017842997
0.0541163348
0.0246278066
0.0111101661
-0.0157989748
0.0066729924
-0.0072520920
-0.0012787487
-0.0080128154
-0.0026768649
-0.0051003727
-0.0111045875
-0.0069953413
-0.0241698008
0.0012527768
-0.0068216682
0.0080499807
0.0013970850
-0.0104535278
0.0164200515
0.0049264454
0.0042318855
-0.0021397856
0.0011679339
-0.0002384128
0.0043077427
0.0004385027
-0.0043685739
0.0138933845
0.0035270243
0.0081618223
0.0020070709
0.0013540740
0.0002038501
0.0030847501
0.0007191810
0.0028627461
0.0005930082
-0.0042757550
0.0029481789
0.0007199380
-0.0000497219
0.0017611587
0.0022107253
-0.0026883062
0.0001461088
0.0023916638
-0.0018017278
0.0013357714
0.0049097375
-0.0016201388
0.0016541455
0.0027908818
-0.0046550278
-0.0041591087
0.0034711831
0.0034231751
0.0063769743
0.0048640193
-0.0032017957
0.0058823824
0.0017450786
-0.0001963432
-0.0020274741
-0.0073813763
-0.0409433730
0.0080446908
-0.0004103048
-0.0050050849
0.0030761764
0.0053771217
0.0093190167
-0.0024822510
0.0131699741
-0.0377477184
-0.0014532228
0.0018435555
-0.0053716619
0.0032644828
0.0041599302
0.0002651102
-0.0115335453
-0.0019625244
-0.0321107432
-0.0016214642
0.0074764881
-0.0025025636
0.0046314239
0.0028924437
-0.0007361271
-0.0078075323
0.0005866634
-0.0098578930
0.0049674697
0.0048489082
-0.0012199829
0.0014741630
0.0019036620
-0.0010345036
-0.0031897682
0.0071155061
0.0046331212
0.0039325906
0.0012451257
-0.0011880487
-0.0017251669
0.0014500807
-0.0023980783
-0.0028335252
0.0028275275
-0.0002205636
0.0020720046
0.0017314245
-0.0013146807
-0.0017333953
-0.0007465879
0.0005524369
0.0046608481
-0.0038015200
-0.0043338714
0.0077034067
0.0011208786
-0.0005178736
0.0013651631
-0.0035824175
0.0019274650
0.0078478912
-0.0023446153
-0.0059998529
0.0065955035
-0.0047204047
0.0010318460
-0.0012321062
-0.0051266360
0.0037826921
0.0128206657
-0.0058420836
-0.0174720399
0.0053412467
-0.0102519570
0.0011157845
-0.0035445075
-0.0068195355
-0.0012446449
0.0129763912
-0.0102388812
-0.0179805942
0.0351009779
-0.0159373861
0.0032249810
0.0022851452
-0.0091482289
0.0009660345
0.0226695389
-0.0173816048
0.0010484011
0.0297318939
-0.0365309007
0.0217846595
0.0036816082
-0.0017333073
0.0060675801
0.0029143586
-0.0146797886
0.0368660316
-0.0304454882
-0.0200378839
0.0312534831
-0.0018749232
0.0052350597
0.0017034174
-0.0071302014
0.0018806858
0.0089600692
-0.0240417346
0.0011274145
0.0084954714
-0.0030549024
-0.0001476037
-0.0061388160
0.0024891051
0.0007072338
-0.0019706839
0.0084027788
-0.0061357971
-0.0004738525
0.0034264447
-0.0038560280
-0.0015399962
0.0036609464
-0.0040359017
-0.0032412051
0.0030189157
-0.0060392879
0.0023232666
0.0019457916
0.0011902520
0.0008864052
-0.0029048845
-0.0004384349
0.0007472762
-0.0008103449
0.0034123426
0.0007737176
-0.0014514870
-0.0009606579
-0.0002750542
-0.0017292411
0.0041247928
0.0024225791
-0.0056140912
-0.0020170545
-0.0013853742
-0.0020835798
-0.0057264511
0.0006793610
0.0040646764
0.0045196703
-0.0036324272
-0.0012309306
-0.0077936356
0.0026104536
0.0013792729
-0.0047605690
0.0034079135
0.0011272515
-0.0141996704
0.0117031755
-0.0020577812
-0.0161449239
0.0191965830
0.0011580456
0.0058377143
0.0025606132
-0.0188395586
-0.0094138011
0.0612021089
-0.0443624705
-0.0047539440
0.0229403619
-0.0019981710
0.0075456048
-0.0019213185
-0.0233964920
0.0301631335
0.0329405591
-0.0574199967
0.0108217634
0.0014407405
-0.0063193995
0.0019571905
-0.0047955350
-0.0110154543
0.0193857141
-0.0068946644
-0.0084092980
0.0114209224
-0.0066334503
-0.0048933947
0.0002849291
0.0001419256
-0.0070447545
-0.0019250556
-0.0095719285
0.0064182812
0.0020608115
-0.0071730018
-0.0009669092
0.0002668471
0.0001062783
-0.0024315049
0.0036640016
-0.0038752474
0.0061071706
-0.0009580604
-0.0021344961
0.0002596487
0.0002813853
0.0010224885
-0.0005025218
-0.0047657178
0.0001771221
-0.0047051865
-0.0071720020
0.0001462776
-0.0010945674
-0.0016795807
0.0012173274
0.0027475534
-0.0018794080
0.0009883681
-0.0087082451
-0.0076683084
0.0050244411
-0.0005630392
0.0007573404
0.0035401811
-0.0035808994
0.0015561974
0.0056425850
-0.0086508393
-0.0039079622
0.0075874706
-0.0006008754
-0.0031270415
0.0031524843
-0.0034444367
-0.0097024739
-0.0033254067
-0.0029340759
-0.0130709726
0.0029822253
0.0008037514
-0.0065953163
-0.0009960388
-0.0002178740
-0.0414813906
-0.0169434994
0.0030527371
-0.0161575712
-0.0071634050
-0.0049536293
-0.0075575286
0.0004839638
0.0250518806
-0.0210843068
-0.0150241628
0.0129784700
-0.0073098307
-0.0008152721
-0.0019291193
-0.0009847509
0.0013849082
0.0114401830
-0.0112038460
-0.0049261781
0.0080790874
0.0013723866
0.0022222667
-0.0000399602
-0.0059134779
-0.0036507340
-0.0043480182
-0.0134653375
-0.0096052950
-0.0001858338
0.0014176514
-0.0083273025
-0.0072819116
-0.0055376990
0.0006041771
-0.0018428928
-0.0027518577
-0.0044912267
-0.0019463988
0.0013951871
-0.0031618064
-0.0067335814
0.0025277270
-0.0014136038
-0.0053418684
-0.0058960179
-0.0016311086
0.0009729126
0.0000202270
-0.0016677193
-0.0012140584
-0.0026922789
0.0013012964
0.0018387606
0.0007998990
-0.0014456700
-0.0029609147
0.0001555419
0.0025450911
0.0020575190
-0.0030319889
-0.0006042931
0.0082734236
0.0066417255
0.0019324779
-0.0028055711
-0.0027835893
0.0029496173
0.0057777814
0.0000556206
-0.0018127166
-0.0008060607
-0.0100201890
-0.0135856541
0.0199168567
0.0024511011
-0.0085967891
-0.0000872411
0.0050808610
-0.0007221585
-0.0012493678
0.0110781407
-0.0252200179
0.0025194758
0.0231450256
-0.0037952086
-0.0063556656
0.0024748857
-0.0042469478
-0.0167753901
0.0059541692
0.0370949917
-0.0338744074
-0.0106067434
0.0055932077
0.0003183755
-0.0014832625
0.0050134384
0.0034838787
-0.0138996011
0.0197987054
0.0146936802
-0.0102742724
0.0061515146
0.0015211032
-0.0071195140
-0.0020128887
0.0092535168
0.0012931776
-0.0211781897
-0.0029784504
-0.0023938771
0.0059048836
0.0050360998
0.0006611302
-0.0048412061
-0.0025680007
0.0040297215
-0.0050507807
-0.0038433028
0.0011029043
0.0012782922
0.0027525066
-0.0011128010
-0.0011240155
-0.0008877074
0.0008049212
0.0051240441
0.0090336865
0.0018856279
0.0032120368
0.0041196714
-0.0006468216
-0.0021053583
-0.0014580250
0.0022243639
0.0032206252
-0.0020676737
-0.0012527475
0.0011904699
0.0013868070
-0.0031328218
-0.0032561731
0.0029270716
0.0036420627
-0.0022170136
-0.0176710077
0.0064699859
0.0035723404
-0.0031263346
-0.0008229782
0.0062296647
0.0080799395
-0.0037459240
0.0181056745
0.0241283104
0.0107075088
-0.0054646768
0.0004368845
-0.0061362567
-0.0011844465
-0.0089123780
-0.0264643170
-0.0229027122
0.0098350765
0.0138280923
-0.0069796024
0.0022862619
-0.0037394464
0.0022804849
0.0064515187
0.0058002607
0.0001442682
-0.0257115234
-0.0057520699
-0.0030796225
-0.0050709303
-0.0061009028
0.0002294456
-0.0015437254
0.0051650745
0.0269273221
0.0068497797
-0.0068582604
-0.0097241392
-0.0017909129
-0.0014704907
0.0020375939
0.0018632223
-0.0024327119
-0.0058038319
-0.0043130829
0.0090367692
0.0095361294
0.0066249487
-0.0056055491
-0.0033076194
0.0021945904
0.0045548622
0.0019156878
-0.0010374011
0.0005864723
0.0006491671
0.0048989914
-0.0004407051
0.0032234506
0.0030543981
0.0010846404
0.0004003706
0.0038495662
0.0080476021
0.0079617752
0.0017830963
-0.0006040038
0.0038105675
0.0011783052
0.0032475293
0.0015778653
0.0004164306
-0.0038783094
0.0005165009
0.0020262762
0.0019663209
0.0067411102
0.0051859701
0.0188900884
0.0275058690
0.0195724610
-0.0070753107
0.0003761939
0.0019298822
-0.0016427843
-0.0022118592
-0.0045572612
-0.0023792053
-0.0425162427
-0.0128787942
0.0053269509
-0.0043783626
-0.0050753052
-0.0009282490
0.0107942671
0.0163707267
-0.0272765364
-0.0969401300
-0.0107101547
-0.0005588564
-0.0070803738
-0.0039464636
-0.0052362769
0.0000981441
0.0029815126
0.0129642524
0.0204707775
0.0454534553
-0.0008936347
-0.0065674945
-0.0026511180
0.0050330120
-0.0006032255
-0.0094422167
0.0047490750
0.0013838821
0.0027683391
0.0020302765
0.0042005419
-0.0023129880
0.0061190822
0.0007208156
-0.0010077009
-0.0058585554
-0.0161105543
-0.0143597536
-0.0007378637
0.0047873324
0.0016278226
0.0009550040
0.0012368469
0.0002507510
-0.0001199593
0.0045249495
0.0019349788
-0.0006815612
-0.0022068263
-0.0006843289
-0.0024722300
0.0001331919
0.0014869046
0.0002217194
0.0039332807
0.0030556377
-0.0010239986
0.0034289868
0.0008146490
-0.0007928869
-0.0001292044
0.0005506764
-0.0000447162
0.0012355410
-0.0034620771
-0.0024813784
0.0016139089
-0.0009163223
-0.0015192553
-0.0000860159
0.0023015835
0.0046900650
-0.0031910597
-0.0151154371
-0.0058302679
-0.0007081166
-0.0039541405
-0.0011007339
-0.0023609488
-0.0070005930
0.0029009040
0.0055136625
-0.0024809807
0.0041933199
0.0047818348
-0.0027776116
0.0026859085
-0.0002419574
-0.0133499140
-0.0002648475
0.0076512452
-0.0020646448
0.0037633013
0.0124645652
-0.0021046377
0.0039683930
-0.0007005767
-0.0136841079
0.0134837357
0.0155288568
-0.0363006629
-0.0115202796
0.0056120893
-0.0043964414
0.0019098227
-0.0037955975
-0.0097246198
0.0026551588
0.0045214226
-0.0107112452
0.0022864821
-0.0019555630
-0.0014303058
0.0024626704
-0.0012081560
-0.0028249938
0.0006421166
0.0067104925
0.0114316568
0.0087315179
0.0020743115
0.0011139787
-0.0010095437
0.0004429813
0.0010171871
-0.0011002545
0.0004286546
0.0019839769
0.0018319668
-0.0015208251
-0.0021307003
0.0027259472
0.0028776487
-0.0005327010
0.0004926993
-0.0026997521
0.0028487202
0.0087076658
0.0069912756
-0.0005260759
-0.0012391552
-0.0005672828
-0.0016645537
0.0011309928
0.0001864251
0.0025965516
-0.0042187115
-0.0025249585
-0.0042141457
0.0047724796
0.0011043571
-0.0104833972
-0.0051544467
-0.0134738022
-0.0022354044
-0.0044307131
-0.0075431187
-0.0110646421
-0.0019579011
0.0006181767
-0.0007229964
0.0021923734
-0.0031295735
0.0020742691
-0.0005787212
0.0115976734
-0.0013208966
-0.0010119224
-0.0003864226
-0.0001232289
0.0332837850
0.0567926504
0.0338482335
-0.0013704118
0.0260837600
0.0026803014
0.0029713649
-0.0058673387
-0.0162731968
-0.0152040385
-0.0470362492
-0.0651617795
-0.0382157043
0.0080043813
-0.0044710059
0.0048008240
-0.0009077070
0.0008814374
0.0042647654
0.0077602100
0.0263751354
0.0101535050
0.0022690189
-0.0022713596
0.0006514823
-0.0021397402
-0.0018257464
0.0011044171
-0.0098699173
-0.0030166381
0.0038788554
-0.0022667020
-0.0079147462
0.0017239379
-0.0002535639
0.0015667675
-0.0047532404
-0.0072727376
0.0012383976
-0.0029746655
-0.0003524754
-0.0070317872
0.0003603793
0.0021940193
0.0032041706
-0.0016754330
0.0018172762
-0.0014931230
0.0002280728
-0.0008408632
-0.0001383192
-0.0000849873
0.0026340894
0.0037134984
-0.0011546158
0.0023309134
0.0002623952
0.0015736026
-0.0005023495
0.0000712144
0.0027428726
0.0042437688
0.0014189737
0.0039861663
0.0179949142
0.0100954473
0.0042943065
-0.0008027861
0.0040112105
0.0072190873
0.0009777372
-0.0076734154
0.0046394817
0.0078599285
-0.0106631657
-0.0038091834
0.0020075880
0.0047434866
0.0038388381
0.0025244739
-0.0028069718
-0.0013066450
-0.0219120514
-0.0421595089
-0.0307241920
-0.0076857675
0.0018338111
0.0082709314
0.0037223035
0.0048322151
0.0013082267
0.0591137409
0.0521767214
0.0082552265
0.0075812377
0.0087628737
0.0024476920
0.0014240406
0.0062405728
-0.0161313452
-0.0170832984
-0.0118958261
0.0010534198
0.0117637422
0.0045737284
-0.0000679408
0.0031665913
0.0038704528
0.0050005848
0.0130441645
0.0043832362
-0.0059765307
-0.0003178302
0.0045354515
0.0038926583
0.0036223095
-0.0047812606
0.0052478383
0.0016739354
-0.0080896616
0.0008250348
-0.0006804281
-0.0001934021
0.0007100069
0.0014247177
-0.0004189188
0.0003503020
0.0039215456
0.0008801664
-0.0016603509
0.0019498274
-0.0016628429
-0.0008284149
-0.0013915454
0.0011274688
0.0030646436
0.0017875652
-0.0017295410
-0.0020124521
-0.0013567966
-0.0022923981
-0.0016170843
0.0044127945
0.0078164591
0.0089285644
0.0160549246
0.0146534834
0.0035709967
0.0020192401
-0.0006302332
-0.0005823533
0.0014192506
-0.0004009897
0.0010723642
0.0226453673
0.0065785628
-0.0134611893
0.0062934645
0.0041418741
0.0000397291
-0.0001982689
0.0001162374
0.0067741023
-0.0121213235
0.0007165399
-0.0037193808
0.0088509843
-0.0019215660
-0.0036095565
-0.0021721153
0.0051131188
-0.0104237590
0.0396629721
0.0232507419
-0.0133904181
0.0025458445
-0.0040320521
-0.0025002104
-0.0040383432
-0.0027443387
0.0025661632
0.0147456378
0.0156142721
0.0051122941
-0.0025377744
-0.0009105045
0.0005868084
-0.0008467124
-0.0060179573
0.0043379162
-0.0025800595
-0.0007146430
-0.0022085188
-0.0053254697
-0.0051620803
-0.0011592356
0.0005945771
0.0001677778
0.0050808615
0.0027750290
0.0049303467
-0.0003187069
-0.0037454853
-0.0038001614
0.0031110963
0.0009186646
-0.0003732913
-0.0005856997
0.0035489632
-0.0011211463
-0.0005782583
-0.0026638468
-0.0005572392
0.0025206627
-0.0010801735
0.0023986467
-0.0003495495
0.0034102001
-0.0008804596
0.0015310373
0.0004272891
0.0003150408
0.0044239461
-0.0025941608
0.0012750620
-0.0088119199
-0.0020007803
0.0010758261
0.0050993999
0.0043722256
0.0005294325
0.0073786629
0.0004877948
0.0070185275
-0.0008988153
0.0027320876
-0.0050246455
-0.0032381280
-0.0022906787
0.0008779279
0.0078467801
-0.0021387863
0.0149972634
-0.0089346068
-0.0183454249
-0.0027435662
0.0071343645
-0.0120583614
0.0021040686
0.0029531585
-0.0031726870
0.0167406667
-0.0266621467
-0.0222718511
0.0225389320
0.0165690035
-0.0151545685
0.0014867092
-0.0013440390
0.0052986001
0.0165945310
-0.0131843733
-0.0116357114
0.0068742083
0.0059240730
-0.0053574392
0.0011472122
-0.0035734482
0.0018699327
0.0137054687
-0.0020400411
-0.0024720717
0.0006408549
0.0038411799
-0.0014164114
-0.0006756533
-0.0017479945
-0.0011713422
0.0045354227
-0.0049047237
-0.0010118341
-0.0015467491
0.0018367500
0.0003172333
-0.0008701081
-0.0027031801
-0.0021757528
0.0005631648
-0.0023595155
-0.0071930294
0.0020518557
-0.0024925349
-0.0035218946
-0.0002923332
0.0022106923
-0.0034422476
0.0002002995
0.0023019619
-0.0012066280
0.0057355813
-0.0018093787
-0.0007148405
0.0024396819
0.0022218160
-0.0039877053
-0.0019585395
0.0081557352
-0.0037490909
0.0031511365
0.0051579280
-0.0060932934
-0.0020386628
0.0023299349
-0.0049941037
-0.0173315853
0.0188271031
0.0063246135
-0.0237588678
0.0192851517
-0.0048846444
-0.0073008440
0.0004600085
0.0023979994
-0.0138832768
0.0100246770
0.0550490618
-0.0657085776
0.0118053583
0.0172029808
-0.0009659705
-0.0019565723
0.0017786709
-0.0029586197
-0.0266569145
0.0462731533
-0.0299864803
-0.0172728896
0.0261494834
0.0024525295
-0.0032520783
0.0033477060
0.0062603042
-0.0155924261
0.0077949329
0.0137756960
-0.0224392526
0.0141167194
-0.0037962722
-0.0063043381
-0.0020513972
0.0057567130
-0.0018850917
-0.0087326253
0.0110104615
-0.0090044755
0.0090645915
-0.0009770528
-0.0038404902
-0.0024205719
0.0028479742
0.0003875957
-0.0050999839
0.0050610038
-0.0039196280
0.0022393051
0.0013079166
-0.0001504001
0.0006771179
0.0036665262
0.0042268480
0.0025365218
0.0007662446
-0.0048513054
-0.0049927114
0.0019837942
-0.0002131432
0.0009268755
-0.0002665805
-0.0056099058
-0.0077247797
0.0014058403
0.0071458053
-0.0003783053
0.0030735664
-0.0046905447
0.0032047345
-0.0017567091
-0.0152436253
-0.0142884282
-0.0043782424
0.0074954946
0.0069921277
0.0062721255
-0.0036868383
0.0071452437
0.0095859114
0.0144926840
0.0234216210
0.0068214391
-0.0002552954
-0.0056827362
0.0001533556
-0.0068143480
0.0087599931
0.0246369299
-0.0191638693
-0.0375991240
0.0082202991
0.0073510041
-0.0170624740
-0.0016601195
-0.0085020708
0.0053540515
0.0144257545
-0.0113394763
-0.0131650530
0.0290831141
0.0258742776
-0.0072005624
0.0028702139
0.0015202488
0.0038559290
-0.0106755393
0.0056348173
0.0102199018
-0.0000712866
0.0078174714
0.0021767481
0.0047533792
0.0040865638
0.0017388996
-0.0098176161
0.0015619873
-0.0140454657
-0.0139176073
0.0043155015
0.0018623031
-0.0010931062
-0.0013099458
0.0037507350
0.0039713141
-0.0011984790
-0.0005144197
0.0014261192
0.0066265408
0.0019088916
0.0002745099
0.0044278693
0.0017634416
-0.0015603813
0.0043306830
0.0048580896
0.0063939891
0.0023241243
0.0002377027
-0.0006410147
0.0036989234
-0.0007538723
-0.0035542136
0.0036835403
0.0002532650
-0.0010189394
-0.0010744534
-0.0009438235
0.0015357778
-0.0005194611
-0.0005290011
0.0048358040
0.0097748069
-0.0072805323
-0.0091427872
-0.0051268293
-0.0010729370
0.0012954703
0.0027642837
-0.0009667599
-0.0068009957
0.0031956427
-0.0025973998
0.0056848922
0.0065334146
-0.0024338837
-0.0031032444
0.0041531320
-0.0026093961
-0.0249268338
0.0211990029
0.0015374580
-0.0045158155
0.0067067784
-0.0079806857
-0.0043053669
0.0029419353
-0.0043149600
-0.0193654802
0.0403797813
-0.0161627550
-0.0143413395
0.0019081851
-0.0069740028
-0.0024223332
0.0025082668
-0.0034149841
-0.0103846453
0.0106232781
-0.0112679806
0.0002720301
0.0088445842
-0.0056298370
-0.0047690170
0.0011837406
-0.0008895905
-0.0057671196
0.0034202780
0.0014265592
-0.0006454316
0.0055723558
-0.0017028797
-0.0043582940
0.0001237246
-0.0005063057
-0.0050879009
0.0008355247
0.0039210115
0.0076170261
0.0044989898
-0.0002798475
0.0012208454
0.0018324744
0.0019854677
0.0013352216
-0.0023087757
-0.0056178705
-0.0012560794
0.0028575957
0.0026625707
0.0026241506
0.0003276712
-0.0022686634
0.0015585123
0.0007145915
0.0015920647
0.0051009739
0.0010251994
0.0014005998
0.0001343013
0.0028790245
0.0031337391
0.0003988955
-0.0038218719
-0.0067556910
-0.0013650742
0.0044641104
-0.0015257299
-0.0054880232
-0.0045991540
0.0022240186
0.0067065726
-0.0042636669
-0.0225228686
0.0248100776
-0.0151301753
0.0006484974
-0.0016221460
-0.0039908648
0.0017083688
0.0024607074
-0.0139124058
-0.0295324102
0.0769890845
-0.0292729400
-0.0046497146
-0.0066654482
-0.0038393508
0.0038906827
0.0068392199
0.0041842815
-0.0289818924
-0.0220204201
-0.0071668439
-0.0033460879
-0.0059980690
0.0006993492
0.0004954293
0.0009292433
0.0074569075
-0.0043410221
0.0148215089
0.0076940157
-0.0030472109
-0.0030860300
-0.0027116574
-0.0010874475
-0.0094851954
-0.0058378582
-0.0130574843
0.0000162728
0.0066767437
-0.0012193304
-0.0035327310
-0.0021369089
0.0023719885
-0.0010206497
-0.0004379904
-0.0038616115
0.0083519770
0.0031513460
-0.0011893770
-0.0026707887
-0.0009068560
-0.0015087422
-0.0017299734
-0.0011351495
-0.0020735706
-0.0023689363
0.0030765177
-0.0018619974
-0.0000010899
-0.0004394256
0.0004471723
0.0030364795
-0.0003894045
-0.0023706225
0.0009932227
0.0086914152
-0.0008785391
-0.0014494052
-0.0017346663
0.0002753502
0.0041486556
0.0052388837
0.0113827828
0.0160438288
0.0143546257
0.0004640750
0.0014960871
-0.0007583529
-0.0004676320
-0.0001049923
-0.0095556527
-0.0100386422
-0.0049901931
-0.0025264898
-0.0051438385
-0.0001645406
0.0030536391
0.0001173217
-0.0033657888
-0.0013657809
-0.0213273596
-0.0321847200
-0.0042767692
0.0016397296
0.0041143443
0.0016281439
-0.0004284360
-0.0038049729
0.0076654782
0.0300710686
0.0213462636
0.0101668993
0.0004192947
-0.0005219156
-0.0026219804
-0.0022458627
-0.0029164655
-0.0097688101
-0.0048688399
0.0032764939
0.0065469784
0.0057713143
-0.0007568135
0.0040749195
0.0039019655
0.0017662791
-0.0016087078
-0.0080770170
-0.0128207123
-0.0087781874
-0.0021895256
-0.0003722891
0.0008264052
0.0003871004
0.0002631717
0.0003107757
-0.0031299256
0.0023951130
-0.0004708180
-0.0041162511
-0.0047379951
-0.0025417623
0.0020661294
0.0044094673
0.0049251760
0.0019093440
0.0041783247
-0.0071346215
-0.0022263888
0.0042723804
-0.0011053632
0.0019398022
-0.0000213414
-0.0017791566
-0.0087811518
-0.0095607098
-0.0016005310
0.0065718279
0.0002351657
0.0023412118
-0.0020475229
-0.0098552862
-0.0206631776
-0.0238769893
0.0049265781
0.0142472228
-0.0017844371
-0.0081464108
0.0012536142
-0.0030066092
-0.0006715349
0.0284728836
0.0433953218
0.0050845328
-0.0195486769
-0.0072388952
-0.0003846649
-0.0000464654
0.0015013894
0.0084050791
-0.0021533584
-0.0517210923
-0.0494621582
-0.0191100296
-0.0047688195
-0.0024007384
-0.0026385651
-0.0004297334
-0.0119624557
-0.0106630912
0.0038853697
0.0497036316
0.0267390031
-0.0029389465
-0.0050431876
-0.0021488224
-0.0030901972
-0.0066944705
0.0090985028
0.0087727522
0.0002220631
-0.0047879368
0.0033678736
-0.0026311865
0.0032238346
0.0026681351
0.0024970206
-0.0118332319
-0.0317816883
-0.0261007231
-0.0131665375
0.0064053657
0.0057790927
-0.0023473026
-0.0002421529
-0.0048637264
-0.0072923070
-0.0093381582
0.0003383805
0.0006112247
0.0000342766
-0.0052387165
-0.0013258854
-0.0038998642
-0.0034484316
-0.0006280784
-0.0101334313
-0.0053213811
-0.0022393321
-0.0008793990
-0.0051458189
0.0047177277
-0.0048278342
0.0016454114
0.0035766235
-0.0169084314
0.0015698856
-0.0011357305
-0.0028843125
-0.0020540287
0.0025494683
-0.0074779084
0.0085367430
0.0153602771
-0.0326167271
-0.0025338514
-0.0066605527
-0.0080854744
-0.0016602937
0.0051888213
-0.0020397401
-0.0170705412
0.0104062362
-0.0127560841
-0.0088441670
0.0028503982
-0.0005422862
-0.0022337656
0.0010859710
0.0008177468
-0.0171531998
0.0180479512
0.0331527628
-0.0201825015
0.0065917489
0.0061964677
-0.0023234386
0.0003881653
0.0026164118
0.0088583110
-0.0145548731
0.0264592320
-0.0359305255
-0.0065543484
0.0013190022
-0.0037573981
-0.0045747668
0.0010345210
0.0215089377
-0.0237033796
-0.0049020792
-0.0189268719
-0.0129267769
-0.0003837306
-0.0007793664
-0.0008589581
-0.0027957333
0.0122547690
-0.0066845221
-0.0044901427
0.0102474112
-0.0065047955
-0.0021314360
0.0019332984
-0.0036831708
-0.0062382678
0.0005289546
-0.0050631724
-0.0096495822
0.0063576531
-0.0003701787
-0.0072985198
0.0011899001
0.0037532353
0.0010969507
0.0004626474
-0.0006469966
-0.0008453146
0.0010112034
0.0034139557
0.0032593587
0.0029671453
0.0007868040
0.0003093384
0.0004618258
0.0026155044
-0.0006381736
0.0011844180
0.0025338475
-0.0016738672
0.0008207665
0.0025376899
-0.0010521064
-0.0012066823
0.0035799698
0.0036202064
0.0028373564
0.0065760631
-0.0036878164
-0.0013972238
-0.0012170435
-0.0012605323
-0.0015435882
-0.0063758311
-0.0042020814
-0.0003387340
-0.0020569584
0.0002003336
0.0018035601
-0.0073066154
0.0023503671
-0.0003563652
-0.0116545819
0.0128594432
0.0001482404
-0.0196502600
0.0014465599
-0.0014643297
-0.0078374064
0.0005739655
0.0101150824
-0.0027670928
-0.0025905650
0.0031048539
-0.0025409516
-0.0005388927
-0.0034788218
0.0040423120
-0.0021271221
-0.0071248673
0.0035963387
-0.0386498757
-0.0273644440
0.0073916335
-0.0147739239
-0.0045577874
0.0035759052
0.0029141018
-0.0074207410
0.0166768655
0.0091389371
0.0135202687
0.0132323978
-0.0067286016
-0.0005092805
-0.0029611092
0.0015344387
-0.0010807184
-0.0014961914
-0.0058267415
0.0006542608
0.0012552347
0.0012200540
0.0039195693
-0.0045136181
-0.0036639969
-0.0012556367
-0.0020119478
-0.0090178493
0.0028375131
-0.0015433943
-0.0028815970
-0.0021622358
-0.0008460524
0.0000721009
-0.0001705808
0.0020274669
-0.0080882600
-0.0000127240
0.0025095772
-0.0015640920
-0.0011051249
0.0024687811
0.0013289364
0.0033203503
0.0029891261
-0.0049568634
-0.0030936252
0.0023325405
-0.0039433804
0.0006655840
-0.0015089957
-0.0020821427
0.0001594374
-0.0016724201
-0.0084478213
0.0156631265
0.0100240363
-0.0035987652
0.0029559161
0.0042093322
-0.0036747758
-0.0073339646
-0.0067425445
-0.0280895848
0.0335839130
0.0176609568
-0.0136680417
0.0076825996
0.0041041644
-0.0044443272
-0.0038146793
0.0356084146
-0.0099204453
-0.0111795617
0.0044963737
-0.0139162596
0.0012740358
0.0028565263
-0.0072785867
-0.0130134393
0.0271341596
0.0003196962
-0.0119940508
0.0051957895
-0.0077384114
-0.0007286759
-0.0021839975
-0.0014720726
-0.0102368286
-0.0017066322
-0.0061542476
0.0054373941
0.0125584994
-0.0009053001
0.0017436020
-0.0031960229
0.0009220374
-0.0006840447
0.0032303971
-0.0068014236
-0.0000007794
0.0018260531
-0.0001714021
0.0001929402
-0.0000233731
-0.0007183010
0.0020548934
0.0018268374
0.0055569224
0.0026255983
0.0041571786
-0.0022685733
-0.0015821083
0.0032666982
-0.0013920339
0.0024054572
0.0017067604
-0.0079672942
-0.0053303433
0.0057510184
0.0009229795
0.0035310634
0.0026795215
-0.0012854616
0.0025086135
-0.0003353237
-0.0221216381
-0.0130398693
-0.0063126152
-0.0131360572
0.0053487699
0.0010250194
0.0046707890
0.0176594239
-0.0138309384
-0.0151011655
0.0543362498
0.0046090619
-0.0024247379
0.0165286474
0.0032250546
0.0015629978
0.0053406386
-0.0182161089
0.0035859423
0.0941113606
0.0103037739
-0.0161059424
0.0133568570
0.0018258237
0.0020170833
0.0131544759
-0.0009709399
-0.0327027515
-0.0183036290
-0.0141026881
-0.0126655558
0.0091731269
0.0106146401
0.0062342179
0.0108743226
0.0122438855
0.0295272376
0.0247765165
0.0111849904
0.0059998222
0.0099665187
0.0029606489
-0.0000780755
0.0060251816
-0.0018994011
-0.0011626547
-0.0053914981
0.0023112481
0.0052448269
0.0044355369
0.0006557709
-0.0025832383
0.0012094382
-0.0054338961
-0.0049300711
-0.0082772085
-0.0046955338
-0.0026001814
0.0020521386
-0.0002467759
-0.0015045806
0.0012157960
-0.0056815585
-0.0047426717
-0.0023126900
0.0019096248
0.0029015441
0.0063380767
0.0019987759
0.0006702533
0.0021789437
0.0014819310
0.0062511931
0.0035864983
-0.0029491154
-0.0011308169
0.0049333074
0.0062722629
-0.0000462377
0.0087460503
0.0155493952
0.0097142234
-0.0028848057
-0.0112975929
-0.0087044397
0.0039585815
0.0019740812
0.0008434175
0.0069409637
-0.0198922381
-0.0119154947
0.0104697859
0.0062479125
-0.0047747819
0.0036875075
-0.0039035545
-0.0008423678
-0.0000031364
0.0002238169
0.0402392112
0.0314934403
0.0175227951
-0.0043628165
0.0029004239
0.0012655696
0.0026378385
0.0013709405
0.0095869731
-0.0015925459
-0.0278641414
-0.0087425839
-0.0069376114
0.0040166024
0.0027182398
-0.0003843213
-0.0033098403
-0.0033110466
-0.0054364051
-0.0123655172
-0.0018381494
-0.0033138383
0.0016583791
-0.0003526123
-0.0008621991
-0.0012937087
0.0037448918
0.0138569847
0.0259997081
0.0143223293
-0.0014089800
0.0033055148
-0.0012181908
-0.0005991420
0.0001326406
0.0012703724
0.0009886739
0.0030379009
0.0014658963
-0.0017573965
0.0027017787
0.0048319520
0.0010491358
-0.0026182667
0.0018939523
0.0021048782
-0.0050378889
-0.0027916247
-0.0025796003
0.0029592826
-0.0000331425
-0.0010164055
-0.0029901648
-0.0030332347
-0.0002810808
-0.0015708402
0.0018329349
0.0040103937
0.0025960482
-0.0003317600
-0.0034178668
-0.0032931303
-0.0037115244
-0.0033861306
-0.0008683685
0.0027347957
-0.0002692922
-0.0037121940
0.0071854545
-0.0026346934
-0.0002943253
0.0029517270
0.0076535987
-0.0109835602
0.0018521727
0.0007897893
0.0027834554
0.0063632336
-0.0061684027
-0.0027245695
-0.0051745549
0.0197185893
-0.0058014854
0.0064338166
0.0052981153
0.0042493297
0.0052342471
-0.0031184528
-0.0085512418
0.0040486301
0.0275499765
-0.0132509032
0.0017717405
0.0027436782
0.0018891590
0.0030727091
-0.0015627193
-0.0068348581
-0.0032818890
0.0076886811
-0.0096676676
0.0063452218
0.0055282903
0.0042167464
-0.0003615348
-0.0019840442
-0.0016932548
-0.0002536107
0.0178863220
-0.0069362647
0.0001167536
0.0022058373
0.0017772894
-0.0037559934
-0.0006581566
-0.0013243462
-0.0052702334
0.0056463489
-0.0054130210
-0.0018289937
-0.0000391483
-0.0005310883
-0.0018099615
-0.0003961696
0.0029208458
0.0039113727
0.0049675452
0.0009510829
-0.0030043148
0.0020891693
-0.0003644939
0.0001569954
-0.0005196196
-0.0003594271
-0.0015237387
-0.0008908930
0.0006474623
0.0009284597
0.0007556232
0.0010292022
-0.0009325799
-0.0003953524
-0.0033758932
-0.0050105718
-0.0116486317
-0.0008310967
-0.0024627990
-0.0019738122
0.0034795369
-0.0014863563
0.0008870075
-0.0003196996
0.0056372965
0.0038633023
-0.0095927361
-0.0075649903
0.0074693328
0.0037695034
0.0064752717
0.0041999556
0.0041742963
0.0295005571
0.0459494852
0.0223486070
0.0052336189
0.0055309972
0.0033813342
-0.0031180112
-0.0042078630
-0.0015469609
-0.0288394000
-0.0373097956
-0.0346434824
-0.0053305496
-0.0042362055
-0.0019596189
-0.0007691372
0.0033702420
0.0134223290
0.0035084239
0.0085258391
-0.0037896230
0.0107183671
0.0083772903
0.0051948549
-0.0010763220
-0.0029664780
-0.0029022242
0.0011960673
-0.0007309186
0.0031205059
0.0036480175
-0.0000411836
0.0022560544
-0.0005425957
-0.0026117321
-0.0028634684
-0.0036704857
0.0003986302
0.0074729808
0.0027170004
-0.0001655537
-0.0018508864
-0.0000440779
0.0022902754
0.0046086814
-0.0032438443
0.0049552233
0.0023112288
0.0002566848
-0.0042505250
-0.0042446703
0.0030453845
-0.0002332725
0.0022999533
-0.0032847319
0.0033663984
0.0009760179
0.0070918431
-0.0028748799
-0.0060198326
0.0066895285
-0.0023761445
-0.0021299496
-0.0013012622
0.0022839627
-0.0033654463
0.0222646017
-0.0042418316
-0.0055298526
0.0055445298
-0.0026407391
-0.0035337368
0.0108572794
-0.0068127052
-0.0069423029
0.0214815736
-0.0299881268
-0.0086112386
0.0009062035
-0.0037502195
0.0024056837
0.0092908992
-0.0421880931
0.0117263934
0.0255460776
-0.0274137482
-0.0027589651
0.0002061473
-0.0044778031
0.0122918654
0.0086646462
-0.0378531255
0.0418708548
0.0000627591
-0.0135094589
0.0008609182
-0.0051080473
-0.0052509881
0.0183352046
-0.0043964344
-0.0107109472
0.0275756344
-0.0105948392
-0.0042819479
-0.0001082708
-0.0072508291
0.0026864347
0.0133970547
-0.0180271603
-0.0056049433
0.0076096943
-0.0010333291
-0.0068418207
-0.0037949602
-0.0056207394
0.0030861590
0.0076818662
-0.0099393250
-0.0027084532
0.0020340797
0.0016728935
-0.0057943217
0.0005686647
0.0008753029
0.0017283028
-0.0021106158
0.0023277297
-0.0033582095
-0.0083840489
0.0058262348
0.0083657252
0.0046479353
0.0039299158
0.0024796769
-0.0034940282
0.0033495622
0.0056452742
-0.0024918425
-0.0007437579
0.0031624152
0.0056143804
0.0072579156
0.0041281008
-0.0043613105
0.0089011481
0.0223713852
0.0013632856
-0.0056193480
-0.0031874543
0.0028799865
0.0048029120
0.0012887232
-0.0011899624
0.0079102805
0.0007473205
-0.0253152009
0.0019108125
0.0073807961
0.0046348218
-0.0011437382
0.0032720813
0.0167539902
0.0108807795
-0.0501048081
-0.0239561200
0.0158814210
-0.0069182408
0.0036925338
-0.0063786027
0.0057318253
0.0185519923
-0.0104604475
-0.0261921939
0.0572806299
0.0081192777
-0.0202388354
0.0029442485
-0.0053448002
0.0096965646
0.0202147178
-0.0121471277
-0.0112693254
0.0191242956
0.0016136998
-0.0010437440
0.0060200118
-0.0037460369
0.0037287886
0.0057638302
-0.0022665479
-0.0195557587
-0.0140797095
0.0013205482
0.0038967018
0.0054062535
0.0033367435
0.0029595813
0.0034052432
0.0041682743
-0.0058507728
-0.0003558484
0.0011786455
0.0023262883
0.0014574425
-0.0022880731
-0.0042301337
-0.0054186117
-0.0042058984
-0.0015045849
-0.0026314645
-0.0037889031
-0.0056040455
-0.0063059479
-0.0034038732
-0.0035950600
-0.0058740182
-0.0022679251
-0.0033408329
-0.0071890266
-0.0039136200
-0.0027199169
-0.0058753169
0.0039628912
0.0060622324
0.0026041551
-0.0003986215
0.0049536237
0.0023814980
0.0069577866
0.0117826601
0.0058487742
-0.0019452114
-0.0054499232
-0.0045919837
-0.0039060966
-0.0041740108
-0.0139320036
-0.0078307251
-0.0002713402
-0.0036530963
-0.0070694205
-0.0105372500
-0.0060829925
0.0089237057
0.0179649442
-0.0098463017
-0.0143399751
-0.0049328445
-0.0088803964
0.0031422246
0.0080294115
0.0053190645
-0.0003899661
0.0132247880
0.0117718671
0.0099027148
0.0180555340
0.0037809482
-0.0000257740
0.0008425445
-0.0055749808
-0.0020002062
-0.0094609959
-0.0238050260
-0.0159269534
0.0020251737
-0.0007142469
-0.0010577179
-0.0000712290
0.0061891726
0.0072372891
0.0076973317
0.0165467467
0.0080200769
-0.0001184642
-0.0000947483
-0.0043400833
-0.0015031839
0.0018633252
-0.0055915047
-0.0094625568
-0.0056759096
-0.0013234422
-0.0003828977
-0.0001064734
-0.0033734171
0.0017234090
0.0011601942
-0.0018448761
-0.0034647083
0.0029062177
-0.0031937794
-0.0001325074
-0.0003633376
-0.0057043405
0.0025945946
0.0016340143
-0.0033858090
-0.0022902198
-0.0001202271
-0.0005268711
0.0030287278
-0.0025971613
-0.0106608896
0.0039587822
0.0142640444
-0.0012912883
0.0071132323
0.0077106147
0.0092509426
0.0086802328
-0.0011240097
-0.0066934377
0.0030975011
0.0144987889
-0.0043478739
-0.0014584485
0.0161674004
0.0039442503
-0.0019354426
-0.0023492875
-0.0040195109
-0.0018091426
0.0034719340
0.0063151065
-0.0132213403
0.0331720039
-0.0109231006
-0.0216825157
-0.0046786345
-0.0030079554
-0.0009199801
-0.0021451782
0.0034028033
-0.0382929482
0.0380473398
0.0046022511
-0.0112711806
0.0022931565
-0.0026609395
0.0004192114
0.0065136198
0.0048375465
-0.0202268623
0.0233328640
0.0115142725
-0.0061887163
0.0017723647
0.0025050063
-0.0000342240
0.0019482627
0.0015726289
-0.0000196650
-0.0005346225
-0.0022731537
-0.0009855343
-0.0054385527
0.0046220664
0.0022991493
-0.0001450222
0.0017308622
0.0018416140
0.0016686615
0.0012340851
0.0019659952
-0.0039080284
0.0037964375
-0.0036342330
-0.0063668103
0.0001897400
-0.0044551482
-0.0020692220
0.0038974197
0.0000704451
0.0009106644
0.0020672169
-0.0050474200
-0.0059330785
0.0065639834
-0.0001885880
-0.0047133290
0.0024170571
-0.0017579163
-0.0003156041
0.0011087428
-0.0056483508
-0.0043218634
0.0159291439
-0.0040663476
-0.0128712384
-0.0004469953
0.0012079367
0.0030374480
0.0002675577
-0.0064976988
-0.0134112136
0.0068279132
0.0434514396
0.0186635796
-0.0003438616
0.0072129238
0.0017864716
0.0057082647
-0.0048816907
-0.0307478886
0.0618113279
0.3133922815
0.1851435006
0.0060332129
0.0088843331
-0.0054316544
0.0037731281
-0.0025717916
-0.0176835600
0.0611427389
0.2437072992
0.1592964083
0.0221682470
-0.0013291131
0.0003520244
-0.0008902263
-0.0003580791
-0.0046406440
-0.0161852054
0.0081777107
0.0173386224
0.0046328306
-0.0038482198
0.0058505884
-0.0056349467
-0.0038256098
-0.0018428041
-0.0080460189
-0.0112841092
-0.0025437693
0.0015176014
-0.0066062626
-0.0039470969
-0.0022380031
-0.0005960161
0.0011052698
0.0004277652
-0.0051671751
-0.0002910079
0.0068253702
-0.0017064140
-0.0018945059
-0.0016328291
-0.0007894067
-0.0019121892
-0.0039861770
-0.0092641003
-0.0018258092
-0.0049662031
0.0015890630
-0.0001733811
-0.0007846530
0.0002684300
-0.0013101334
0.0003769100
-0.0022931183
0.0003809708
-0.0048227520
0.0008018785
-0.0010217885
-0.0000646463
0.0000308265
0.0007430163
0.0041721393
0.0022006861
0.0043687755
-0.0065003629
-0.0023584580
-0.0033011390
0.0005633112
-0.0007845540
-0.0042274115
-0.0063775685
-0.0170969125
0.0091703823
0.0074994415
-0.0001273518
-0.0004538923
-0.0022583730
0.0024291028
-0.0031818382
0.0101085203
-0.0206838548
-0.0232882872
0.0113091795
0.0070181442
0.0072898217
-0.0033559657
-0.0031282513
-0.0071233646
0.0183432512
0.0389284864
-0.0002300116
-0.0023905693
-0.0002922686
-0.0013705987
-0.0056527816
-0.0072293938
-0.0048408122
-0.0046343524
0.0043327799
-0.0031665119
-0.0058562150
0.0006605099
-0.0007682516
-0.0017698940
0.0027730956
0.0036939005
-0.0006728537
-0.0079181362
-0.0059100688
-0.0015017050
0.0024615088
0.0004855865
-0.0033875764
-0.0006137804
0.0020844361
0.0006840428
-0.0002000189
-0.0008884483
-0.0032124673
0.0012544170
-0.0001551336
-0.0002028185
-0.0002660480
-0.0005456463
-0.0000173911
-0.0023134709
0.0018610943
0.0005319469
-0.0008149979
-0.0006724708
-0.0009418599
-0.0008545743
-0.0010758459
-0.0001482642
-0.0027252636
-0.0034261697
-0.0031285805
0.0014324153
-0.0005767002
0.0044172099
0.0010387552
-0.0028540441
-0.0026558836
-0.0105015645
-0.0092896018
-0.0049071521
0.0025513023
-0.0014192557
0.0029404142
-0.0015715498
-0.0033507450
0.0039477190
0.0066647730
0.0064515253
0.0032392733
0.0002280466
-0.0012133362
-0.0001070425
-0.0064245337
-0.0034362981
0.0133626452
0.0235595591
0.0136262793
0.0078107207
0.0032786869
0.0006981855
0.0076834285
0.0011207007
-0.0032654768
0.0012729858
-0.0220057126
-0.0273126792
-0.0035573361
0.0079335831
0.0037795354
-0.0020357557
0.0004872129
-0.0002228092
-0.0064427848
-0.0059945160
-0.0008240253
-0.0095194979
0.0001484294
0.0016591381
-0.0022647346
-0.0004350643
0.0056546815
0.0009335247
0.0113970721
0.0201162584
0.0101354998
0.0012565331
-0.0004400767
-0.0003076311
-0.0037866721
-0.0004347617
0.0010348321
-0.0030425927
-0.0073380815
-0.0029777482
-0.0016249425
-0.0019048678
-0.0033662275
0.0021843109
0.0011293108
0.0012757219
0.0024373457
-0.0016092237
-0.0118483892
-0.0055111377
-0.0037899169
-0.0044217785
0.0037261110
0.0053759441
-0.0046941512
-0.0034901574
0.0002892741
-0.0072456552
0.0012449183
-0.0034946380
-0.0116340406
0.0064945412
0.0198321063
-0.0084215291
-0.0017190182
-0.0064475634
-0.0095494399
0.0097833434
-0.0029958726
-0.0061040530
0.0073298439
0.0228351057
0.0009992789
0.0458059087
0.0289997999
-0.0203768071
0.0001237534
-0.0017267915
-0.0054176957
0.0010276414
0.0240352359
0.0231359471
0.0863581151
0.1467022002
0.0329320990
-0.0021300374
-0.0022633963
-0.0063638887
-0.0043261503
-0.0008382777
0.0157869887
0.0890134498
0.1336593479
0.0148792975
-0.0074626487
-0.0115769207
-0.0058967960
-0.0045936620
-0.0032161372
-0.0043822909
-0.0011850626
0.0083786082
-0.0158700868
-0.0047797309
-0.0099523272
0.0036331210
0.0032574530
0.0024691119
0.0087311650
0.0122918813
-0.0029927450
-0.0098956432
0.0068147969
0.0014863536
0.0002803361
-0.0000510741
0.0004620210
0.0061144880
0.0058438773
-0.0075663798
-0.0096504372
0.0008170404
-0.0019154211
-0.0021360966
-0.0010745375
0.0001480364
-0.0011320383
-0.0029255503
0.0020711636
0.0015102290
0.0003071737
-0.0007988130
-0.0034513751
0.0024701171
0.0020158542
-0.0004975695
-0.0008240661
-0.0027961247
0.0013518606
-0.0053661726
-0.0033190134
-0.0021897783
-0.0021956083
0.0050392863
0.0011304354
0.0045557735
0.0146722151
0.0061708819
-0.0009584912
0.0018217386
-0.0009234527
-0.0025838283
-0.0014406861
-0.0002986300
-0.0217997041
-0.0217303913
0.0009232545
-0.0034067973
-0.0014728992
-0.0018256302
0.0004206713
0.0136166336
-0.0098558264
-0.0496845879
0.0204974059
-0.0151846278
-0.0052586813
0.0017750964
-0.0019201502
-0.0011531146
0.0018499317
-0.0024338686
-0.0382409021
0.0216328632
-0.0191373713
-0.0028733627
0.0020687468
-0.0059272326
-0.0039285324
-0.0064652306
0.0024421776
-0.0152269024
-0.0164603051
-0.0025837356
-0.0043504615
-0.0011416599
0.0021886285
0.0003967639
-0.0001686953
0.0055556186
0.0068945605
0.0091696456
0.0075415624
0.0010661595
-0.0008132780
-0.0009570702
-0.0031756309
-0.0002565247
0.0060732593
0.0074865683
-0.0007812515
-0.0038927947
-0.0011219964
-0.0011917333
0.0046412586
0.0001889293
-0.0031886774
-0.0010956741
-0.0052443692
-0.0036845694
-0.0025008139
-0.0019348586
-0.0020532622
0.0028390409
-0.0028856692
-0.0056795604
0.0001985466
0.0000364856
0.0014193086
-0.0004203129
0.0025408017
0.0019955991
0.0028409343
-0.0033772897
-0.0054303864
-0.0085615804
-0.0088860467
-0.0116957473
-0.0113935657
0.0065215332
0.0037025556
0.0035828671
-0.0017356889
0.0038890187
-0.0029477130
-0.0105865113
0.0164016988
-0.0010183452
-0.0018540259
-0.0002732617
-0.0008175443
-0.0019507309
0.0105152307
0.0092434548
-0.0279750153
-0.0241149329
0.0022200032
-0.0005878432
0.0088204322
-0.0000915985
-0.0047279363
0.0031872040
-0.0037161494
-0.0536117367
0.0572281852
-0.0050715720
-0.0097740628
0.0005175645
0.0021561550
-0.0000203743
0.0022303041
0.0059788814
-0.0277478602
0.0064006397
0.0049543194
0.0015111153
0.0057575349
0.0023522656
-0.0016550124
0.0020263963
-0.0015728659
-0.0067798262
0.0051660226
0.0012139714
-0.0027871819
0.0005504013
0.0016828867
-0.0038355407
-0.0022243066
-0.0039075855
-0.0021209242
0.0029616028
0.0015970189
0.0040013897
0.0034761145
0.0027095480
-0.0013729719
-0.0022076753
0.0034716576
0.0027032683
-0.0013288958
0.0024114614
-0.0007625155
0.0037022752
0.0017424237
-0.0009807622
-0.0008088799
0.0046356078
-0.0028185693
-0.0017960971
0.0029152110
-0.0016327832
0.0021977043
-0.0008299968
-0.0009301614
-0.0009894210
0.0089639919
0.0034257346
-0.0046734642
-0.0002212246
-0.0048484360
-0.0023534128
0.0009657767
0.0009427657
-0.0076370421
0.0103239808
0.0189487208
-0.0082020359
0.0097041382
0.0017054336
0.0021462159
0.0035965447
0.0032975341
-0.0133960368
0.0171875786
0.0222811513
-0.0275994316
0.0086057195
0.0086775394
0.0089679612
0.0007008694
0.0006376374
-0.0083546648
0.0132721364
0.0412244834
-0.0222863331
0.0100000668
0.0134938397
0.0072503020
0.0028363671
-0.0000332630
-0.0078480300
-0.0004326804
0.0241194256
-0.0172094312
-0.0002976175
0.0071291602
0.0019844198
-0.0000147874
-0.0001337589
-0.0029575462
0.0036834383
0.0108005414
-0.0083822086
-0.0032680528
-0.0007394996
0.0037572002
-0.0010131003
0.0003077931
-0.0005962881
-0.0008501181
-0.0017416059
-0.0107603520
-0.0040943110
-0.0049345521
0.0004779533
-0.0041374085
-0.0022318908
-0.0022331064
-0.0028062067
-0.0045991889
-0.0071079410
-0.0037313250
-0.0048016994
-0.0053712865
-0.0003790157
0.0018741947
0.0010308131
-0.0000893659
0.0049679470
0.0026148658
0.0033770239
0.0028779577
-0.0009650642
0.0034759168
0.0040690219
0.0037302300
0.0100037884
0.0141914217
0.0079067601
0.0053281644
0.0027087333
0.0015380539
-0.0003029500
-0.0020649082
0.0002354791
-0.0046270387
-0.0125336014
-0.0163441226
-0.0092374580
-0.0052592615
-0.0044968342
-0.0056199743
-0.0009212631
0.0095829461
-0.0183166284
-0.0305036120
-0.0021861426
-0.0107311085
-0.0210380610
-0.0067494828
-0.0012517050
0.0076770782
0.0190414619
-0.0066248905
0.0011842139
0.0469165146
0.0315294378
0.0017461788
0.0065999082
0.0012043407
0.0068163145
0.0050253505
-0.0034180242
0.0071815918
-0.0025718100
-0.0009847760
0.0071685412
0.0018162237
-0.0039502080
-0.0002741401
-0.0020385317
-0.0019784709
0.0023122577
-0.0212288331
-0.0195044521
0.0025375881
0.0013138892
-0.0020267658
-0.0026361041
-0.0067070653
-0.0048835743
0.0046740761
0.0003202274
-0.0013917999
0.0001738812
-0.0043852041
