-0.0098730335
-0.2164276093
-0.0541776009
0.1214485094
0.1405754536
0.1047843993
0.0829641223
-0.3012735546
-0.1865671426
-0.0726241097
-0.0955945477
-0.1746686101
-0.0422675721
0.1144726947
0.0188891366
-0.0663759634
-0.2847864628
-0.0030172900
0.0775268003
-0.0428032279
-0.1496129334
0.0050240555
-0.0422934256
0.0065306653
0.0193838645
0.1222946048
0.0336206704
-0.0280438792
0.2004139274
0.0516947955
0.1614547819
-0.0907258913
0.0890346691
0.0155896842
0.2346135080
-0.0071447110
0.2321979105
-0.1175468639
-0.0299843792
-0.1077640355
-0.2455389500
0.0129297059
0.1312349588
-0.1508331001
0.0731654614
0.0445894264
0.0775710121
-0.0952587798
-0.1301245838
-0.0462393090
0.0622507334
-0.0407705866
-0.0781632438
-0.0995438918
0.0337824412
-0.1311134845
0.0809024125
-0.0508671291
0.1680455059
-0.0837163627
-0.0536096841
-0.2564204335
0.0190683827
-0.0142027512
-0.0156045090
0.0427829064
-0.2740128934
-0.5355666876
0.0313111208
0.0097380765
0.0143709136
-0.0123017374
0.0752448365
0.1451434493
0.1918940842
-0.0370746255
0.0859761238
0.1929864138
-0.1419504732
-0.1324086487
0.1491255611
-0.1017829180
0.0521205030
-0.0496296883
0.1470306069
0.2756884396
0.0808826685
0.2097235471
0.0505406037
-0.0345210209
-0.0088627422
-0.1234943047
-0.0421615727
0.0132994214
0.2880174220
0.1399180442
-0.0102096815
-0.0502556562
-0.3201774359
0.0113121113
-0.0428573005
0.0463069491
0.0222181678
0.3412840068
0.0245411023
-0.0405408964
0.2395822257
0.1070765629
0.0467033647
-0.0324092321
0.0024659117
-0.2668001056
-0.2220274210
0.1333138496
0.2663357556
0.0785300955
0.0169974789
0.0348876677
0.0516943596
-0.0028678186
0.1199311689
-0.4482256770
0.0293078199
0.0603146441
0.2552311122
-0.0760916173
0.0701140016
-0.0227566063
-0.0601705499
-0.1251022816
-0.4183485210
0.0053573442
-0.0053604096
-0.0655198023
0.1022951305
-0.0402342416
-0.0259924419
0.0111260917
0.4044896960
-0.3437381685
-0.1053706631
-0.0372894593
0.0011534262
-0.0258207209
-0.0013241174
0.0046667475
-0.0293135438
-0.2388841808
-0.1079577208
0.0229490511
0.0791283101
0.0271658115
0.0990461409
-0.0663150474
-0.0490636304
0.0407007039
-0.1034916714
-0.7978441119
0.1014492214
-0.0032938321
-0.0406716503
-0.0057208254
0.0358755700
-0.0870304331
-0.0495128259
-0.3001062572
0.4037414193
-0.0288923141
0.0430522189
0.0587532669
-0.0561416857
0.0061063520
0.0189860053
-0.0068763606
0.0592170618
0.2906755507
-0.0151803419
-0.0172749739
-0.0463532843
-0.0609622151
-0.0177022796
-0.1496997327
-0.0897574946
-0.4108751118
0.0714883655
0.1066263318
-0.0595483556
0.1788552999
-0.0424784571
0.1313879788
-0.0810577944
-0.0238763560
0.0646197125
0.4084108174
0.2170289606
0.1303185672
0.0559170693
-0.1151525155
0.0827159062
0.0286948606
0.0397361889
0.1166979894
-0.2677372992
-0.0613921322
0.0900155231
0.1480603218
0.0065868692
0.0366242677
-0.0842348263
-0.0288007017
-0.0444728732
0.2892646194
0.0213763732
0.0139845554
-0.0878594220
0.0366661474
0.0488241613
-0.0860996097
0.0201588497
-0.2944075763
0.2175949365
-0.0692485273
0.2037936300
0.1056762263
0.0818379745
-0.0034552107
-0.0860463604
0.0157990530
0.0128951902
-0.3222624660
-0.0679714531
-0.0613488592
0.1814269572
-0.0338545628
0.0097038280
-0.0144852083
0.0581608973
0.0408551320
0.3119694293
-0.0711002350
-0.0509381816
-0.0445597768
0.0022949269
-0.1016776115
0.0398925729
0.0207972508
0.1475537270
0.1628298610
0.0529328063
0.0827920511
-0.0207894817
0.0354176015
-0.0679294989
0.0420507863
-0.0722467303
-0.2541500330
-0.0359688662
0.0713825151
-0.0146133564
0.0085634235
0.0261226706
0.0180103704
-0.0679611787
-0.0177457612
-0.0760966912
0.5548664331
-0.0591280460
-0.1504681557
-0.1220905408
-0.0128926514
0.1069615036
-0.0115463259
0.0334162712
-0.1697345525
0.0908958688
-0.0487541296
-0.1172453165
0.0263995491
-0.0161157530
-0.0246880315
-0.0161175858
-0.0160635374
0.0578710139
0.5048149824
-0.0012429869
-0.0442302786
-0.0354809612
0.0114581715
0.0242203921
0.2437734008
0.1016576588
-0.3418585658
-0.2394715101
-0.0677960441
-0.0649664626
0.0880162045
-0.0864322260
0.0859079808
-0.1332805753
0.0978651419
0.1742323041
-0.2903088629
-0.3125395775
0.0486744083
0.0445144288
-0.0456101261
-0.0033668424
-0.0704551637
0.0413162112
0.0339750275
0.0695597008
-0.1355624944
0.1622862369
-0.0033244188
0.0912101939
0.0680040419
-0.0591758266
0.0608679503
-0.0808688477
0.4960357249
-0.1900752187
0.0151607897
-0.0625212193
-0.0398045219
-0.0496204793
-0.1183105186
-0.1191952378
-0.0054798177
-0.1879782081
0.1874599904
-0.0129131675
-0.0037946431
-0.0281122401
0.0091694994
-0.1151256114
-0.0513773412
-0.0996734500
0.5641407371
0.0261559151
-0.0959196761
0.1069132462
0.0075425375
-0.0121676531
0.0872087330
0.0115535576
-0.0609140135
0.5570105314
0.1161646619
-0.0509448312
-0.0022051462
0.0191406105
0.1129031405
-0.2440302074
0.1179799885
0.1134750247
0.0380631238
0.0747689456
0.0386626907
0.1134817302
-0.0040942449
0.1432881802
-0.2460944802
0.0863112360
-0.0066357101
-0.3131988645
0.2167249322
-0.1043623239
0.0372697040
-0.0012449605
-0.0581940822
0.1663722843
-0.0980982929
-0.0297373272
-0.1917328537
-0.1382904351
-0.0344730392
0.0123417424
-0.0221512746
0.0293344613
0.2122483402
-0.0308797937
-0.0655960813
0.1893613636
0.0003198368
-0.1507286578
-0.1819947660
0.0680592656
0.0388455391
0.1465571821
0.0386893936
-0.1627748162
0.4897095859
0.0205654018
-0.0589117482
-0.0876568109
0.0354858860
-0.0891582593
-0.1789091676
0.0549137257
0.1558661759
0.1531990319
-0.0277557876
0.0062622875
0.0058641774
0.0863683075
0.1727528274
-0.1954667866
-0.3632546961
-0.1075440049
0.7776471376
-0.1443173587
-0.0548221134
0.0177171901
0.1717215776
-0.0242732652
-0.0114799617
-0.0327800028
-0.0357548408
0.2052380741
-0.0177201871
-0.0582363978
0.1870483309
-0.0911854580
-0.0662681237
0.3220454454
-0.1594004035
0.1269299835
-0.8378548026
0.0559013262
0.0971499309
0.0517306887
0.1449659169
-0.1592578441
0.0250931848
0.0809219554
-0.2477782071
0.0227416288
-0.0051629064
-0.4356339574
0.0052939099
0.0683996975
-0.0981498808
0.0016242758
-0.0606053025
0.3779496253
0.0840643346
0.1906618774
0.0837635770
-0.3040703535
-0.0643028766
-0.0757249743
-0.0828743652
-0.0495502166
-0.0303066261
-0.7090184689
0.0576936863
-0.0844474286
0.0443003923
0.0474318787
0.0869890228
0.0979643688
-0.1829455197
0.2220604122
-0.2281035930
0.0386499092
0.2672892213
-0.2270535529
-0.0611349419
-0.0113387620
0.0293963868
-0.0435333066
-0.2163470536
0.0759196207
-0.0743490756
-0.2699843347
0.3301418126
0.0321431421
-0.0582033359
-0.1930398941
0.1281460971
-0.1676812172
-0.2001346648
-0.0186697915
-0.0639759973
0.0438228883
0.0607217997
0.0308836140
0.0566471629
-0.0095233861
-0.1882828027
0.3496428430
0.0443889722
-0.1801288128
0.2473448813
0.0189493187
0.0622425303
0.0905423611
-0.0512950309
-0.4188856781
-0.1451036930
-0.0117689716
0.1209440157
0.0684162006
-0.0064523816
0.0221331976
-0.0426122695
-0.1974592358
-0.0737942383
0.0000244182
-0.3575261831
-0.1921205670
0.1187331676
-0.1116532236
-0.0606452897
-0.0674115717
0.1311966330
0.1214404479
-0.3092944324
0.0286386441
0.0109635266
-0.1647534519
-0.1630729139
0.0212989207
0.1050283387
-0.1100220308
-0.0474545695
-0.2351128757
0.2577353716
0.0896475911
-0.2580978870
-0.0624701008
-0.0164329205
-0.0158314090
0.0303893648
0.0096250493
0.1586088389
-0.1539202332
0.1150166392
0.0715202019
-0.1675247550
-0.0242389590
-0.0940153301
-0.0210558064
0.1280095577
0.1702874452
0.1187088266
-0.0986951515
-0.2100550383
0.2580396235
-0.0272098128
0.1411700696
-0.0934714973
0.0090880655
0.0090793241
-0.0600996464
0.0755006447
-0.1285511702
0.0833382681
0.0681538209
0.0109225847
-0.0158318095
-0.1066890806
-0.4239573777
0.1219305247
-0.0613998361
-0.0656412542
0.0631795600
0.0379524752
0.2916158140
0.0585682914
0.3386877775
-0.3938000798
0.0245362557
-0.0118005052
-0.1849706471
-0.0811827630
0.1795964092
0.1813281775
-0.0921693966
0.0272832680
-0.7753036618
0.3998238444
0.0328617990
0.1517883688
0.2014095187
-0.0426217318
-0.0832459927
-0.0734036490
-0.1662736088
0.0546347573
-0.3992549181
0.0860271826
0.2281794846
0.1495922804
0.0281967223
-0.1268015653
0.0391879417
-0.0955833644
-0.7895994186
-0.1368913054
0.0352028795
0.1395767182
-0.0420026742
-0.0574982390
-0.2406415343
0.0552813150
-0.1062812060
-0.1800066233
0.0112795187
0.0696517900
-0.0020820615
-0.0138827460
-0.0060144705
0.2233642638
0.0995192304
-0.0888289958
0.3021208346
-0.2199952155
-0.0482270569
0.2401574850
-0.0369777493
0.0104132500
0.1557981372
0.0584945492
0.0334206559
0.2863008976
-0.6431134343
0.0345831551
-0.1386635453
0.0703369230
0.0052957898
-0.0460272953
0.0754945725
0.0846482366
-0.0296018366
-0.1418175250
-0.1008468717
0.0550804697
-0.0852093920
-0.0029669916
-0.1603902429
0.0652927160
0.0714634955
0.4691441059
-0.1890884489
-0.0462163314
0.0761587396
-0.1563484073
0.0412403308
0.0842597708
0.0343160070
-0.0598205850
-0.2956169248
-0.0957767367
0.0006602262
0.0518960319
0.0278028231
-0.0480343066
-0.0994320065
0.0066720569
-0.0136893317
-0.0521560311
-0.0007955627
-0.0454269014
-0.1555934846
-0.0006675826
-0.0312116817
-0.0833010152
0.0565866157
0.1206305921
0.0749171004
-0.0297978446
-0.0254381299
0.1284644455
-0.0514619164
-0.0732578263
0.0531540737
-0.0967289284
-0.1904786378
-0.0503297895
0.1326178759
0.1272470951
-0.0096609946
0.0195495803
-0.0818246454
0.1426806301
-0.0972333103
0.0234962367
-0.1875719130
0.0845846832
-0.0321306475
-0.0902180895
0.0552086569
0.0636450574
0.0391248204
0.0936933979
0.2681890130
-0.4026904106
-0.2808617353
-0.1159260795
-0.1627399623
-0.0600725785
0.0210064612
0.0365557820
0.0717441663
0.2113344818
-0.1841894239
0.0501541421
-0.0832964554
-0.0466193110
0.0373221673
0.0371797159
-0.0952528790
0.0118889222
0.0063195201
0.0349026285
-0.0143156815
0.0352500193
0.0087030111
0.0132800480
-0.0130947856
0.3395747840
0.0390785672
-0.0505609065
0.5696704984
-0.1830679178
-0.0828021169
-0.0834825933
-0.0988929719
-0.0165023170
-0.1931342930
0.1666755676
-0.0336891860
0.1283101737
-0.4359482527
-0.0213082898
0.0147639811
-0.1628546566
-0.0313157327
-0.0814567357
-0.0391146839
-0.0773979649
0.2492504269
-0.0169108007
0.1547755599
-0.2344996780
0.0076234723
0.0461555831
-0.0064254608
0.1220527068
-0.1152404919
-0.2100729197
-0.1731617749
-0.0625514984
0.1307189316
-0.1871668696
-0.0459244326
-0.0558687821
0.0025772771
0.1366733909
0.5712353587
-0.2291119248
0.0992112160
0.0415363237
-0.0131348781
-0.0998673812
-0.1822408885
-0.1191676185
-0.0426100828
-0.0560317114
0.0469445214
-0.0654151589
-0.1689209342
-0.0585065410
0.0680768639
0.0242628213
-0.0538966917
0.1847437918
0.4224609435
-0.1830324531
-0.0057176161
0.0258610062
-0.0630104318
-0.0433777012
0.2081416249
-0.0696797222
0.0006967034
0.4589253366
0.1389570683
-0.0563637987
-0.2381527275
0.0288104843
-0.1650885046
0.0585036166
-0.0177852232
-0.2563853562
0.7655934691
-0.3436844945
0.0792668834
0.0616702996
-0.2562389076
0.1110715866
-0.2386725545
0.0337754749
0.0314073190
-0.6086924076
0.0627973229
0.0027558752
0.2724355161
0.2238559574
-0.0428062864
0.0503190793
0.0942416340
-0.4083657563
0.0331072323
-0.0299441051
-0.0523138307
0.1239019707
-0.0457397364
-0.0846251845
0.1028803959
-0.0762921497
-0.1622866392
-0.0402939916
-0.0371506438
0.0543442145
0.0486637056
0.0285561178
0.1729323864
0.3895040751
-0.0156629849
0.0776570737
-0.1539459080
0.2325807661
-0.0745477974
0.2429143339
0.0467603765
-0.1072348133
-0.2316068560
0.1357617229
0.1770816445
0.1693309993
0.1653147191
0.0837934315
-0.0357902944
0.0803181008
-0.0962730423
0.0129990410
-0.0284975264
0.0776538029
-0.1622306705
0.2143763155
0.0672654361
-0.1446440965
0.0900010094
0.0082953991
-0.0107297534
0.0536308065
0.1140123159
-0.2664948404
0.1564554125
0.0751099288
-0.1604531258
-0.0315886959
-0.1633704603
-0.1482796520
0.0409966744
-0.0375607461
0.5145281553
0.2339959294
-0.0543527752
-0.4452731907
-0.1312196553
0.1127451956
0.1619645804
0.0326400883
0.0489467308
0.2220768481
0.1730960757
0.0601600036
0.0625777915
0.0095967567
-0.0415306054
-0.2699909508
-0.0371603705
-0.1029595807
-0.1673842669
0.2142374218
-0.0848844349
-0.1176739186
0.0230718423
0.1423171163
0.3745233715
-0.0768397078
-0.0294277221
-0.7197553515
-0.1537783295
0.1259403527
0.2925710082
-0.0361856930
-0.1071860939
0.0675011948
0.0011410110
-0.2136778831
0.4351075292
0.1573289335
-0.0250980407
-0.3144178689
-0.0483250841
0.0652138069
-0.0289583299
-0.1150561199
-0.1640737653
-0.1240685061
-0.1308076680
-0.1385530382
-0.1648106277
-0.0818220153
-0.1205404177
-0.2192987353
0.0143389376
-0.1305071861
0.3410291374
0.1314515620
0.0875845328
0.1237934753
0.2349344343
0.0905070528
0.2238424122
-0.0446124934
0.2750615776
0.6780470014
-0.1289834976
-0.0156475417
-0.1249333322
-0.0248149112
0.0022736220
-0.1123649925
-0.2542126179
-0.1272552162
-0.1672226489
-0.3893705308
-0.0096345199
-0.1356217414
-0.1209129095
0.0048630680
-0.2182544023
0.0834146068
-0.0287692193
0.0953913629
0.0135165434
-0.0336043201
0.0295523833
0.1700025350
0.0930667445
-0.0751010403
0.0622117557
0.0953568444
-0.1486344934
0.0341525413
0.0017069083
0.0070694070
-0.0268031359
-0.0252920892
-0.1901285052
0.0172624476
0.0647524446
-0.0569046997
-0.0307594817
0.0644877180
0.2643076479
0.1436986774
-0.1279149950
-0.0661430508
0.0669417754
0.1451788396
0.0751714259
-0.1128186658
-0.1554983556
0.0343733020
0.1065372825
0.0724341050
-0.0447415113
-0.0591959767
0.0121058486
-0.0588704795
0.1792865247
-0.1040483564
0.2086064667
-0.0741235763
-0.0160328783
0.0570624582
-0.0475330949
-0.1084832996
0.0179386474
0.0660408437
-0.0981382430
-0.0184524674
0.1122990027
0.0525174551
0.0644740015
-0.0950213373
0.1116477326
-0.4105919302
0.1159305796
0.0258286130
0.0829716697
-0.0462156460
-0.1230611205
0.0837147385
-0.0501778163
0.1809272617
-0.2532538772
-0.0129895322
-0.1346204281
-0.1180768982
0.2931545377
0.0405607410
-0.0671501905
0.0798458084
-0.2269687355
0.4056996703
-0.0896835774
0.0168694146
-0.1436487585
-0.1524630636
-0.1221429184
0.1437019855
0.0005449068
-0.0574384332
0.0854614303
0.1677287221
0.0944144577
-0.1273570508
-0.0559365638
-0.0483890064
0.2281169295
-0.0269377697
0.2892327607
0.3110769093
-0.0163055584
0.0053532072
-0.0466715358
-0.0156905595
0.0021179544
-0.1623861045
-0.0566991977
-0.1679468602
0.0882770792
-0.2065336108
0.1240747944
0.0562709123
-0.1207523271
0.1218116730
-0.1140449643
0.0583953150
-0.0333187282
0.2537141740
0.0879921019
-0.1703316122
0.0885650218
-0.3692456186
-0.1053815708
0.1324900240
-0.0781874359
0.2704589069
-0.3590812981
0.2433649898
-0.1410466433
0.4297087491
-0.2365294099
-0.0461077876
0.0871351734
0.0036651581
0.1511989385
-0.1242622957
-0.0689960644
0.0017621256
0.0768290237
-0.0591980480
-0.0730333999
-0.0055580419
-0.0669328719
0.0167620927
0.4325152040
-0.0434888601
-0.3094170988
0.0930120945
0.0955752805
0.0315108821
0.2039668411
0.1447779387
-0.0343490615
-0.5755484104
-0.2500643134
-0.0282055922
0.1266792864
0.0332402028
-0.0356408618
0.1358280927
0.0385986194
0.0255801808
0.0774570256
-0.0160769802
-0.0588082485
-0.0388859957
0.0541010089
0.1055025980
0.1744042039
0.0964331105
0.0400348790
-0.0712010637
-0.1642444581
0.0766174048
0.0199570619
0.1108842269
-0.1223429292
0.2218579352
0.0073021059
-0.0188809931
0.0705865324
-0.1656755954
-0.2931800485
0.2638749778
-0.0058705681
0.0076925755
-0.0660459623
-0.0457847863
-0.1546897292
-0.2249328047
0.3106661141
0.0703575164
-0.1839715242
-0.0766692609
-0.0996961966
-0.0111500947
-0.0149353910
-0.1712195277
-0.2321305573
-0.0049200770
-0.0920586213
0.1391505897
-0.0531064272
-0.1311540753
-0.1236672178
-0.0574001595
-0.0368550941
0.4322966933
0.0696303099
-0.0470828339
-0.0202584267
-0.0524554886
0.0673412457
0.1545725167
-0.0485628396
0.2585559487
0.0058349776
0.3297990263
-0.1143845096
0.0970890298
-0.0197981670
0.0976292863
0.0925009400
-0.0543626845
-0.1180378273
0.0099756997
0.2596229911
-0.0229662843
0.0125927934
0.1540627182
-0.0950184241
-0.0570824295
0.0778800845
0.1116400957
-0.0093425903
-0.2048564553
-0.0833154023
-0.0592039749
0.2478867769
-0.0296659209
-0.0718134195
-0.0232934561
0.2755200863
0.1620294303
0.1164120063
0.0032165486
-0.1784557551
0.0957095101
-0.1175674051
0.1072580591
0.1227212995
-0.0536639914
-0.2759644985
-0.0660214052
0.0154078947
-0.1688653529
0.0900162011
-0.0262853950
0.1996396780
0.2495955080
0.0433337875
0.0317022167
-0.2616695464
0.0790099576
-0.0105717164
0.0760160983
0.0000253912
-0.0427393615
0.0729496032
-0.0598020665
-0.2290796191
0.0380416028
0.0640221164
0.0712017417
-0.0522263646
0.0056926967
0.0663825497
0.1068135053
0.3691673279
-0.3894486427
-0.0955009535
-0.0541194454
0.1026960015
-0.0252230130
-0.1660526544
0.0695244297
0.1158678904
-0.1561543196
0.4770411253
0.0648175552
0.0984477848
0.0014863315
-0.1263487935
-0.0174774788
-0.2703121901
0.0167007465
-0.2290038317
0.1176730692
0.0308692008
0.1117468625
0.0196453724
0.0390361920
-0.0898988545
0.2347099483
-0.2384990752
-0.2564825714
0.0343163498
-0.0217477735
0.0193162952
0.1398481429
0.0857509971
-0.0331766494
-0.1946535707
0.0488385558
-0.1567891240
-0.3251631856
0.1379113346
0.0145049486
0.0158395041
-0.0293823499
-0.1017005816
0.1383487880
-0.0496216752
-0.1369083971
0.0462446958
-0.1082886308
0.0714344010
0.0164397210
-0.0397467315
0.1335688978
-0.1288451403
-0.2593425512
0.0295649786
-0.1867956668
-0.3384481072
0.1209948659
-0.0257611163
0.2545097768
-0.0798770711
0.0885109976
0.0123112649
0.2177872956
-0.3126525581
-0.1833520830
-0.1700476408
-0.1333528310
0.0568881743
-0.0415476225
-0.0398877896
-0.1853313744
0.1445662826
0.2428594232
-0.1731403768
-0.0242890492
-0.0647362098
0.0138591314
