-0.0076416549
-0.0021551901
-0.0058731386
-0.0040730010
-0.0107406918
-0.0105614699
-0.0148845389
-0.0122880284
-0.0084265089
0.0017269845
0.0020804487
0.0008320755
0.0041933293
0.0006002660
0.0023884582
0.0106994743
0.0048799263
0.0072259381
0.0041604014
0.0046182447
0.0005806839
-0.0009598047
0.0156374313
0.0182571877
0.0239067469
0.0035537239
0.0075607724
0.0013585215
0.0017210699
0.0012779102
0.0090482142
0.0118959602
-0.0040631322
-0.0099164220
-0.0106843449
0.0018147904
-0.0085169617
-0.0103704138
-0.0065650893
-0.0227541961
-0.0598992594
-0.0508713983
-0.0058785821
-0.0085916482
-0.0087386202
0.0066178646
0.0063561024
0.0002366245
0.0156888105
0.0555719770
0.0590170845
0.0229153950
0.0016522282
0.0037993705
0.0032313773
0.0079108290
0.0065280492
0.0223799367
0.0166095011
-0.0052711265
-0.0142780067
0.0000099095
0.0038859977
-0.0103488285
-0.0039767344
-0.0129421866
-0.0286403280
-0.0310770664
-0.0192119498
-0.0115767550
-0.0026292370
-0.0081768725
0.0020248191
-0.0034609961
-0.0076311952
-0.0009041249
0.0023020487
-0.0034606887
-0.0014568722
0.0006447656
-0.0021530685
-0.0047276411
-0.0024326071
-0.0013150852
-0.0006019703
0.0018532062
0.0039488017
-0.0023436113
-0.0040180292
0.0004035749
-0.0064115487
-0.0028734475
-0.0038393331
-0.0048187417
-0.0089778118
-0.0036599876
-0.0041929614
-0.0021730915
-0.0047914032
0.0022217068
0.0133827496
0.0108033828
-0.0015566831
-0.0122439358
-0.0079290019
0.0037080760
0.0077405260
0.0024671208
-0.0106113907
0.0011627930
0.0086289179
-0.0046655554
0.0130685475
0.0070037018
-0.0049851686
-0.0024891680
-0.0035310881
-0.0142313698
-0.0059468765
0.0093667451
-0.0152205396
0.0062376182
0.0514755659
-0.0005542120
-0.0209197067
-0.0069203619
0.0040808711
0.0086763026
0.0102311512
-0.0006485836
-0.0496063717
-0.0217314698
0.0075562391
0.0015615800
0.0035770009
0.0026200062
0.0022041309
-0.0070236744
0.0128083890
0.0108901849
-0.0179077107
-0.0062518786
-0.0017599635
-0.0054183332
0.0056584864
-0.0013343283
-0.0175297596
0.0000856971
0.0080415029
0.0142198782
0.0040031997
-0.0043326593
-0.0108648567
0.0031331195
0.0032856991
-0.0030771275
0.0020493469
-0.0057025845
0.0051633627
0.0051030773
0.0016896480
-0.0013108754
0.0026794067
-0.0050344560
-0.0027818233
-0.0089197727
-0.0064058555
-0.0029209838
-0.0069098063
-0.0156110059
-0.0092674345
0.0029518006
-0.0044107623
-0.0003691214
-0.0035736256
-0.0048712082
0.0055858390
0.0008901688
0.0006148880
0.0048921965
0.0102718379
0.0034183806
-0.0012527732
-0.0072788140
-0.0109521551
0.0120127853
0.0186966322
0.0153903598
0.0121692065
0.0000198422
-0.0074547264
-0.0062408596
-0.0062663006
0.0099060889
0.0118295299
-0.0178266149
-0.0071257581
-0.0054466818
0.0051325466
-0.0036583936
-0.0100081237
0.0146679142
0.0556135252
-0.0016120066
-0.0246917624
-0.0045452053
-0.0053520682
0.0013082863
-0.0080606369
-0.0127416691
-0.0083959941
-0.0112434942
-0.0230800752
0.0023553141
0.0081306873
-0.0003532980
0.0001918921
-0.0026721093
0.0050111986
-0.0014251283
-0.0027312785
0.0076559493
0.0080648009
0.0095009226
0.0092100371
0.0050698984
0.0062482995
0.0074158129
0.0047359969
0.0137275625
0.0051601217
-0.0102808783
-0.0079206666
0.0003803238
0.0078050070
0.0017311183
0.0025858183
0.0006397874
0.0024622986
0.0012269114
0.0068079238
-0.0000111141
0.0075357091
0.0039397404
0.0019473159
-0.0008853343
0.0012639926
0.0062810141
0.0005975096
0.0012276749
-0.0021335781
-0.0027786097
0.0026799459
0.0000344364
-0.0015712964
-0.0010933834
0.0022514297
0.0001247793
0.0015684637
-0.0035584006
-0.0025514397
-0.0015000796
-0.0049564154
-0.0046228794
-0.0089604640
-0.0232479926
-0.0186726302
-0.0085098986
-0.0033767591
0.0015336457
0.0068186889
0.0070582191
0.0123609547
0.0063000689
0.0284668785
0.0078361603
0.0024740889
0.0073564579
0.0035830927
0.0006319525
-0.0024667184
0.0056795096
-0.0303918254
-0.0026392285
-0.0260915160
-0.0115229031
-0.0006161520
-0.0013475275
0.0023905318
0.0029593566
0.0087842308
0.0023203066
-0.0080094049
0.0020550466
0.0107280994
-0.0011796841
0.0027931244
0.0008576603
0.0038074285
0.0071004382
-0.0083325431
0.0052637658
0.0069488934
-0.0052658068
0.0015874536
-0.0005479380
-0.0025212625
-0.0021061131
-0.0001941661
-0.0069205626
0.0071681724
0.0033512525
-0.0036477668
-0.0027990872
0.0004463040
0.0011822419
-0.0024209085
-0.0023870522
-0.0045037186
0.0027195914
-0.0034939621
-0.0018065254
-0.0027682660
-0.0005054625
-0.0047806841
-0.0016104662
0.0000065544
-0.0002617016
-0.0030132877
-0.0039294790
-0.0015358848
-0.0033439072
-0.0016838945
0.0011409170
0.0015825209
0.0000466860
-0.0002302332
0.0006671885
0.0037445575
0.0029661595
0.0030144213
0.0028470866
0.0011125717
0.0001859503
-0.0044342764
-0.0031992737
0.0005441381
0.0025708382
0.0008304206
0.0024593174
0.0009753842
0.0004798355
-0.0010297570
-0.0035522769
0.0055470644
-0.0143420296
-0.0074673956
0.0015903808
-0.0041253944
-0.0025482790
-0.0025008358
-0.0044122590
0.0026135803
-0.0080106473
0.0070291366
0.0085809557
-0.0009420298
-0.0006464029
-0.0062013981
-0.0027200822
0.0011558109
0.0080568343
-0.0033879064
-0.0170509089
-0.0061064959
-0.0007455043
0.0055479603
0.0040260158
-0.0043165102
0.0021461125
0.0048970040
0.0008375981
-0.0043502133
0.0001125945
-0.0058007310
0.0053290138
0.0035804566
-0.0028316495
0.0019687796
0.0035936856
-0.0068890285
-0.0027198491
0.0113012400
-0.0021508816
0.0016382508
-0.0001564974
-0.0035070970
-0.0008770037
-0.0001226000
-0.0005535680
-0.0080152499
-0.0025668184
-0.0023562126
-0.0013662060
-0.0015515626
-0.0044835047
-0.0038658618
-0.0031615363
0.0004902979
-0.0011362561
-0.0040569808
-0.0067760898
-0.0040791947
-0.0000031885
-0.0035262727
0.0003380236
-0.0017875955
0.0043131164
0.0044154059
0.0038092227
-0.0053951913
-0.0082207201
-0.0028633843
0.0052403482
0.0032350118
0.0100153107
0.0012515766
-0.0001892279
0.0106009757
0.0085427696
0.0009458189
-0.0006242141
-0.0048802993
-0.0071846009
-0.0125192236
0.0047827545
-0.0086348020
-0.0067706071
-0.0007874861
-0.0021240809
-0.0031133995
-0.0066812932
-0.0109452391
-0.0086811054
-0.0053995019
0.0080281589
-0.0028815828
-0.0065529789
-0.0094997073
-0.0079775872
0.0060139988
0.0073404755
0.0147140129
-0.0231345911
-0.0402131639
0.0317769125
0.0204955656
-0.0035654393
0.0011144273
-0.0035075229
-0.0068777786
0.0137324389
0.0066884491
-0.0149400607
0.0120997177
0.0039815474
-0.0128019685
-0.0035731699
-0.0029584514
-0.0013066218
-0.0131036481
-0.0089712068
0.0066497056
0.0057333428
-0.0035203220
-0.0199713148
-0.0105852261
-0.0040522041
-0.0033396948
-0.0063876258
-0.0097080981
-0.0007420303
-0.0025503386
-0.0005384692
-0.0036484492
-0.0028045019
-0.0029988855
0.0005009744
0.0017591995
-0.0026979961
0.0003124629
-0.0008658430
0.0018819243
-0.0016121686
0.0031720330
-0.0002505966
0.0018922916
0.0014470294
-0.0083395187
-0.0043698815
-0.0025787377
-0.0008508074
-0.0003485856
0.0012187845
-0.0013862697
0.0050427895
0.0036390957
-0.0050696479
-0.0016305364
-0.0109352712
0.0017306391
0.0003866216
-0.0015668990
-0.0006743417
0.0015164005
0.0021162354
-0.0108838174
-0.0170332659
-0.0040207137
0.0143335108
-0.0073632100
-0.0060932450
-0.0070881778
-0.0019715021
0.0021369294
-0.0189520661
0.0317498967
-0.0289989654
0.0212452393
-0.0019794200
-0.0050198915
0.0005291755
0.0035897698
0.0049260291
-0.0046009193
0.0607385300
-0.0108245453
0.0102109835
-0.0033435537
-0.0057394607
0.0009822156
0.0031312411
0.0065818904
-0.0093224533
-0.0125260837
-0.0085546058
0.0001484488
-0.0032527356
-0.0059694764
-0.0009316916
0.0033235350
0.0080588507
-0.0026656580
0.0128153926
-0.0027611556
0.0032921981
0.0053270753
-0.0012514645
0.0000197055
0.0029635867
0.0062929220
-0.0054806112
-0.0014078635
-0.0042347074
-0.0030648967
-0.0027546035
0.0018506345
0.0003817213
-0.0022293213
-0.0023692977
-0.0093184076
-0.0003989602
-0.0104943682
-0.0005574719
-0.0099923387
-0.0047237440
0.0005799473
-0.0003187990
0.0063726716
-0.0018847442
0.0027368437
-0.0103486553
0.0104341703
0.0010332654
0.0024977594
-0.0032565745
0.0007813999
-0.0008175301
-0.0034213292
-0.0060930420
-0.0043204348
0.0089108162
0.0046803118
0.0028855405
-0.0045082164
-0.0036612046
-0.0103148455
-0.0008613392
0.0275676772
-0.0302767940
-0.0170646049
-0.0007018468
0.0013110155
-0.0041279942
-0.0047559887
-0.0111287152
0.0287432577
0.0272525419
-0.0350478180
-0.0139111187
-0.0065875999
0.0005787862
-0.0047684638
-0.0064481189
0.0033460988
-0.0163289662
-0.0346971229
0.0104888687
0.0231819749
-0.0195082258
-0.0049549001
-0.0052339113
-0.0018889209
0.0021373846
-0.0194513183
-0.0261191018
0.0163354166
0.0029790443
-0.0163140837
0.0000238934
-0.0033522344
0.0028685273
0.0163664687
0.0052841078
-0.0006606836
0.0063106953
0.0020839884
-0.0051451256
0.0035959298
-0.0079985121
-0.0043942430
0.0082867797
-0.0040114382
-0.0081198383
-0.0055596731
-0.0009793397
-0.0059835431
-0.0018063193
-0.0037760108
-0.0018571878
-0.0053674150
-0.0018524920
-0.0094417753
-0.0036557151
-0.0024207463
-0.0066306163
-0.0012435443
0.0025063206
0.0068916832
-0.0010335001
0.0012365868
-0.0136449523
0.0044821231
0.0062298817
-0.0038364665
0.0024493388
0.0022346508
0.0019553886
-0.0095482338
-0.0013064332
-0.0094596902
-0.0043229517
0.0098118214
-0.0044964189
0.0011874412
-0.0032177400
0.0003927419
-0.0008889066
0.0140899168
-0.0330077372
0.0124151520
0.0252029113
-0.0283497851
-0.0032912691
-0.0073302994
-0.0004008840
0.0118602477
-0.0034738833
-0.0667903572
0.0586274453
0.0170742702
-0.0232528690
-0.0044215247
-0.0010265410
0.0070194616
0.0067685083
-0.0223928280
-0.0073627545
0.0116918944
-0.0040574111
-0.0026267034
0.0077490369
-0.0013607312
0.0061119832
-0.0120961117
-0.0009071213
0.0316363871
-0.0216736719
-0.0022546656
0.0039182380
-0.0015320103
-0.0044951704
-0.0026476202
-0.0143649476
0.0116684679
0.0011051081
-0.0099955071
0.0072927335
-0.0008915346
-0.0009810432
-0.0003903568
0.0000526465
-0.0057644309
0.0047369669
-0.0042226072
-0.0059599075
-0.0011802597
-0.0060760132
-0.0001526850
-0.0003311193
-0.0026418760
-0.0025091057
-0.0079218876
-0.0038250363
0.0011392597
0.0019094734
0.0017449567
-0.0022569320
-0.0030021209
-0.0047561368
-0.0007277059
-0.0019070625
-0.0010469670
0.0009507200
-0.0057835001
-0.0059098341
-0.0055952137
0.0022689763
0.0089817569
0.0179901961
0.0109278308
-0.0030110111
-0.0029274230
0.0000354184
0.0061864778
0.0075829150
-0.0036497812
0.0028982298
0.0028324539
-0.0207936838
-0.0223828387
0.0088435737
0.0085752085
-0.0018878666
0.0020290932
-0.0060164379
-0.0106682638
-0.0160597377
-0.0086098108
0.0514438078
0.0465115495
0.0047839847
-0.0091548655
-0.0027432605
0.0103715099
0.0088442964
0.0137225520
0.0228711069
-0.0112126106
-0.0527276061
-0.0161939431
0.0209614821
0.0136505961
-0.0065725036
-0.0107627651
-0.0120805511
-0.0271896925
-0.0301052071
0.0060286820
0.0093569616
-0.0047403942
-0.0063202973
-0.0007247452
-0.0024175753
0.0022231720
0.0145426653
0.0280245058
0.0168019067
-0.0025611832
-0.0093827480
0.0020037186
0.0106227575
0.0128262192
0.0170995910
0.0179053210
0.0161750298
0.0045755687
0.0074110627
0.0080679068
0.0151599254
-0.0005999563
-0.0013389967
-0.0021018509
0.0018990595
-0.0027223676
-0.0033277099
0.0006636560
0.0030702010
-0.0000641184
-0.0009602529
0.0000969634
-0.0020466689
0.0014006072
0.0026929602
0.0033288926
-0.0016499464
0.0048719994
0.0024504943
0.0025600842
0.0016704663
-0.0066213710
0.0024992279
0.0156079466
0.0166864935
0.0047010579
0.0048541375
0.0016743158
-0.0027640709
-0.0046526711
-0.0122022340
0.0003966998
0.0054265629
-0.0256145764
-0.0084712654
0.0077932961
-0.0026055155
-0.0000807623
-0.0068335193
-0.0224527158
-0.0006794801
0.0150084132
-0.0471971929
-0.0281745307
0.0115150530
-0.0067411386
0.0009578479
0.0020947519
-0.0059416592
-0.0018072358
0.0232683811
0.0021569547
-0.0020884047
0.0227936804
0.0017063927
-0.0026753857
0.0038513197
0.0013396868
-0.0007264059
0.0077279950
-0.0008922381
-0.0069885440
0.0116545297
0.0012002899
-0.0042339661
0.0021231570
0.0029707507
-0.0023863805
-0.0059480476
-0.0088043045
-0.0107478499
-0.0000424662
-0.0028197139
-0.0028343478
0.0012219027
0.0001417293
-0.0027550657
0.0012139365
-0.0006719767
-0.0019196648
0.0053430535
-0.0002092319
0.0024959722
0.0000913444
0.0008734894
0.0000039746
-0.0015993884
-0.0049139485
0.0010094718
-0.0016780025
0.0021752750
0.0022523112
0.0006411911
0.0024694323
0.0003932318
0.0028959997
0.0026298200
0.0017783586
0.0009225408
0.0028331566
0.0033225126
-0.0006191728
0.0006547869
0.0015850851
0.0062518683
-0.0018234202
-0.0028025855
-0.0026441072
-0.0009682329
0.0001100052
-0.0009279500
0.0034257793
0.0060125021
0.0026983756
-0.0050940178
0.0019308927
0.0012605611
-0.0004566757
0.0004881870
-0.0055147232
0.0017999171
-0.0357271098
-0.0550123900
-0.0146852741
0.0001986474
-0.0010510648
-0.0060926308
-0.0007822196
0.0037731633
-0.0065097450
0.0179233197
0.0484832749
-0.0225283597
0.0070682978
0.0035473860
0.0020944893
0.0001279915
0.0048057074
0.0050630597
-0.0060541071
-0.0128966747
-0.0156935509
0.0005590002
0.0059593418
0.0014726663
0.0004192869
0.0009990496
0.0002400538
-0.0104016187
-0.0026671675
-0.0003274913
-0.0019895707
0.0040912316
0.0003711746
-0.0013474822
0.0002958061
0.0017094539
-0.0031026129
0.0013557526
-0.0003939741
-0.0003077606
0.0011772831
0.0013782617
0.0022344620
0.0018286754
0.0042873095
-0.0042547337
-0.0039966786
0.0038240177
0.0016138050
0.0003710887
-0.0031356164
-0.0002116142
0.0001914938
0.0005364974
-0.0028986107
-0.0083896499
-0.0052917637
0.0016816859
0.0022284458
-0.0061253607
0.0012936377
-0.0038113957
-0.0037834914
-0.0069505856
-0.0252445731
-0.0143200364
0.0038268846
-0.0035282676
-0.0025825773
-0.0005015411
-0.0004324497
0.0017066998
0.0012973977
0.0050197556
0.0023561763
-0.0085280417
0.0041406057
-0.0067652552
-0.0058015459
0.0023760125
0.0172418617
0.0034291097
0.0464621857
0.0251536407
-0.0451244824
-0.0000836652
-0.0190476701
0.0036991762
0.0007245694
0.0198832564
-0.0115702758
-0.0388249420
0.0020346825
-0.0131397191
0.0029015334
-0.0054667997
0.0070070638
-0.0041089975
0.0167337414
-0.0093260556
-0.0319925360
0.0043315147
0.0017288388
0.0036933944
0.0049062539
0.0018210632
-0.0014080652
0.0071948259
0.0067591900
0.0154756643
0.0204457715
0.0004948301
-0.0003827877
0.0002834554
0.0021506075
0.0001078260
-0.0012941903
-0.0047024339
-0.0178319346
-0.0074210595
0.0090729129
0.0054995324
-0.0010534157
-0.0010004990
0.0066114613
-0.0011286461
-0.0020113119
-0.0100976769
-0.0072326683
-0.0083996458
-0.0012670417
0.0000459153
-0.0006551087
-0.0005166235
-0.0025360894
0.0005854361
0.0030004731
-0.0024605202
-0.0038002676
-0.0020294616
0.0023916620
-0.0064356928
-0.0043070843
-0.0061835186
-0.0071095787
0.0029510220
0.0205022935
0.0100763077
-0.0110591874
-0.0017385976
0.0056332042
0.0044123377
0.0023398453
0.0090554189
-0.0186353195
-0.0163197611
0.0165311210
-0.0056925123
-0.0039746813
-0.0000231141
0.0051309923
0.0013994803
0.0176270474
0.0135675855
-0.0521929339
-0.0245074295
0.0149209229
0.0017730220
-0.0018748716
-0.0005203154
-0.0063858563
-0.0258104522
0.0002861882
0.0426297598
-0.0021026970
0.0028097001
0.0003501417
0.0019853949
0.0071097463
0.0142158456
0.0018576175
-0.0061438056
0.0266274586
0.0229572020
0.0023311521
0.0064914478
-0.0074643972
-0.0069451807
0.0013863597
-0.0022102790
0.0028855288
-0.0180607624
-0.0111322580
-0.0192170963
-0.0098903682
-0.0024923328
-0.0018710602
-0.0001749968
-0.0042390320
0.0020841020
-0.0066959620
-0.0045271749
-0.0073878728
-0.0012276693
-0.0013523320
0.0002893228
0.0005156462
-0.0011199424
-0.0015450608
0.0021055450
0.0002706574
0.0010270260
-0.0017480478
-0.0006352188
-0.0029324512
-0.0003958128
-0.0014288649
-0.0023780665
-0.0021186862
-0.0031969859
-0.0015164762
-0.0014299962
0.0026221357
0.0041891173
0.0075209518
0.0047753453
-0.0008591192
-0.0040483000
-0.0050233658
0.0012080277
0.0040371176
0.0007696297
0.0013985535
0.0037314526
0.0012203036
0.0107816774
0.0084750513
0.0046225064
0.0034213527
0.0050403108
0.0050132764
-0.0042938394
-0.0170385912
-0.0029646023
0.0009376259
-0.0155095439
0.0008867849
0.0029951327
-0.0041239345
0.0105321752
0.0020533053
-0.0082673253
0.0139038321
0.0107088899
-0.0381209292
-0.0214380156
0.0088424515
-0.0002971011
0.0046799788
0.0033379991
0.0062528155
0.0058263629
0.0127482042
-0.0010310442
-0.0016003978
0.0143356472
0.0016145881
0.0059663891
0.0038411659
0.0081554344
0.0012610616
0.0118533513
0.0015249050
0.0022311846
0.0185727198
0.0047634714
0.0049828584
0.0027860866
0.0082135042
0.0027354360
0.0025170736
-0.0017212267
0.0024509111
0.0031505811
0.0038400304
-0.0034011747
-0.0006579148
0.0095603056
0.0036287529
-0.0019661167
-0.0040414827
0.0024425178
0.0037665258
0.0027138421
-0.0008481678
0.0011725920
0.0058855042
-0.0053519583
0.0028952840
0.0014384731
0.0012997887
-0.0001163530
-0.0000357106
0.0002258525
0.0041728793
0.0113935061
0.0050595365
0.0177020300
0.0064846836
0.0004064479
0.0000898130
0.0083752340
-0.0045113843
-0.0024303091
0.0174426734
-0.0043990845
-0.0085801715
-0.0077230292
-0.0025409169
-0.0013120745
0.0007859473
-0.0078510558
0.0032808671
0.0174504742
-0.0524380878
0.0070982203
0.0070906328
-0.0028581701
0.0118688196
0.0062498599
-0.0070049530
0.0067485585
0.0092855431
-0.0125570791
0.0401706323
-0.0113751292
-0.0204869285
0.0232457928
0.0068353182
0.0049334946
0.0041707498
0.0049957391
0.0069021420
0.0176963173
-0.0114830006
-0.0116186012
0.0125491749
-0.0014531133
0.0039875242
-0.0031964399
-0.0020241886
-0.0191791840
0.0010145428
-0.0061307587
-0.0044197273
0.0077845571
0.0049006911
0.0020496903
0.0002558017
0.0047444808
-0.0013456979
0.0049462379
-0.0029913431
-0.0044404492
0.0018297675
0.0028711511
0.0005208217
0.0020993061
0.0016338429
-0.0005744949
-0.0037486886
-0.0000502741
0.0014648662
0.0040629804
-0.0040013432
-0.0024480100
0.0028302372
0.0002144418
0.0037868493
0.0052097519
0.0000180888
-0.0027192335
0.0014068133
-0.0025138275
0.0020844024
0.0056208977
0.0066524837
0.0018886518
0.0096960487
0.0066498416
0.0008605070
0.0135174049
-0.0025463740
0.0023156430
-0.0008265330
-0.0008910964
0.0015855635
0.0472359881
-0.0188433882
-0.0004776691
0.0080043590
-0.0010236581
0.0004112990
-0.0018463552
-0.0184626672
0.0530068390
0.1518878043
-0.0115886685
-0.0011844656
0.0038349424
0.0008362994
-0.0020480803
-0.0028903165
-0.0048572449
-0.0263800342
-0.0037906764
-0.0102842394
-0.0083708074
0.0101810582
0.0021977283
-0.0026947302
0.0013405357
-0.0070757144
0.0042600608
0.0150340656
-0.0048378203
0.0048537408
0.0063483887
0.0041382099
-0.0002073229
-0.0014784007
0.0001087367
0.0037841706
-0.0094375452
-0.0047872863
-0.0041032406
-0.0041913283
0.0023076858
-0.0011569688
-0.0007982611
0.0004966664
0.0006419583
0.0019066310
0.0031036581
-0.0001357272
0.0002833318
-0.0010987242
0.0022348908
0.0050231111
-0.0008215187
0.0050779423
0.0003795025
-0.0094603878
-0.0023773101
0.0025437053
0.0033922989
0.0030895676
0.0009028183
-0.0053161760
0.0069203908
0.0022811606
-0.0056410236
-0.0002294084
0.0023978094
0.0020163173
0.0069360347
-0.0015396064
-0.0084920246
-0.0017243373
0.0127326865
0.0150680616
0.0105815269
-0.0018349203
0.0019222772
0.0038687009
0.0024234063
-0.0025919985
0.0077642463
-0.0051393197
-0.0126016792
-0.0081179719
0.0036917769
0.0031504272
-0.0060624066
0.0024434351
-0.0085691912
0.0114392657
0.0089726979
-0.0399494469
-0.0187590178
0.0140239112
-0.0026358764
0.0046770056
0.0092600742
-0.0272717252
-0.0099857543
0.0440125912
-0.0068762763
0.0052724099
0.0131074945
0.0019974047
-0.0002514595
0.0083422624
-0.0032667932
-0.0113192778
0.0078054005
-0.0055036708
0.0060734483
0.0114038587
0.0046258606
0.0028705318
0.0052862256
0.0000421754
0.0096303029
-0.0111434041
-0.0170620456
-0.0025454697
0.0035976518
-0.0020487939
0.0030920065
0.0039447495
-0.0049407003
0.0002121090
-0.0041514626
-0.0049402905
-0.0015888172
0.0022379134
-0.0002867021
-0.0034153755
-0.0001377759
0.0009563115
0.0025290295
0.0021340109
0.0059596025
-0.0043208133
0.0002251536
-0.0036336221
-0.0009191605
-0.0001125291
-0.0022238526
0.0054525961
-0.0041226489
0.0046447981
-0.0034447357
0.0003968403
-0.0029841096
-0.0088864248
-0.0035116570
-0.0096016675
0.0182813443
0.0001977253
0.0069971294
-0.0006766925
-0.0008342469
0.0015805031
-0.0078280717
0.0006692983
-0.0049451217
-0.0061929775
0.0082854582
0.0027086090
-0.0118192853
0.0007040221
-0.0016002173
-0.0084847603
-0.0032736156
-0.0099762138
0.0242087375
0.0325759985
0.0097485390
-0.0173033271
0.0042143879
-0.0059482446
-0.0033350305
-0.0013293482
-0.0006786878
0.0521902777
0.0240515396
0.0107138427
-0.0161162000
0.0063494598
-0.0074066361
-0.0018767392
-0.0071910680
-0.0007400262
-0.0059220465
-0.0110195521
-0.0067551038
-0.0238837767
0.0014865751
-0.0066717630
0.0067354972
0.0013973069
-0.0095488839
0.0145270424
0.0042288834
0.0041012373
-0.0026850926
0.0013541986
-0.0002908343
0.0028831479
0.0005924643
-0.0030471303
0.0123913372
0.0028511710
0.0079120118
0.0014612918
0.0011364528
-0.0002344960
0.0001194720
0.0001608027
-0.0017037953
0.0009076237
-0.0052474756
0.0015877702
-0.0008643254
-0.0046929279
0.0001144960
-0.0000272613
-0.0013458888
-0.0031456016
0.0043318206
-0.0023558165
0.0043345704
0.0070803287
-0.0048662443
0.0009436192
0.0045341500
-0.0005722594
-0.0043008770
0.0073027611
0.0066052382
0.0105251698
0.0081188604
-0.0008138151
0.0078166183
0.0000221123
0.0004000864
-0.0051037818
-0.0055252421
-0.0417624712
0.0093609160
0.0025959045
-0.0096629420
0.0015068258
0.0039766817
0.0066253892
-0.0058133844
0.0114709595
-0.0395715013
-0.0019714069
0.0031123282
-0.0107023381
0.0010074400
0.0034446486
0.0016328112
-0.0134566212
0.0027270589
-0.0317138247
0.0009640926
0.0129356869
-0.0007699116
0.0069816182
0.0038868999
0.0042228485
-0.0048799557
0.0072595556
-0.0070717651
0.0103992941
0.0112681743
0.0023031454
0.0030401752
-0.0001299131
0.0002001448
-0.0089594657
0.0058888351
-0.0001197208
0.0066518257
0.0049599479
0.0002697757
-0.0006581320
0.0021162420
-0.0007445405
-0.0066926228
0.0063471124
0.0017123844
0.0044304691
0.0068610371
-0.0004403521
0.0000688865
0.0035315112
0.0027240852
0.0111074103
-0.0039474596
-0.0136781093
0.0222245529
0.0005941272
-0.0012320562
-0.0009462951
-0.0021350128
-0.0008035913
0.0168242119
-0.0012711179
-0.0212535467
0.0253242850
-0.0038996201
0.0002667913
-0.0041896007
-0.0004246242
0.0080104908
0.0200352743
0.0000857664
-0.0261786319
0.0203424133
-0.0088701211
0.0038843178
-0.0024503644
-0.0065923547
-0.0034802009
0.0211703461
-0.0120827937
-0.0336197242
0.0538104177
-0.0172850061
0.0037152371
-0.0003033610
-0.0076548886
0.0004520655
0.0290519930
-0.0182564519
-0.0089010708
0.0441603921
-0.0386732705
0.0209291689
-0.0023150847
0.0012286489
0.0076568085
0.0133348471
-0.0103073921
0.0216318313
-0.0111915162
-0.0206564143
0.0348873883
-0.0019107431
0.0087486915
0.0033844139
0.0001466210
0.0032745998
-0.0005905408
-0.0093738819
0.0015058413
0.0111122541
-0.0045511918
0.0038788107
-0.0034410863
0.0120994430
0.0058980091
-0.0169928260
0.0273931734
-0.0085476376
-0.0001350008
0.0003446762
0.0002047533
-0.0006311010
0.0100765508
-0.0030511343
-0.0123156551
0.0174413808
-0.0091030132
0.0028523589
-0.0009277486
0.0028752168
0.0020928411
-0.0044336282
0.0023791147
0.0063521001
-0.0067426772
0.0043838951
0.0040038931
0.0041981232
-0.0008823230
-0.0010855400
-0.0048907502
0.0069937306
0.0077671302
-0.0117107043
-0.0028323219
0.0003260431
-0.0004043198
-0.0053000338
0.0015136941
0.0041013123
0.0068976358
0.0031076083
-0.0040163170
-0.0097336415
0.0030399705
0.0010355629
-0.0047854073
0.0038462130
-0.0010804567
-0.0136276064
0.0134971272
-0.0057995287
-0.0159536600
0.0232254677
0.0042926823
0.0021216059
0.0018777964
-0.0192118008
-0.0101481443
0.0583798476
-0.0474477224
-0.0033726918
0.0255379267
-0.0000571053
0.0091243554
0.0017056284
-0.0197259542
0.0321325921
0.0378689803
-0.0556944534
0.0107056433
0.0043596020
-0.0041132397
-0.0011010615
-0.0047919932
-0.0123240836
0.0174790807
-0.0057733003
-0.0128101083
0.0092123309
-0.0056648343
-0.0051564369
-0.0002201947
0.0018947690
-0.0046340115
-0.0023431585
-0.0056919400
0.0058893249
0.0023298548
-0.0069719022
-0.0010826135
-0.0010252080
0.0006331236
0.0002903354
0.0024829591
-0.0006678204
0.0040314472
-0.0008187245
-0.0009762301
0.0012515999
-0.0021189048
0.0018163698
-0.0020063766
-0.0025771970
0.0002668949
-0.0122417612
-0.0085422304
0.0076380461
0.0031086744
-0.0015182600
0.0029926803
0.0016272445
0.0016741180
-0.0022507026
-0.0187698416
-0.0089315241
0.0111195240
0.0019098438
-0.0002304531
0.0053196033
-0.0048019355
0.0046063312
0.0056122490
-0.0148226265
-0.0030553786
0.0149148526
0.0038293218
-0.0040721870
0.0045934469
-0.0058155316
-0.0068653040
-0.0073972098
-0.0122366371
-0.0140049951
0.0084913606
0.0024451797
-0.0094562573
-0.0002774310
-0.0023787471
-0.0391411148
-0.0184468981
-0.0046581249
-0.0163314249
0.0013291516
-0.0012881100
-0.0083945431
0.0025166355
0.0228061732
-0.0185356643
-0.0185343269
0.0043945140
-0.0052625854
0.0067102094
0.0004545494
-0.0030842733
0.0029377379
0.0095466720
-0.0097382879
-0.0069721011
0.0011563007
0.0033669206
0.0115096224
0.0043151597
-0.0081094680
-0.0032592386
-0.0072999937
-0.0120622749
-0.0150194168
-0.0096245902
0.0026854263
-0.0008354390
-0.0060337866
-0.0068936157
0.0015678201
-0.0047491123
-0.0017543213
-0.0086297411
-0.0090326434
0.0033522036
0.0057670539
-0.0029899485
-0.0006839256
-0.0019218714
-0.0076483358
-0.0053776670
0.0014360062
-0.0006516448
0.0008133102
-0.0033657742
-0.0011296605
-0.0005611536
0.0061655473
0.0038924785
0.0047363481
0.0063537536
-0.0026128925
0.0034384443
0.0032668540
0.0059455060
0.0002889682
0.0044848155
0.0109100072
0.0064663468
0.0045050834
-0.0034142635
-0.0011638805
0.0011027717
0.0074538575
-0.0029701856
-0.0018482624
-0.0024709199
-0.0103019774
-0.0111400625
0.0186104719
0.0023807562
-0.0110451635
-0.0002900036
0.0028836008
0.0008459828
-0.0002320980
0.0141640650
-0.0218675919
0.0045720777
0.0253637750
-0.0065138647
-0.0060394923
0.0042152423
-0.0006112191
-0.0167766735
0.0052148825
0.0386920311
-0.0343399942
-0.0093282042
0.0027110693
0.0017358732
0.0000987062
0.0079628518
0.0055705924
-0.0125439148
0.0215119347
0.0154750310
-0.0103004444
0.0052685160
0.0045584934
-0.0061304932
-0.0016734452
0.0085724583
-0.0013391089
-0.0200272016
-0.0069107478
-0.0000892593
0.0011491282
0.0016366281
0.0011856740
-0.0041312426
-0.0030294878
0.0017588739
-0.0063758916
-0.0041423091
0.0041088760
-0.0009468608
-0.0000746813
-0.0017021645
-0.0015409632
-0.0007980868
0.0000885716
0.0048739966
0.0086075878
0.0008518546
0.0038780842
0.0037575485
-0.0024005638
-0.0037122876
-0.0023768656
0.0001292926
0.0012947402
-0.0038188500
-0.0033699472
0.0006379974
-0.0005216589
-0.0045098425
-0.0039586215
0.0027743101
0.0024560965
-0.0037746329
-0.0185873378
0.0054147113
0.0035593715
-0.0045459620
-0.0001390955
0.0071532191
0.0099379336
-0.0033313141
0.0189474169
0.0250504613
0.0117544187
-0.0036514106
0.0013193241
-0.0071116532
-0.0021425991
-0.0087097893
-0.0278328191
-0.0237577129
0.0087586660
0.0130223511
-0.0072965594
0.0013194750
-0.0058151670
0.0005061022
0.0057970099
0.0033245077
-0.0018918429
-0.0276738629
-0.0075596804
-0.0041108700
-0.0069348202
-0.0079216631
-0.0004228593
-0.0017911019
0.0040908516
0.0253860038
0.0060433671
-0.0080327243
-0.0095712235
-0.0033590514
-0.0016896713
0.0021810965
0.0026146995
-0.0029646337
-0.0059500155
-0.0044455011
0.0087951403
0.0104203708
0.0067909071
-0.0057685371
-0.0033755419
0.0032213815
0.0038632965
0.0016585168
-0.0015653610
0.0003438486
0.0010566023
0.0050002672
-0.0004450071
0.0048676361
0.0016313841
0.0034320490
-0.0028663671
0.0064085126
0.0083188666
0.0071749166
0.0035939286
-0.0010361620
0.0037224290
-0.0022139011
0.0055623604
-0.0006265641
0.0026385677
-0.0040114881
-0.0021009736
0.0016241751
-0.0020424235
0.0021630593
0.0009159944
0.0151997572
0.0243543983
0.0141897649
-0.0108566927
-0.0058585107
-0.0023365347
0.0005496491
0.0001734014
-0.0031581023
-0.0005534586
-0.0411851294
-0.0112739215
0.0083236368
-0.0042248350
-0.0029788550
0.0006208744
0.0090428693
0.0197545420
-0.0267174169
-0.0946615860
-0.0099831000
0.0026119053
-0.0082701482
0.0000432273
-0.0057800049
-0.0005597600
0.0018264543
0.0110320980
0.0158970486
0.0436230004
-0.0018514624
-0.0112912040
-0.0042801746
0.0098619265
0.0058824010
-0.0050442913
0.0104647381
0.0050771455
0.0094080381
0.0074236318
0.0073336703
0.0006155226
0.0003607955
-0.0045627817
-0.0074892407
-0.0103685055
-0.0210922938
-0.0175412893
-0.0052567022
-0.0013541590
-0.0024134147
0.0004661942
0.0012191262
0.0005097040
-0.0004234026
0.0036363902
0.0027448130
0.0004774444
-0.0050602267
-0.0015622868
-0.0045733275
-0.0006150858
-0.0004563569
0.0000203166
0.0015219500
0.0024950588
-0.0036650724
0.0049375719
0.0005921911
-0.0015945140
-0.0005699144
-0.0004123246
-0.0000493954
-0.0003349704
-0.0036497607
-0.0052097039
0.0040320102
-0.0008147474
-0.0024287561
0.0003260663
-0.0002056344
0.0049975528
-0.0051933601
-0.0152601926
-0.0085703945
0.0002128720
-0.0042473180
-0.0009945707
-0.0020556760
-0.0073425453
0.0044956240
0.0053637912
-0.0015428216
0.0028015859
0.0076605710
-0.0012136208
0.0010109021
-0.0007628337
-0.0149932876
0.0003633311
0.0057866229
-0.0018623599
0.0015405248
0.0132699003
-0.0020500952
0.0032123774
-0.0012656803
-0.0148886787
0.0135156829
0.0138962930
-0.0365121923
-0.0135263605
0.0068387911
-0.0043430738
0.0018221036
-0.0033728241
-0.0111850547
0.0030836186
0.0033572533
-0.0100357719
0.0011581550
-0.0009491004
-0.0014419610
0.0035593950
-0.0000671350
-0.0035336271
0.0026921958
0.0069708996
0.0129963690
0.0077029401
0.0047577140
0.0027082365
-0.0019888668
0.0002209895
-0.0026943865
-0.0004195730
-0.0020970656
0.0019585558
-0.0015802474
-0.0003554560
-0.0023263576
0.0020752184
0.0021302749
-0.0003749442
-0.0002436163
-0.0028492082
0.0028113562
0.0084411092
0.0075707887
-0.0006121344
-0.0024414305
-0.0019317314
-0.0023964790
-0.0006444650
-0.0014279590
0.0013922544
-0.0060210340
-0.0031168475
-0.0058967797
0.0048407498
0.0010404702
-0.0106805237
-0.0060012336
-0.0142892981
-0.0027377319
-0.0055612135
-0.0074308407
-0.0117531409
-0.0021276546
0.0002962795
-0.0003299642
0.0015703067
-0.0033114187
0.0021376447
-0.0009195926
0.0122671910
-0.0015563362
-0.0019406290
-0.0017113626
-0.0001436837
0.0321735814
0.0564304963
0.0333511606
-0.0019901271
0.0257214345
0.0018770708
0.0018218487
-0.0076367580
-0.0170270205
-0.0175040960
-0.0487054922
-0.0667426586
-0.0400563590
0.0074299118
-0.0057889484
0.0045524277
-0.0011907318
0.0005518814
0.0034436998
0.0068200766
0.0259693880
0.0089765834
0.0026696564
-0.0030421615
0.0002661114
-0.0031269486
-0.0021638549
-0.0002951375
-0.0107066911
-0.0038916455
0.0023330234
-0.0020614553
-0.0089329993
0.0014074914
-0.0011683798
0.0014319037
-0.0059144278
-0.0079463245
0.0004066471
-0.0041588517
-0.0003184174
-0.0077973334
0.0004737724
0.0016796071
0.0042307614
-0.0025020826
0.0014454626
-0.0014117474
0.0004256910
-0.0007045806
0.0000572322
-0.0002088976
0.0022234158
0.0043704188
-0.0019792388
0.0016004946
0.0004725438
0.0013646948
-0.0003258265
-0.0001937226
0.0029437293
0.0040512509
0.0023189697
0.0033377721
0.0175265092
0.0101670520
0.0044862148
-0.0007287810
0.0042052451
0.0072927759
0.0009158578
-0.0067986543
0.0041755447
0.0075021647
-0.0102146436
-0.0036240194
0.0023590131
0.0048093931
0.0036536632
0.0018994805
-0.0020164235
-0.0021718603
-0.0223900303
-0.0422151797
-0.0305987746
-0.0078568859
0.0017616224
0.0081165237
0.0032558024
0.0054272395
0.0003892216
0.0584246628
0.0521933809
0.0081454702
0.0076362840
0.0086806677
0.0029649741
0.0014622784
0.0074373162
-0.0164614916
-0.0171807688
-0.0115566412
0.0015961583
0.0120730819
0.0049947328
0.0006025221
0.0035517595
0.0051194383
0.0050107823
0.0131994821
0.0053379671
-0.0053996365
0.0007888759
0.0052718762
0.0041043493
0.0033967376
-0.0039012618
0.0046855691
0.0012320008
-0.0079639014
0.0010047773
-0.0004680277
-0.0000218219
-0.0033993942
-0.0005829270
-0.0007895646
-0.0027455958
0.0001080459
-0.0021567303
-0.0035840948
0.0017491872
-0.0052472437
-0.0023703168
-0.0023375559
0.0014347630
0.0001024453
-0.0000723163
-0.0032148382
-0.0029780625
-0.0004301867
-0.0048343311
0.0019811483
0.0100400243
0.0131542897
0.0130354306
0.0178184789
0.0201996677
0.0071687801
0.0056806356
0.0011142354
-0.0059646228
-0.0017057422
-0.0025419411
-0.0037817343
0.0169655532
0.0021026828
-0.0176404100
0.0020497316
-0.0005652513
-0.0011582780
-0.0015464918
0.0016392753
0.0050872741
-0.0128361788
0.0014514920
-0.0023300208
0.0102657732
-0.0003334867
-0.0034679954
-0.0011004844
0.0054624379
-0.0137153128
0.0354360752
0.0223495159
-0.0139842797
-0.0006916717
-0.0084376503
-0.0031010741
-0.0036101297
-0.0039208913
0.0013955877
0.0133016985
0.0142920306
0.0034046764
-0.0052520568
-0.0038699755
0.0013039334
-0.0002892835
-0.0027726404
0.0039094081
-0.0010119452
0.0010135469
0.0011811845
-0.0031668101
-0.0036528269
-0.0002953920
0.0022324689
0.0052940291
0.0063691884
0.0072827195
0.0084724780
0.0045352499
-0.0016642767
-0.0019143285
0.0018471533
0.0009142454
0.0021242779
-0.0029836143
0.0027028399
-0.0017082724
-0.0006622180
-0.0040499573
-0.0011966908
0.0017464880
-0.0009353171
0.0050207311
-0.0028386116
0.0028228511
-0.0008473922
0.0021454298
-0.0005599901
0.0003110975
0.0023658562
-0.0027672162
0.0030289514
-0.0112163788
-0.0026594109
0.0002670202
0.0050466540
0.0039609419
0.0007949148
0.0061725061
0.0006068943
0.0091105970
-0.0038420460
0.0019862237
-0.0059569911
-0.0034075333
-0.0039803847
0.0002515854
0.0061464971
-0.0021280486
0.0169804245
-0.0113919284
-0.0189369954
-0.0039259912
0.0065485802
-0.0140429456
0.0008218453
0.0012574157
-0.0034803315
0.0184890199
-0.0301498733
-0.0234144516
0.0214045793
0.0162572004
-0.0166715980
0.0010257713
-0.0026896191
0.0060060355
0.0193849429
-0.0151460888
-0.0118153440
0.0064143236
0.0062067183
-0.0061100214
0.0009478774
-0.0056471666
0.0015435095
0.0156577323
-0.0053641237
-0.0034648746
0.0000823844
0.0037511101
-0.0021853715
-0.0007226397
-0.0042455047
-0.0012565987
0.0066502132
-0.0076124487
-0.0020711033
-0.0024373708
0.0013294268
-0.0009333909
-0.0016426459
0.0010749543
-0.0033346894
0.0060902736
-0.0006737672
-0.0132623324
0.0131864399
-0.0016592478
0.0004774331
0.0043283254
0.0058208685
-0.0028725765
0.0074693849
0.0017694528
-0.0129989916
0.0217429418
-0.0054298854
0.0034157771
0.0049939738
0.0024104635
-0.0025985034
0.0008936930
0.0036106550
-0.0110491356
0.0139566679
-0.0040338296
-0.0069702058
-0.0063252682
0.0049506295
-0.0035810622
-0.0091335438
0.0201954395
-0.0047998675
-0.0076243440
0.0159148686
0.0023318159
0.0004360203
0.0001459592
0.0013123166
-0.0082164761
0.0144992620
0.0489295125
-0.0543893687
0.0127006853
0.0214990824
0.0047959774
-0.0002132740
0.0038615214
0.0006899476
-0.0289190859
0.0342471898
-0.0145105561
-0.0241891537
0.0228134226
0.0008472573
-0.0031541088
0.0038293088
0.0075617414
-0.0188861582
-0.0000990682
0.0234692674
-0.0289794635
0.0085696960
-0.0075092735
-0.0044209189
0.0019819480
0.0124289934
-0.0004596773
-0.0200811084
0.0277568698
-0.0066639162
0.0057720090
0.0062721083
-0.0020858385
-0.0008152659
0.0079504205
0.0025042295
-0.0099822609
0.0167325530
-0.0012875700
0.0011851179
0.0075024297
-0.0007575025
0.0002151251
0.0043267058
0.0025341599
0.0026479298
-0.0002961043
-0.0051770578
-0.0059345425
0.0015004997
-0.0013359648
-0.0002837433
-0.0002616652
-0.0080685662
-0.0084543917
-0.0003793630
0.0061803679
-0.0014093041
0.0025597103
-0.0056708627
0.0028955939
-0.0015164700
-0.0163339581
-0.0147907902
-0.0045106634
0.0074795517
0.0073706890
0.0067434562
-0.0038522533
0.0065058516
0.0101953782
0.0125840874
0.0229891241
0.0058349781
-0.0003885406
-0.0068465527
-0.0003129320
-0.0078704664
0.0071232645
0.0241482034
-0.0215952639
-0.0389132872
0.0065203328
0.0063772132
-0.0198931377
-0.0033488064
-0.0078043547
0.0053502833
0.0159178823
-0.0123428861
-0.0124334041
0.0292730257
0.0266330559
-0.0062613473
0.0043984507
-0.0003609410
0.0026562421
-0.0112075387
0.0034924594
0.0085080452
-0.0012138388
0.0064208726
0.0016560418
0.0037516654
0.0023436339
-0.0010374975
-0.0110317385
-0.0021541475
-0.0157415178
-0.0167204235
0.0021756906
0.0002505138
-0.0024962539
-0.0025269082
0.0019990725
0.0034300250
-0.0038538668
-0.0015797572
-0.0008030935
0.0050613917
0.0001897202
-0.0007505057
-0.0028844504
0.0017354271
0.0116140498
-0.0069025471
0.0025573915
0.0020879880
0.0056024641
0.0026349856
0.0000999424
-0.0031241050
-0.0000856853
0.0151031306
-0.0102177532
-0.0014208306
-0.0057627214
0.0056596613
0.0027955568
0.0020363408
-0.0066018687
-0.0001592589
0.0183340572
-0.0011525979
-0.0082638292
-0.0124255223
0.0025317294
0.0029559450
-0.0015426207
-0.0054008281
-0.0002721402
0.0117912022
-0.0122570917
-0.0054167439
0.0015322886
0.0143965567
0.0034247711
-0.0030327747
-0.0026196630
-0.0019842642
-0.0111684026
0.0090244003
-0.0036928195
-0.0108519373
0.0063722474
-0.0051442576
-0.0077879452
-0.0053316071
-0.0010359932
-0.0001055799
0.0262383334
-0.0138062853
-0.0162928011
0.0122650201
0.0013962553
-0.0017866387
-0.0028359126
-0.0011179304
0.0034376490
-0.0002687631
-0.0116792368
-0.0038642320
0.0163914841
-0.0012817730
-0.0063018003
-0.0079006702
0.0008098654
0.0108318133
-0.0109833805
0.0008514178
-0.0089503955
0.0116071152
0.0017466990
-0.0070054410
-0.0062880744
0.0003871681
0.0087141357
-0.0093829455
0.0026523592
0.0008497608
0.0095795840
0.0049052550
-0.0005077452
0.0009451354
0.0017675178
0.0014791653
-0.0030048911
-0.0069894022
-0.0011430488
0.0026709181
0.0023043293
0.0018561516
-0.0000159255
-0.0020709981
0.0020120048
0.0003220080
0.0006903977
0.0056731715
0.0011684673
0.0014755686
-0.0000076055
0.0028021429
0.0038958611
0.0010503700
-0.0037389894
-0.0073220856
-0.0004851593
0.0052024354
-0.0012466293
-0.0050916239
-0.0055842884
0.0018793788
0.0066703558
-0.0051371395
-0.0239856150
0.0247263070
-0.0154966209
-0.0000634410
-0.0023817369
-0.0060532643
0.0003218628
0.0012773427
-0.0156902075
-0.0318937711
0.0757951140
-0.0306239333
-0.0064041312
-0.0084097711
-0.0035450100
0.0045205280
0.0077148210
0.0041308757
-0.0292101484
-0.0211113654
-0.0064052241
-0.0029890791
-0.0054183877
0.0013639603
0.0016429158
0.0023119790
0.0079839882
-0.0043642800
0.0160954408
0.0090505024
-0.0023951058
-0.0022616477
-0.0044358904
-0.0021249708
-0.0103644198
-0.0074422350
-0.0156399794
-0.0006141096
0.0055173351
-0.0018491060
-0.0048571238
-0.0034611817
0.0019985416
-0.0013830216
-0.0012594576
-0.0059881532
0.0082369754
0.0026388494
-0.0015323639
-0.0037696124
0.0038033226
0.0006223882
0.0001157500
-0.0002234238
-0.0001209797
-0.0017126746
0.0055356501
-0.0014462981
0.0041556726
0.0010309820
0.0004460393
0.0039253361
0.0007680535
-0.0014829853
0.0020027442
0.0101219323
-0.0008869859
0.0001627814
0.0002156444
0.0028874371
0.0059084133
0.0086894529
0.0116876215
0.0201369915
0.0179957431
0.0039762626
0.0038596222
-0.0004498649
-0.0000621991
-0.0010223950
-0.0099957297
-0.0126041882
-0.0055512493
-0.0042224280
-0.0066449107
-0.0017040620
0.0030835017
0.0005342808
-0.0031379950
-0.0009207737
-0.0210128911
-0.0305507109
-0.0040850989
0.0022636990
0.0041371910
0.0061527588
0.0044887094
0.0008000163
0.0129609117
0.0338354632
0.0269097947
0.0144197810
0.0056395065
0.0036817375
-0.0004810494
-0.0007683241
-0.0001165100
-0.0081474036
-0.0029762674
0.0055259867
0.0089862030
0.0080935862
0.0014718501
0.0057436624
0.0067344997
0.0033098878
0.0007914578
-0.0063262065
-0.0088989493
-0.0071814754
0.0017072612
0.0011784576
0.0003997308
-0.0000512855
-0.0022692657
-0.0011199638
-0.0077693975
0.0023796691
-0.0029779298
-0.0047719651
-0.0083169919
-0.0050170422
-0.0019092150
0.0001593295
-0.0012747254
-0.0017114235
-0.0005654905
-0.0093343146
-0.0071158088
-0.0029414636
-0.0010006358
0.0013368001
0.0008929079
-0.0007753926
-0.0069497251
-0.0076344856
-0.0008677371
0.0069187251
0.0032377921
0.0089739207
0.0100932904
0.0014319165
-0.0058745882
-0.0149674816
0.0140281916
0.0196959171
0.0089855194
0.0040911799
-0.0097499387
-0.0109638218
-0.0129947076
0.0148646003
0.0269827750
-0.0057914671
-0.0283841379
-0.0180917867
-0.0122305565
0.0004025560
0.0016406017
0.0098172678
-0.0005988082
-0.0454698540
-0.0422243923
-0.0132730408
-0.0021739167
-0.0022421353
0.0016878598
0.0039570001
-0.0072916788
-0.0061076768
0.0062119868
0.0505104251
0.0287758373
0.0009914595
-0.0011973882
-0.0002462204
-0.0014114851
-0.0040324377
0.0094632674
0.0092377746
-0.0002698900
-0.0043348833
0.0029730457
-0.0015203526
0.0058812024
0.0081574237
0.0054311589
-0.0071323006
-0.0276178028
-0.0195581913
-0.0093547637
0.0120488275
0.0083640320
-0.0089165894
-0.0026239161
-0.0147625757
-0.0087760463
-0.0117674191
-0.0044809552
-0.0038258925
-0.0052905688
-0.0101434030
-0.0030627912
-0.0046221996
-0.0034545099
0.0037504307
-0.0107647339
-0.0160477366
-0.0033529152
0.0086854203
0.0002172796
0.0071653686
-0.0026754665
0.0017132155
0.0114618205
-0.0189765021
-0.0114066154
-0.0029819626
0.0064391587
0.0050917631
0.0026357260
-0.0058504241
0.0098316912
0.0204992238
-0.0338743366
-0.0093510831
-0.0044837855
-0.0008693439
0.0044098245
0.0046362667
-0.0006593739
-0.0171652194
0.0163852293
-0.0168969221
-0.0194005203
0.0036066731
0.0071808952
0.0027508109
-0.0043679979
-0.0003565563
-0.0138405534
0.0183070842
0.0268653464
-0.0274801459
0.0092134066
0.0144572789
-0.0008302419
-0.0014414574
0.0052686543
0.0071114129
-0.0114094047
0.0236809514
-0.0447926745
-0.0022826493
0.0106133195
0.0024078786
-0.0067589334
0.0027803453
0.0199068952
-0.0203572121
-0.0077330107
-0.0274748188
-0.0087758526
0.0121822255
0.0072057601
-0.0057916986
-0.0034695982
0.0076993438
-0.0070629749
-0.0081436671
0.0001249344
-0.0038177283
0.0048495573
0.0020068572
-0.0076452722
-0.0057425429
-0.0014731538
-0.0061169835
-0.0153058041
-0.0010130145
0.0034757154
0.0021859235
0.0060812715
0.0035104414
0.0006211907
0.0019564161
-0.0020237505
-0.0018786390
0.0005878508
0.0028608078
0.0039468692
0.0022221357
-0.0001203734
-0.0007561720
0.0009825793
0.0007449863
-0.0018154536
0.0007507302
0.0014980205
-0.0009562132
-0.0002202901
0.0037053889
-0.0003560781
0.0004617979
0.0038896240
0.0053154351
0.0035713676
0.0071099326
-0.0019382475
-0.0000723034
-0.0011337700
-0.0012334920
-0.0008081319
-0.0069155027
-0.0038587204
-0.0002964968
-0.0025840241
0.0015234986
0.0018977360
-0.0086458018
0.0016896938
-0.0010899794
-0.0127719482
0.0116975773
-0.0005244195
-0.0210840665
0.0013764590
-0.0026611541
-0.0061749155
0.0019995272
0.0124162128
-0.0018823316
-0.0006499034
0.0045085098
-0.0011725680
0.0015349323
-0.0020859519
0.0049637379
-0.0017892510
-0.0062604798
0.0036969690
-0.0375835188
-0.0270380694
0.0078868214
-0.0140200667
-0.0039790259
0.0063509969
0.0059834672
-0.0046536070
0.0194739848
0.0125006428
0.0167219695
0.0154693322
-0.0027787287
0.0025209859
-0.0024430868
0.0022117139
-0.0004050164
-0.0012405264
-0.0049616923
0.0012054212
0.0012342067
0.0024673583
0.0045057139
-0.0031625072
-0.0036761002
-0.0013959955
-0.0009206187
-0.0112248147
0.0043486520
-0.0004974449
-0.0033558137
-0.0030014499
-0.0012882644
-0.0005837136
-0.0003817001
0.0027868713
-0.0118740015
0.0017408641
0.0031738838
-0.0026092653
-0.0026519098
0.0035212629
0.0012709385
0.0028662810
0.0046587843
-0.0078182165
-0.0010723608
0.0037653637
-0.0040364587
0.0003658544
-0.0007909162
-0.0016511147
0.0003272980
0.0000301172
-0.0114821205
0.0183025077
0.0115426388
-0.0043833503
0.0018033081
0.0055053141
-0.0038136402
-0.0078259427
-0.0057874201
-0.0304319113
0.0349487290
0.0187727809
-0.0149192689
0.0064216433
0.0037609166
-0.0051734159
-0.0045541027
0.0364126340
-0.0139030963
-0.0093445582
0.0051358887
-0.0150793735
-0.0002527501
0.0033590945
-0.0077798846
-0.0139565403
0.0287228730
-0.0024771579
-0.0103605846
0.0061797043
-0.0076660411
-0.0013322177
-0.0015543661
-0.0016045795
-0.0104815876
-0.0001723186
-0.0098651061
0.0078877788
0.0136379255
-0.0022258728
-0.0000850819
-0.0010920407
0.0011677990
-0.0006355887
0.0048649828
-0.0089816833
0.0020621798
0.0034962310
-0.0007585671
-0.0004315079
0.0005759016
-0.0010241591
0.0035611326
0.0012940059
0.0056317504
0.0030582093
0.0048499992
-0.0019475543
-0.0009768903
0.0032280311
-0.0018842582
0.0030048555
0.0008943476
-0.0085796854
-0.0050106649
0.0056366078
0.0011198827
0.0034256403
0.0038527937
-0.0008683334
0.0043505863
-0.0003179285
-0.0215091091
-0.0121109784
-0.0050056521
-0.0123583861
0.0066779810
0.0006404891
0.0039662318
0.0180355553
-0.0148070473
-0.0159725863
0.0543610826
0.0043071928
-0.0025609976
0.0161776897
0.0028345203
0.0006480230
0.0058616661
-0.0193156935
0.0027918406
0.0938502476
0.0101664057
-0.0164833888
0.0131466705
0.0025603960
0.0021155602
0.0144437579
-0.0012428631
-0.0325293541
-0.0174540225
-0.0134015186
-0.0118997935
0.0099352114
0.0122860866
0.0069001308
0.0132144084
0.0125627639
0.0305354651
0.0259837937
0.0129098380
0.0070108320
0.0115862619
0.0029894619
-0.0004501681
0.0067246407
-0.0025652689
-0.0018040249
-0.0049444144
0.0023711780
0.0058919289
0.0045919144
0.0011812656
-0.0026875229
0.0025546667
-0.0057763914
-0.0050854627
-0.0077625713
-0.0039678882
-0.0020431234
0.0026280130
-0.0004268550
-0.0029744611
0.0017590885
-0.0077975774
-0.0056477766
-0.0031323163
0.0007897496
0.0024016839
0.0050562946
0.0021212983
-0.0001847666
0.0030650911
0.0002989011
0.0062455055
0.0038475350
-0.0034634524
-0.0002220849
0.0051686652
0.0076412344
-0.0002659092
0.0106360335
0.0152690345
0.0109663727
-0.0020127746
-0.0111652436
-0.0075995899
0.0055488260
-0.0016536711
-0.0034710758
0.0033610389
-0.0248552784
-0.0165467020
0.0067432364
0.0012481416
-0.0082973493
-0.0009064630
-0.0037899367
-0.0014241111
0.0004086176
-0.0009569781
0.0392691158
0.0319965258
0.0167200305
-0.0042160763
0.0022014377
0.0006820085
0.0006400198
0.0009031814
0.0075100041
-0.0027051908
-0.0283172652
-0.0104211951
-0.0069414144
0.0031545206
0.0050689308
-0.0006491078
-0.0010198917
-0.0035928092
-0.0039424771
-0.0116186170
-0.0010347555
-0.0023719645
0.0035207558
0.0018472461
-0.0004369431
0.0011567350
0.0036553177
0.0152074350
0.0280651916
0.0152838454
0.0008397098
0.0043281717
-0.0012117211
-0.0015332008
0.0004358823
-0.0000935956
0.0001245422
0.0033337744
0.0003227233
-0.0013965804
0.0014919138
0.0046650814
0.0012400532
-0.0042675389
0.0023838072
0.0011464495
-0.0056515359
-0.0041005551
-0.0033960748
0.0017846728
0.0005070372
-0.0002228022
-0.0034752509
-0.0015236827
0.0006464770
-0.0010319968
0.0023575248
0.0044960934
0.0032596283
-0.0008388828
-0.0034486456
-0.0046224780
-0.0033214600
-0.0043073059
-0.0012355575
0.0017592738
-0.0007913858
-0.0049236263
0.0075864573
-0.0020410221
-0.0009939118
0.0041187671
0.0085379370
-0.0109820422
0.0018503357
0.0007229125
0.0031170407
0.0061697513
-0.0060769939
-0.0038523111
-0.0045014685
0.0200384948
-0.0059212041
0.0064240620
0.0056909891
0.0044078981
0.0056477734
-0.0024833020
-0.0089110658
0.0054260860
0.0285266340
-0.0131263537
0.0021124147
0.0024475574
0.0017443310
0.0027470507
-0.0012630305
-0.0069642439
-0.0017224333
0.0084073832
-0.0095725106
0.0063941306
0.0058771870
0.0041056685
0.0000994316
-0.0013123661
-0.0030403999
0.0003715349
0.0178036746
-0.0072937375
0.0003707515
0.0014159922
0.0017422558
-0.0039196359
0.0002715360
-0.0026003772
-0.0037495175
0.0066565005
-0.0051257499
-0.0015300539
0.0001883701
0.0000566313
-0.0025293604
-0.0004349305
0.0033489570
0.0031383438
0.0034374620
0.0011369231
-0.0031620255
0.0018484900
-0.0008231689
-0.0003220268
-0.0004239399
0.0003953021
-0.0022387155
-0.0021569636
0.0011168743
0.0009442007
0.0004637769
0.0005568734
-0.0020681368
-0.0003126449
-0.0033886191
-0.0056652604
-0.0132468250
-0.0009212531
-0.0029168483
-0.0026447873
0.0025854527
-0.0020742114
0.0012879503
0.0002375488
0.0051391516
0.0028067441
-0.0093027111
-0.0074987584
0.0070700445
0.0034491569
0.0058895862
0.0048176912
0.0045203306
0.0294370819
0.0451901220
0.0228645653
0.0054846886
0.0054432745
0.0033659011
-0.0048832796
-0.0049877982
-0.0022303578
-0.0304718297
-0.0394655727
-0.0356307402
-0.0063933004
-0.0059203617
-0.0034089622
-0.0008460174
0.0040170564
0.0140317027
0.0035738214
0.0081009818
-0.0034279327
0.0111927008
0.0080684209
0.0052896431
-0.0008151984
-0.0017599850
-0.0019188571
0.0016976536
-0.0007177889
0.0042731650
0.0043846727
0.0006675603
0.0030797182
-0.0011828429
-0.0019472346
-0.0027164256
-0.0036880127
-0.0008041541
0.0078948420
0.0027052399
-0.0002072124
-0.0021730172
-0.0027004667
0.0030286137
0.0078821070
-0.0064186486
0.0024767937
0.0056091612
0.0042320373
-0.0039489386
-0.0065155700
0.0021695676
0.0014142215
0.0054239049
-0.0064122849
0.0014007479
0.0046777530
0.0121425148
-0.0009176978
-0.0070009618
0.0048173596
-0.0008269840
0.0020405198
-0.0035989541
-0.0000247427
0.0014372135
0.0302858707
-0.0008990247
-0.0070223911
0.0039486857
-0.0015773673
-0.0012949260
0.0082581788
-0.0059375050
-0.0022455708
0.0251783803
-0.0278783031
-0.0096106669
-0.0013812981
-0.0043459996
-0.0001906976
0.0061710239
-0.0394565128
0.0097054690
0.0256535728
-0.0247292500
-0.0053397832
0.0004884691
-0.0027677058
0.0140332142
0.0082930885
-0.0365594923
0.0447065197
0.0079737548
-0.0091358311
0.0017034434
-0.0063646869
-0.0038115410
0.0208375435
-0.0060294857
-0.0124741802
0.0318568274
-0.0044829617
-0.0043353662
-0.0002308890
-0.0092178676
0.0030758353
0.0151014151
-0.0204532798
-0.0066397944
0.0101895900
0.0023417468
-0.0080458233
-0.0046948972
-0.0071993382
0.0042113150
0.0110821435
-0.0118662314
-0.0031745895
0.0056640352
0.0074231308
-0.0064948252
-0.0000984119
-0.0000647673
0.0008743937
0.0045054858
-0.0029488343
-0.0094930343
-0.0019185235
0.0146589251
0.0069519924
-0.0006557102
0.0030138553
0.0037163647
0.0043399222
-0.0026892568
-0.0023120979
0.0070836088
0.0088630551
0.0059237727
0.0027924923
0.0050432528
0.0022260752
-0.0012940068
0.0050101872
0.0155236926
0.0085158693
0.0026644259
-0.0024037757
0.0001104290
0.0031714153
0.0017494934
0.0030776130
0.0056785396
-0.0023807990
-0.0133235501
0.0101848673
0.0065322160
0.0007937264
-0.0027416556
0.0007683271
0.0168038942
0.0079611056
-0.0505570173
-0.0205768682
0.0204409696
-0.0106557300
-0.0027233933
-0.0083545288
0.0059775095
0.0222133361
-0.0123461466
-0.0308589134
0.0663498789
0.0187516678
-0.0198032390
0.0018764250
-0.0047531612
0.0123096174
0.0236085653
-0.0159581695
-0.0177620091
0.0276710000
0.0103672370
-0.0047693313
0.0037251168
-0.0086948639
0.0019845697
0.0089647239
-0.0065431697
-0.0241718497
-0.0024210976
0.0077105584
-0.0032419504
0.0035309985
-0.0002094026
0.0000532879
0.0061101494
-0.0002557874
-0.0123927938
0.0080393255
0.0063049649
-0.0070182388
-0.0033316948
0.0026295893
0.0003603032
-0.0011508934
0.0004334055
0.0018643618
0.0021317294
0.0010329562
-0.0001762420
-0.0021995206
-0.0020703604
-0.0028100363
-0.0048591834
-0.0014834269
-0.0026940098
-0.0063405177
-0.0036962382
-0.0005934929
-0.0047437069
0.0042171725
0.0079172757
0.0030501413
0.0015515066
0.0058062417
0.0045220493
0.0079709515
0.0146901626
0.0066402308
0.0042150635
0.0009641324
0.0012544264
0.0028579768
0.0019219641
-0.0072369110
-0.0018248339
0.0064773089
0.0023214102
-0.0072321468
-0.0136276027
-0.0066000419
0.0057226308
0.0169062037
-0.0133526837
-0.0148486011
-0.0073215971
-0.0087234173
0.0064894943
0.0127850361
0.0092056133
0.0044856453
0.0170043726
0.0172863435
0.0135702481
0.0238838140
0.0074908729
-0.0042050164
-0.0022078936
-0.0086940126
-0.0044690245
-0.0096164485
-0.0246759783
-0.0156756807
0.0002391403
-0.0033081074
-0.0032872455
-0.0011356458
0.0038277048
0.0047269156
0.0044175838
0.0115422346
0.0036936144
-0.0055383816
-0.0043830033
-0.0053633614
0.0007133609
0.0045177094
-0.0056981235
-0.0114541231
-0.0050565130
-0.0010900440
-0.0005109776
0.0002367004
-0.0033914049
0.0012544468
0.0020154391
-0.0022492739
-0.0048782607
0.0034146947
-0.0027718735
-0.0008987049
-0.0010178544
-0.0059722518
0.0022910843
0.0031311675
-0.0039253542
-0.0042194971
0.0013017950
0.0002653608
0.0020419734
-0.0035712414
-0.0110021634
0.0036123644
0.0141818207
-0.0019871725
0.0057824575
0.0076271165
0.0087941559
0.0077750874
-0.0019453873
-0.0073726019
0.0027304443
0.0152543522
-0.0051171100
-0.0030167175
0.0166798085
0.0039395280
-0.0030214549
-0.0033614570
-0.0023152491
-0.0007247134
0.0061254930
0.0076970840
-0.0120152002
0.0346214138
-0.0089231497
-0.0207481124
-0.0031559875
-0.0047705816
-0.0020968397
-0.0030065870
0.0014102458
-0.0413274877
0.0373049080
0.0029234444
-0.0136545496
-0.0004981947
-0.0027584145
0.0004382912
0.0062828297
0.0044957553
-0.0214939639
0.0231395122
0.0109616872
-0.0071399291
0.0004680406
0.0024061487
0.0000410322
0.0034014850
0.0015498744
-0.0011838520
0.0009999119
-0.0015962130
-0.0015102935
-0.0059696878
0.0037231233
0.0017509847
0.0002010521
0.0012810589
0.0005907626
0.0019838943
0.0009563854
0.0009675906
-0.0050179837
0.0031969475
-0.0039565759
-0.0062665772
-0.0001529807
-0.0059566149
-0.0012578028
0.0029063085
0.0008343292
-0.0000381235
0.0022547916
-0.0056867367
-0.0052390685
0.0058797956
-0.0008742544
-0.0040166774
0.0022238565
-0.0011720360
-0.0005211734
0.0009506327
-0.0055463994
-0.0038244040
0.0159958173
-0.0051016868
-0.0116892345
-0.0008754873
0.0023509420
0.0026201936
0.0006408324
-0.0069169621
-0.0125249848
0.0063788695
0.0429957360
0.0195188001
-0.0002857495
0.0079422491
0.0017987785
0.0049228473
-0.0053837546
-0.0308894962
0.0612935349
0.3117333055
0.1857014447
0.0049539078
0.0093684094
-0.0065514441
0.0049547604
-0.0023575218
-0.0159880742
0.0613316447
0.2440787405
0.1608660072
0.0230606012
0.0001293189
0.0012269965
-0.0007377894
-0.0000945946
-0.0038473597
-0.0159265287
0.0074389772
0.0186549351
0.0044824439
-0.0025996482
0.0056717140
-0.0042591048
-0.0032737553
0.0000340797
-0.0074947327
-0.0107113775
-0.0006034616
0.0026335507
-0.0047770366
-0.0028766305
-0.0022847957
-0.0004165347
0.0016734992
0.0005956047
-0.0060948771
0.0009538030
0.0064813923
-0.0005455640
-0.0022961861
-0.0043177893
-0.0010525892
-0.0040986016
-0.0067824270
-0.0078280801
-0.0082445471
-0.0081995474
-0.0023075112
-0.0036081241
-0.0011480167
0.0003666999
0.0013932954
-0.0020026839
0.0032714240
-0.0045166947
-0.0045330375
-0.0011721060
-0.0010373032
-0.0044550691
-0.0026528507
-0.0025482762
0.0002185648
0.0028922590
-0.0007743218
-0.0083577400
-0.0052748299
-0.0054417467
0.0000813259
-0.0008920839
-0.0021737856
-0.0107186362
-0.0129329143
0.0024554876
0.0061297556
-0.0033759638
-0.0013091323
-0.0004785441
0.0042885374
-0.0000955510
0.0086591011
-0.0152533324
-0.0261380430
0.0128608830
0.0031241716
0.0065248674
-0.0051160748
-0.0054197656
-0.0083165932
0.0131758209
0.0415401906
-0.0079540061
-0.0026526740
-0.0010424163
-0.0009487959
-0.0016343050
-0.0033542796
-0.0010885153
-0.0025833845
0.0098658111
-0.0038715149
-0.0035212401
0.0042279437
0.0033736834
-0.0052930526
-0.0015070757
0.0006696566
-0.0065057091
-0.0051618181
-0.0159857851
-0.0040339739
0.0004297412
-0.0030078075
-0.0039700014
-0.0027009780
0.0016925883
-0.0025468820
0.0021894709
-0.0076183490
-0.0045179939
0.0008264810
-0.0013057514
-0.0000774866
0.0001030491
0.0008402144
-0.0003959249
-0.0033475959
0.0014838015
0.0008296092
-0.0012762173
-0.0017216606
-0.0018024065
-0.0012546758
-0.0010517403
-0.0011441184
-0.0029485426
-0.0035503302
-0.0025328235
0.0014885284
-0.0003636459
0.0057146754
0.0039526327
-0.0013229876
-0.0002369753
-0.0089716446
-0.0063615688
-0.0031358518
0.0056784805
0.0005298282
0.0035514669
-0.0008458447
-0.0028411902
0.0042738519
0.0066055176
0.0067711892
0.0035634611
0.0004026337
-0.0008390066
-0.0007400263
-0.0088072699
-0.0041437908
0.0108510433
0.0219432805
0.0106147751
0.0067672823
0.0004432860
0.0000034279
0.0098375110
0.0043579955
-0.0008143642
0.0043682554
-0.0196856670
-0.0233570058
-0.0014875742
0.0115793301
0.0059396885
-0.0045962390
-0.0017662054
-0.0010053883
-0.0089639202
-0.0066498821
-0.0016727411
-0.0113161001
-0.0016419213
-0.0010997972
-0.0027001642
-0.0021579699
0.0049342751
-0.0018836918
0.0092492709
0.0173417758
0.0083975494
-0.0016132511
-0.0024280041
-0.0011336416
-0.0037210339
-0.0004386560
0.0000266425
-0.0035967790
-0.0078902440
-0.0032619063
-0.0035834205
-0.0028110468
-0.0014938781
0.0022065586
0.0036610211
0.0013503135
0.0032826562
-0.0002798422
-0.0105701601
-0.0041088462
-0.0023082693
-0.0040061264
0.0032705080
0.0062006488
-0.0050862660
-0.0040032826
0.0013430114
-0.0074444711
0.0023478318
-0.0035407497
-0.0093070399
0.0069652824
0.0227396544
-0.0078854132
-0.0003557520
-0.0047196276
-0.0077253282
0.0115276640
-0.0010441660
-0.0056554959
0.0069648232
0.0236869454
0.0007436972
0.0453487970
0.0301212892
-0.0204573572
0.0012786114
-0.0016941093
-0.0038121908
0.0010355582
0.0261825677
0.0232106559
0.0869407728
0.1479863524
0.0340584889
-0.0007889974
-0.0009935142
-0.0048681605
-0.0038577705
0.0010759704
0.0164098367
0.0896614343
0.1356834471
0.0159231145
-0.0054315948
-0.0104542226
-0.0034255083
-0.0040134918
-0.0001916861
-0.0037007486
0.0002761956
0.0102235842
-0.0138863865
-0.0029484159
-0.0078688553
0.0057901363
0.0044402867
0.0049629305
0.0100292526
0.0135874739
-0.0002804792
-0.0081912689
0.0095378803
0.0032420396
0.0027090881
0.0006119993
0.0033370301
0.0068579777
0.0072413892
-0.0056574582
-0.0076997979
0.0027382851
0.0000781606
-0.0031660770
-0.0012123751
0.0001464242
-0.0017623174
-0.0039934586
0.0020377245
0.0012224854
0.0001043969
-0.0013198016
-0.0039818799
0.0026730362
0.0023263905
-0.0009562940
-0.0016907663
-0.0025890796
0.0012273951
-0.0053800102
-0.0035927068
-0.0029504432
-0.0017237985
0.0051597585
0.0008478478
0.0034662783
0.0148633569
0.0062893922
-0.0011659424
0.0015683608
-0.0014925294
-0.0022406064
-0.0009649787
-0.0005691251
-0.0225306731
-0.0214469712
0.0011300992
-0.0035275025
-0.0016179411
-0.0037046694
-0.0005798399
0.0127497762
-0.0112918802
-0.0515478551
0.0195068792
-0.0161228403
-0.0065885046
0.0004666857
-0.0025409050
-0.0011554502
0.0020635813
-0.0031779371
-0.0391602628
0.0215348937
-0.0191515945
-0.0032003808
0.0019535313
-0.0060136826
-0.0030702462
-0.0056258151
0.0026658350
-0.0156176593
-0.0157693084
-0.0017958761
-0.0040322300
-0.0008592150
0.0008287974
-0.0001260337
-0.0007706013
0.0043899496
0.0049796244
0.0086224917
0.0066469884
0.0006651047
-0.0016615586
-0.0022011988
-0.0033457198
-0.0006228536
0.0053588687
0.0057054739
-0.0010969215
-0.0044098264
-0.0014966769
-0.0020539335
0.0038180540
0.0000989540
-0.0030678031
-0.0017086312
-0.0062190290
-0.0035656637
-0.0027168021
-0.0019781378
-0.0023452272
0.0022848481
-0.0026660552
-0.0053632678
-0.0002220701
-0.0009647409
0.0017430487
-0.0007168347
0.0025769642
0.0015744545
0.0016502378
-0.0032669152
-0.0056698434
-0.0091505945
-0.0106271198
-0.0118782837
-0.0119232228
0.0059081418
0.0027351344
0.0030893916
-0.0011326368
0.0043658912
-0.0030109277
-0.0113507947
0.0169742592
-0.0007907177
-0.0017688670
-0.0004193074
-0.0017434648
-0.0019759191
0.0106405206
0.0087452661
-0.0289191287
-0.0239391699
0.0024013349
-0.0008637173
0.0085124830
-0.0017222700
-0.0054293936
0.0025178746
-0.0050579384
-0.0556051657
0.0564338677
-0.0060469601
-0.0108198449
-0.0005917911
0.0017853079
0.0005019773
0.0027147392
0.0059790513
-0.0284685399
0.0067987340
0.0053263181
0.0014785297
0.0056766300
0.0020812324
-0.0010178807
0.0022805259
-0.0015693153
-0.0075488226
0.0057564047
0.0012554965
-0.0023425757
0.0006553994
0.0009476885
-0.0035661187
-0.0023749238
-0.0042134249
-0.0035461485
0.0030466507
0.0013514918
0.0038944476
0.0029539128
0.0071936450
-0.0001845766
-0.0040646163
0.0073079835
0.0083668157
-0.0027219206
0.0022256817
0.0024200212
0.0072672288
0.0032578579
-0.0014147079
-0.0030459671
0.0076779700
0.0007078515
-0.0057281773
0.0005125135
0.0021406603
0.0041452539
0.0022526190
-0.0002730717
-0.0069033899
0.0112423478
0.0053493492
-0.0081201680
-0.0019372752
-0.0033061241
-0.0016207946
0.0053167804
0.0026773214
-0.0085946005
0.0144761102
0.0256738048
-0.0121573452
0.0091025326
0.0068039787
0.0064773364
0.0083914520
0.0042252061
-0.0146023529
0.0198613964
0.0278318506
-0.0300080087
0.0097914524
0.0124752223
0.0143925743
0.0047622174
0.0017659978
-0.0116547756
0.0142418891
0.0443239734
-0.0277996380
0.0072296690
0.0164035205
0.0085923662
0.0027405203
-0.0016652046
-0.0151693029
-0.0010501490
0.0213710070
-0.0233849585
-0.0048566367
0.0062298281
-0.0011615907
0.0059628845
0.0020989666
-0.0025386659
0.0057792119
0.0164391268
-0.0116166128
-0.0044871117
0.0033357947
0.0073337723
0.0035239232
0.0014875609
-0.0007313706
0.0003749429
0.0023673649
-0.0140910884
-0.0053244233
-0.0018487497
0.0037034294
-0.0046986761
-0.0008690696
-0.0023111473
-0.0006039100
-0.0044493088
-0.0045658471
-0.0015520247
-0.0026850975
-0.0040315101
0.0017470655
0.0042088367
0.0032690165
0.0023137233
0.0070381723
0.0050664069
0.0066729691
0.0048284000
0.0026650620
0.0033712019
0.0053434214
0.0033862574
0.0108559988
0.0139265601
0.0086719692
0.0058068717
0.0037926373
0.0020812878
0.0013814004
0.0005326314
0.0020067177
-0.0016437769
-0.0105853444
-0.0132959019
-0.0069690207
-0.0023735340
-0.0019807606
-0.0052928249
-0.0020873663
0.0101198694
-0.0189445466
-0.0303415526
-0.0029814718
-0.0104874577
-0.0216543861
-0.0061382344
-0.0002322729
0.0093822405
0.0201658327
-0.0048110639
0.0024439939
0.0494043976
0.0328497142
0.0047455039
0.0082679242
-0.0011765107
0.0058125933
0.0028793605
-0.0041048364
0.0062260185
-0.0018315430
-0.0000264146
0.0078099649
0.0013028561
-0.0020689820
0.0011279202
-0.0021837642
-0.0019345913
0.0016068537
-0.0225305445
-0.0199190360
-0.0000267254
0.0000140475
-0.0014411461
-0.0029232888
-0.0058378866
-0.0050908551
0.0048085176
-0.0006495801
-0.0011919866
-0.0010548388
-0.0041937581
