0.1219236851
0.4876793623
-0.0498523749
-0.3492800593
-0.2067932338
0.2759803534
-0.4708704054
-0.3503089845
-0.1282807589
-0.2937634587
0.3701232970
0.2476718873
0.3386788964
0.4353328049
-0.1377417445
-0.0430230014
0.0246136021
-0.3121620715
-0.3400307298
-0.1882571429
-0.1739275753
-0.0252527315
-0.3432285786
0.1742050499
-0.3508864343
-0.2101760507
-0.1369380206
0.0944128260
0.0389884636
-0.0085826311
0.1950033456
-0.2786170244
-0.1940969080
-0.0766562596
-0.1054697782
0.3856759071
0.2183308899
0.0019585828
0.0774524882
-0.1527943313
-0.2856484056
0.1974319220
-0.0493084677
0.4004715681
-0.3269670904
-0.0167277846
0.4653968215
-0.2199048847
0.1530068964
-0.0899680108
-0.0964799523
0.0096841473
-0.2896740735
-0.0064501679
-0.1240158156
0.3263465464
-0.5238327384
0.0137325218
0.3542671204
-0.0999172702
0.1968519539
0.2193593234
0.1347732693
0.0896828398
0.2140690386
-0.0203582887
-0.0994821414
-0.2207221389
0.1391035914
-0.5270527601
-0.1268230379
0.1595193297
-0.1857090890
-0.0447601192
-0.0588631630
-0.0343038887
0.0515720285
0.1877332032
-0.0128149763
-0.3617436886
0.4007310271
0.0054981201
-0.0555576682
-0.0716149285
-0.3533291221
-0.2465484887
-0.3361948133
0.0219995659
0.1804914176
-0.1878949106
-0.0600725263
-0.3817589283
-0.2054816186
-0.4099580050
0.3800221086
-0.1694202274
0.0278384406
0.4748506844
0.2220833004
-0.5007455945
0.3322406411
0.0255038533
0.2278885990
0.0159523990
-0.0877722874
0.0729937553
-0.0799037442
0.0618680753
0.2877672017
-0.4226438701
-0.4836198390
-0.4452677965
0.4415025413
0.1613063067
0.2146427184
0.1401798129
-0.0360716246
0.1481861174
-0.2949537039
0.1994396597
0.0210890658
0.0466815680
-0.1062241942
0.1630540192
0.1318730861
-0.6254809499
-0.2872877121
0.2824291289
0.1510218382
-0.0610481165
-0.0555510856
0.3113895059
-0.3166640103
0.0988948122
-0.0539842620
-0.0944067761
-0.2092794180
0.2767910659
-0.1417398453
-0.2535471618
0.2199655771
0.2550544739
0.0025891429
-0.0758672282
0.0178225879
-0.1378446072
-0.0701469928
0.0179664530
0.0950848907
-0.1854483187
0.0771008059
0.2003827542
0.1062305793
-0.1011415496
-0.0362110026
0.0347242318
-0.0759442076
-0.1242453605
0.2345771492
-0.3507136405
0.0783514231
0.5738218427
0.5514635444
-0.0970916376
0.1139788032
-0.2998735905
0.1289396733
-0.1470858604
-0.2431768477
0.0604095273
-0.1087985635
-0.0611875616
0.1329798698
0.3613266349
-0.0570762567
0.1385809332
-0.3334141374
0.1839209795
-0.3055288792
-0.2521615922
-0.1528874785
-0.3482394516
-0.2577588856
0.0247868653
-0.1869242042
-0.1254772395
0.0567926764
-0.0845573395
0.0150800981
-0.1062849909
0.1333662421
-0.2672173679
-0.1574629843
-0.1615933478
-0.1541613936
0.0868020356
0.1956022680
-0.0004074876
0.0807429031
-0.4821063578
0.2911489308
-0.1466972530
-0.1862354726
-0.2160567045
0.0344415344
0.0290625896
0.1358681917
0.2146185786
0.5191453099
0.2739616930
-0.0361536369
-0.2746489346
-0.1304646283
-0.0134347267
0.1882997453
-0.1061918661
-0.2263729870
-0.2583986521
-0.3293145001
-0.1526953876
-0.1676561683
0.0888531804
-0.0195987541
-0.1917601228
0.2555643320
0.0931209028
0.0350349918
-0.2293306440
0.2151317596
0.1745638251
0.1860916167
0.0177294388
0.0224022418
-0.2369766682
-0.0790499821
0.5366925597
-0.4661849141
0.0641411319
0.1799229085
0.3082142472
-0.0618718229
0.2434623092
0.0352312587
-0.0814673379
-0.0587684214
0.3797619045
0.0568925031
-0.4964418411
-0.1437331736
0.1061827019
-0.3314216435
0.6033703089
0.1755965799
0.0128366807
-0.4870491028
-0.1285714507
-0.2447652370
0.3011715114
-0.3975105882
-0.4814073741
-0.2468177676
-0.1804877371
-0.1726635695
0.5308089852
0.0808775574
0.1281483322
0.2000420839
0.2488428950
0.4948683977
0.1464364678
0.0103384983
-0.2125248015
-0.1842889935
-0.0662193745
0.1614450812
0.1775071323
-0.0136026219
0.0952156410
-0.4450399876
-0.4058640599
0.2374605536
0.0582623854
-0.1827068180
-0.2474835962
-0.6426403522
0.7420927286
0.3481986523
-0.1124994084
0.0835210085
-0.1582389027
0.0359422974
0.0188358836
-0.1455425024
0.2382543385
-0.0546857789
0.1303858310
0.3961763680
-0.1897657216
0.2212823927
-0.1629994661
0.2820627391
0.2983625829
0.0603649914
-0.2990459502
-0.1410920173
0.3666659892
-0.2954037189
0.1917807758
0.0730524585
-0.0031849258
0.1136180907
-0.0011024982
0.0161745287
0.3122458160
0.2718167007
0.0140941283
0.0956788287
-0.1974247396
-0.1650736928
0.2489276528
0.0025111414
-0.0060396586
0.2689602673
-0.2448312789
0.1513900608
0.0532349125
0.1356717795
-0.0200420897
-0.2753403783
-0.2041875273
0.0199077372
-0.2238886356
0.0513803549
0.1404232532
0.5130659938
0.0037435072
-0.2098080963
0.1176032573
0.2452639490
0.0196998864
-0.1087071151
-0.0760601759
-0.1686386019
-0.1564043462
0.3004297316
0.0642781332
0.3242771029
-0.1005417481
0.3254472613
-0.2033745795
-0.2191345096
0.0521818660
-0.0924083516
-0.2542644441
0.0423265882
0.2774102688
-0.4926027358
-0.0061118142
-0.0616551898
0.1156911254
-0.0591111183
-0.2706485689
-0.1458708793
0.0162296779
-0.3884161115
0.1324090213
0.2175823748
-0.1226754636
0.0679681748
0.1680432409
-0.2023827434
-0.1915014088
0.2077118158
0.4572017789
0.0757866800
-0.2641562223
0.1047150120
0.4430767596
0.0904291794
-0.6470063925
-0.4027244151
0.0652087107
-0.1517842561
-0.3505277336
0.0773324072
-0.2805322707
0.0520777889
-0.0543644018
-0.0162578728
-0.1587093771
0.4011637866
-0.1025965810
0.1572241187
0.0610842817
0.2068015635
0.0007340804
0.0250779670
-0.0792307034
-0.3915087879
-0.4851906300
-0.2353033572
-0.1168019548
-0.0306748860
0.0511184148
0.0179284308
-0.2795562446
-0.0158478674
0.0470424183
-0.0509236380
0.1039261892
-0.0872527733
-0.0458729304
0.3263797462
-0.3512849808
-0.0983393267
-0.0563193597
0.2994999886
0.1284990758
-0.2727931142
0.2598106265
-0.3663429916
-0.0759159476
-0.1354410350
-0.1559399366
-0.0416388214
0.4914258718
-0.2241805643
0.1149735898
0.0078637972
-0.1955135167
0.2632735670
0.1653580964
-0.4014075994
0.4653848708
0.2144399583
-0.0664517507
-0.0746427029
-0.1602638811
0.1272231340
-0.4821020663
-0.4596792161
-0.2262376696
0.0753760636
0.2429565638
0.1092306525
0.0852163211
-0.0146888336
0.2772385776
0.3840532303
0.2985912561
-0.2260553986
-0.3953717947
-0.1539851874
-0.0272677913
0.1391184479
-0.1446924210
-0.2610800862
0.0815037042
-0.0270563830
0.0257433150
0.0630355999
0.2292525768
-0.2067853510
0.1541358232
-0.1717292517
0.1195860505
0.0742766410
-0.3672866821
-0.0424496233
-0.0682302564
0.2153586000
0.2435532510
0.2114720196
0.3867453337
0.1274829060
-0.3533308506
0.0762576833
-0.1944300234
0.0525608584
-0.1677352786
-0.0023126132
0.0334555581
0.0199634433
-0.0377951339
0.1383118033
-0.4331284463
-0.1412522644
0.0524620675
0.2092542201
0.2050693333
-0.1913254112
0.2501146197
-0.3219752908
0.0543714762
0.1142776087
0.2027924359
0.0079764538
-0.3984055817
0.2045205981
-0.2727019489
-0.3422559500
-0.0001713903
-0.0102717541
0.0001057124
0.1012444496
0.1832921505
-0.0302662607
-0.0174506512
0.1147883683
0.0155696915
0.1041948274
0.1667476296
-0.6546983719
-0.2414651364
0.0084780073
0.0469703637
-0.4409230053
0.2462759912
0.1263991445
0.0410942584
-0.0126189003
0.2099000961
-0.1934302151
-0.0884353742
0.0769927949
0.0731786564
0.0230692383
-0.0962638035
0.0303276926
0.1972708404
-0.2210218310
-0.8677226901
0.3184015453
-0.0510209687
0.1272556037
0.1167286038
-0.0394007266
-0.3558973968
0.1092597470
-0.0329370126
0.1291965395
0.2520274222
-0.0367423408
-0.4100119770
0.2798237205
-0.0650118738
-0.0775805563
0.0851876959
-0.0790231824
-0.2248437703
0.2191715091
-0.4853625596
0.4204957485
-0.1075498462
-0.1655697376
-0.2193590850
0.0999116302
-0.1665032357
-0.0051573366
-0.2606789470
0.1521451920
-0.2461017221
0.3113883734
-0.0365825929
0.2495699972
0.0716436803
0.1722438037
0.3153611720
-0.3009509742
0.2036418170
-0.0135397445
-0.1953969598
-0.0956743956
0.1679905057
-0.1976174414
-0.3578234315
0.1050151289
-0.3080853224
0.2446641177
-0.0984392762
0.0065708938
0.0644851178
-0.1652361453
-0.1781438291
0.1084291190
0.0557765663
-0.0852578953
0.0203360021
-0.2118822485
-0.2741186321
-0.2271015644
-0.3808068037
0.0293106753
0.3372747898
0.1833371818
-0.0589474030
-0.2625024915
0.2305284142
0.4526691735
-0.2931202054
0.2169232219
-0.0727306828
-0.0852512866
-0.1642592102
0.1772256494
-0.3568256199
0.3341712356
-0.3016882539
-0.1600787193
0.1555604786
-0.0180282071
0.1374699175
-0.1071834266
-0.0421803482
0.2234185785
-0.1546306163
0.1297277212
-0.1321612597
-0.2947585583
0.0810226724
-0.1965131462
-0.0535182878
-0.0054412335
0.0831870660
-0.0736809149
0.1559807360
0.0499120057
-0.0522786938
0.1908766478
-0.1977229416
-0.1806920916
-0.0510964580
0.4855433106
-0.0841692016
-0.0056081610
0.1073404476
-0.3210593164
0.2638770342
0.1826295853
-0.0408161879
0.0757874325
-0.0247623958
-0.1680119783
-0.1526864320
0.2855519652
-0.1855989993
0.1901716739
0.0371150300
0.3055448234
-0.0879948661
-0.0257138852
0.2138274014
-0.3108887672
0.3273817301
0.0398219749
-0.1145744845
-0.4484815300
0.0577271022
-0.0303577017
-0.3529574275
0.4856025577
0.2063754499
-0.0049235565
-0.1364031434
-0.1666058898
-0.3340732753
-0.1057557464
-0.3037785888
0.0489653498
0.0394340008
0.2510691285
0.1477721184
