-0.0018682145
-0.0017865173
0.0001531994
-0.0013078699
-0.0042193965
-0.0068681343
-0.0062630377
-0.0077350340
0.0003628590
0.0007859955
-0.0002616060
-0.0013875368
0.0005206418
-0.0017281938
-0.0008944700
0.0077229496
0.0023945591
0.0046539819
0.0031985543
0.0048381109
-0.0002747659
-0.0003229329
0.0133280586
0.0186395384
0.0225560702
0.0031921545
0.0061622937
0.0001999236
0.0012278159
0.0017960948
0.0096935434
0.0125418417
-0.0026262912
-0.0074512758
-0.0092440061
0.0052874377
-0.0046049780
-0.0057173441
-0.0056277262
-0.0243417267
-0.0654679090
-0.0532036349
-0.0037316424
-0.0096023716
-0.0039874995
0.0054467712
0.0062156534
0.0029428243
0.0172305834
0.0608734973
0.0635402799
0.0282558147
0.0033444129
0.0057646804
0.0012070012
0.0012041252
0.0045219213
0.0191310029
0.0210452005
-0.0087274285
-0.0136520742
-0.0025442331
0.0037112911
-0.0024100200
0.0001214163
-0.0067312415
-0.0237082057
-0.0244141798
-0.0165541973
-0.0039910846
0.0032619843
0.0006675995
0.0032612178
-0.0018137494
-0.0049402448
-0.0002865236
0.0032547866
-0.0021165211
0.0001158085
0.0020885589
-0.0002803878
-0.0013184824
0.0007401533
0.0019278021
0.0033850421
0.0075037298
0.0081217177
-0.0007444483
-0.0020859940
0.0008293960
-0.0020191360
-0.0008285443
-0.0006654930
-0.0038603048
-0.0059125992
-0.0022394524
-0.0017021977
-0.0012693363
-0.0029391018
-0.0022416909
0.0064259162
0.0057671065
-0.0081195375
-0.0176750701
-0.0140769770
-0.0008350475
0.0022980641
-0.0019714553
-0.0091611417
0.0034138237
0.0110988813
-0.0014061731
0.0158085376
0.0090463106
-0.0030019844
-0.0014945605
-0.0033645751
-0.0085196113
0.0035442102
0.0167532284
-0.0033717253
0.0167272519
0.0653567836
0.0100107873
-0.0107710231
-0.0000431246
-0.0044797114
-0.0005215896
0.0032777353
-0.0101006869
-0.0598590523
-0.0310028158
0.0003180333
-0.0071694013
-0.0027997587
0.0046044281
0.0013496868
-0.0070776036
0.0117705567
0.0112157427
-0.0205042027
-0.0070805838
-0.0010698932
-0.0028826527
0.0041891942
-0.0026435747
-0.0138860354
-0.0000575960
0.0142686535
0.0139472205
0.0070058829
0.0018014049
-0.0041093365
0.0023751599
0.0017250503
-0.0032193791
-0.0012938366
-0.0064399657
0.0011855324
0.0020486587
0.0012760502
-0.0009536070
0.0017379440
-0.0023523092
-0.0008943693
-0.0037314713
0.0007388135
-0.0015347927
-0.0007114241
-0.0077885669
-0.0038388357
0.0025562188
-0.0023138667
-0.0026321032
-0.0036634458
-0.0004048777
-0.0027404849
-0.0002632808
0.0025951676
0.0020308280
0.0058265603
0.0002130455
-0.0083333589
-0.0124366777
-0.0120986858
-0.0008761325
0.0094070714
0.0092766751
0.0051768469
0.0041643344
-0.0015966624
-0.0030438986
0.0031160722
0.0221289173
0.0125017716
-0.0101572052
0.0029093015
0.0013999752
0.0067533441
-0.0017455295
-0.0113622649
0.0208534263
0.0661215633
-0.0039822678
-0.0238417853
0.0001585687
-0.0042785513
0.0027903195
-0.0058484050
-0.0157746691
-0.0054447651
-0.0040550325
-0.0328329727
0.0057127029
0.0133673465
0.0029375397
-0.0002563789
-0.0014367411
0.0021284448
-0.0006157619
0.0014481313
-0.0004983278
0.0091192629
0.0093207508
0.0059484956
-0.0007278592
0.0044619357
0.0021572208
0.0062744520
0.0172722396
-0.0040845182
-0.0128558464
-0.0089620110
-0.0024154137
0.0026048729
0.0007834131
-0.0010160460
0.0020053172
0.0021496653
-0.0049043316
0.0036035115
0.0007545293
0.0021992468
0.0026858670
0.0000127959
-0.0003334376
0.0006098726
0.0063628601
0.0008012247
0.0016644516
-0.0012484696
-0.0032284393
0.0020508403
-0.0016111508
-0.0019632946
-0.0029461654
0.0020080507
-0.0005415432
0.0006270148
-0.0032323811
-0.0041813483
0.0012243045
-0.0032834497
-0.0038987191
-0.0086199781
-0.0233457983
-0.0194790475
-0.0085154977
-0.0030314766
0.0025929029
0.0034039780
0.0040735281
0.0104757538
0.0044316505
0.0281063616
0.0075522154
0.0010058311
0.0086034443
0.0030007486
0.0013770496
-0.0008410126
0.0058549205
-0.0277925730
0.0030539935
-0.0235863496
-0.0090910904
0.0042576957
0.0027612173
0.0044465712
0.0028387029
0.0077406052
-0.0009704200
-0.0104931649
-0.0022090112
0.0082869772
-0.0028386966
0.0017271633
0.0015643706
0.0022439633
0.0052358503
-0.0092727365
0.0069403946
0.0052163433
-0.0052800584
0.0001440437
0.0004870184
0.0001037389
-0.0007147624
0.0022539336
-0.0022004792
0.0122839687
0.0026982131
-0.0022124879
-0.0020241572
0.0023351870
0.0034344639
-0.0003815520
-0.0002517051
-0.0025349795
0.0070228199
-0.0015489487
0.0008902864
-0.0003981575
0.0014881139
-0.0035902439
-0.0021134624
-0.0004396969
0.0003976247
-0.0008905346
-0.0034623118
-0.0011806391
-0.0023385272
-0.0003030595
0.0012113258
0.0010427898
-0.0009143523
-0.0001588243
0.0012221150
0.0031048306
0.0022035453
0.0032560809
0.0028947706
0.0025975006
-0.0000453952
-0.0060241777
-0.0034719845
0.0020778936
0.0008933354
-0.0005316900
0.0017221355
0.0016839040
-0.0001440540
-0.0014546874
-0.0049353093
0.0060623279
-0.0137870815
-0.0070447330
0.0017280068
-0.0031875467
-0.0016689842
-0.0026583585
-0.0036364815
-0.0000798104
-0.0071106101
0.0092654051
0.0091742957
-0.0013417368
0.0001965485
-0.0050474391
-0.0017888013
0.0015351981
0.0071256571
-0.0038681903
-0.0176846907
-0.0092950733
-0.0030117400
0.0042383093
0.0042975368
-0.0021632211
0.0025350743
0.0049732579
0.0013435101
-0.0010681637
0.0004514681
-0.0057696998
0.0054052342
0.0047155353
-0.0037941062
0.0007199472
0.0014625333
-0.0054767872
-0.0008446582
0.0084702047
-0.0036007331
0.0008386442
0.0002524339
-0.0022680801
0.0001063551
-0.0004889609
0.0004623494
-0.0059629800
-0.0018620974
-0.0010445801
-0.0004126507
-0.0000170565
-0.0018449895
0.0005307732
0.0019896468
0.0058653899
0.0041238982
-0.0013110596
-0.0063355966
-0.0008237830
0.0007592500
-0.0005871216
0.0021090368
0.0028197172
0.0022493650
0.0054098140
0.0059733177
-0.0036742876
-0.0051578037
-0.0024320264
0.0022544884
-0.0003931294
0.0052673360
-0.0051669227
-0.0056861462
0.0088044023
0.0069818902
0.0010217730
-0.0022802067
-0.0030582652
-0.0051684389
-0.0083900057
0.0069822636
-0.0059900703
-0.0054767891
-0.0001319580
-0.0014868721
-0.0037752150
-0.0013463182
-0.0012181100
-0.0015002543
0.0089869350
0.0203735847
0.0089365477
0.0019313786
-0.0008814823
-0.0041773305
0.0011161165
0.0004951185
0.0077675912
-0.0312458519
-0.0504312441
0.0236366596
0.0161823109
-0.0064777425
-0.0037951793
0.0001502594
-0.0083625456
0.0078675793
0.0052443864
-0.0215865579
0.0092761284
0.0033930431
-0.0058714407
-0.0014996532
0.0028506399
-0.0024886311
-0.0069334754
-0.0063120499
0.0117091639
0.0087103825
-0.0005178625
-0.0079092272
-0.0057444940
-0.0009570476
-0.0025729542
-0.0063426788
-0.0098092472
0.0010691817
0.0001514851
-0.0007373377
-0.0018948169
-0.0029882865
-0.0028308530
0.0003227712
0.0008459214
-0.0021819877
0.0011946751
-0.0013349514
0.0014677972
-0.0015026684
0.0031471835
-0.0001739036
0.0016006378
0.0005705329
-0.0077565270
-0.0034899907
-0.0033282596
-0.0012699057
-0.0001984390
0.0012453392
-0.0011936482
0.0045818109
0.0029649273
-0.0047816001
-0.0007676496
-0.0114078335
0.0011808127
0.0003714270
-0.0018501314
-0.0006781617
0.0009842828
0.0011650604
-0.0104780328
-0.0163996071
-0.0046997783
0.0137642445
-0.0070972815
-0.0061651012
-0.0060830438
-0.0014308555
0.0022382827
-0.0177649707
0.0331608616
-0.0285514910
0.0216265582
-0.0008383577
-0.0041630701
0.0005421307
0.0032676924
0.0041131857
-0.0040021576
0.0614097975
-0.0114612374
0.0096395314
-0.0032188653
-0.0060909269
0.0007401034
0.0023320168
0.0053868820
-0.0094365114
-0.0121442275
-0.0093886647
-0.0007914691
-0.0035169013
-0.0064394702
-0.0002307209
0.0035273556
0.0078612501
-0.0016406532
0.0142048458
-0.0030830358
0.0034751457
0.0057689310
-0.0009294575
0.0005145042
0.0028482298
0.0057685762
-0.0048989481
-0.0002462053
-0.0045181327
-0.0031479443
-0.0024585607
0.0020774782
0.0011253974
-0.0017361112
-0.0021462382
-0.0036898719
-0.0002987073
-0.0023630492
-0.0013582655
-0.0062265061
-0.0020205535
0.0012739706
-0.0011701519
0.0041251122
0.0019149854
-0.0044020470
-0.0042399601
0.0063180630
-0.0005752743
0.0001021123
-0.0024532957
0.0002388339
-0.0007827159
-0.0028004521
-0.0131737133
-0.0041197496
0.0066936892
0.0037349442
0.0017069499
-0.0007438671
-0.0035724111
-0.0102876527
0.0089373514
0.0294789039
-0.0190873519
-0.0151284151
0.0065258704
0.0044943788
0.0028370537
-0.0042906064
-0.0062237396
0.0369249023
0.0294525959
-0.0311197042
-0.0118606007
-0.0026876959
0.0018353504
-0.0016617455
-0.0078477329
-0.0007749810
-0.0114909532
-0.0387121662
0.0154256560
0.0223104525
-0.0147500923
-0.0018366092
-0.0015213488
-0.0021129705
0.0014926960
-0.0133542661
-0.0220859796
0.0237106830
0.0047861086
-0.0102470648
0.0047375178
-0.0004305919
-0.0003386438
0.0081425998
0.0137054920
-0.0034688402
0.0027656413
-0.0038146877
0.0000513795
0.0060336674
-0.0029994596
-0.0032304651
0.0069825784
0.0038706718
-0.0065704463
-0.0034112663
-0.0004342605
0.0014533042
0.0001874573
-0.0007503033
-0.0020401576
-0.0016966508
-0.0031511316
-0.0115883201
-0.0026339304
-0.0009526197
0.0007919020
0.0027914962
0.0021549112
0.0022078552
0.0012500166
-0.0022239373
-0.0128866043
0.0048690699
0.0037696562
0.0001367461
0.0036497782
0.0057467553
-0.0026234684
-0.0060963007
-0.0048705693
-0.0109491609
-0.0038236275
0.0084283724
-0.0040055276
0.0014016797
0.0033242221
-0.0023738849
0.0004291607
0.0119145634
-0.0354213566
0.0143726328
0.0221557356
-0.0204231348
-0.0019073179
-0.0030662043
-0.0031329873
0.0159423687
-0.0052938238
-0.0687926933
0.0659245327
0.0176628400
-0.0186126735
-0.0018947478
0.0033299853
0.0037192907
0.0125751933
-0.0246928707
-0.0075823162
0.0133276721
-0.0117587885
-0.0005707727
0.0018119185
0.0009394966
0.0021875252
-0.0074469424
-0.0043726964
0.0268858206
-0.0183391590
-0.0030214253
0.0044631795
-0.0031404507
0.0012879072
-0.0041496637
-0.0082045719
0.0073387744
0.0016248778
-0.0043076458
0.0053854017
0.0052103619
-0.0020878694
0.0024153315
-0.0014998544
0.0008048987
0.0032283261
-0.0051404200
-0.0044174516
0.0000760415
0.0004375861
0.0016187835
-0.0001710799
-0.0015443040
-0.0057332548
-0.0061093126
0.0008724218
0.0045860116
0.0066521890
0.0030702308
-0.0010164300
0.0004499751
-0.0006421786
0.0017389267
0.0028633343
0.0027642003
0.0030163934
-0.0032066589
-0.0053251898
-0.0009646542
-0.0044808532
0.0012134855
0.0110833617
0.0031453602
-0.0110792518
-0.0120805139
-0.0076724379
-0.0022504474
0.0017607950
-0.0055326591
0.0017210381
0.0010524719
-0.0216375832
-0.0231335945
0.0089070825
0.0079037854
-0.0033239238
0.0009240283
0.0011542396
0.0001661182
-0.0086999135
0.0033650838
0.0610635951
0.0596409068
0.0132384254
0.0021037634
0.0047141043
0.0014403074
-0.0023763089
0.0037380597
0.0114840493
-0.0212423373
-0.0655790269
-0.0262657832
0.0091396393
0.0047539822
-0.0004558845
-0.0036293466
-0.0069925874
-0.0216644462
-0.0260214880
0.0108289830
0.0159421861
0.0015570244
0.0017895899
-0.0003230688
-0.0018747605
0.0016381037
0.0156304557
0.0286612175
0.0176254790
-0.0053452230
-0.0101584243
-0.0007828681
-0.0001134001
0.0012813015
0.0037875304
0.0077973455
0.0064523956
-0.0059373090
-0.0055828341
-0.0004221731
0.0039383112
0.0005517988
-0.0012222796
-0.0014280903
0.0017777779
-0.0010803716
-0.0041879695
0.0024064938
0.0018244766
0.0003101488
-0.0007322287
-0.0001821805
-0.0019731687
0.0008799306
0.0034032734
0.0021698738
0.0000781616
0.0024085713
0.0015608427
0.0019832230
0.0001951950
-0.0074960580
0.0015026851
0.0167423934
0.0145261465
0.0046591973
0.0036175549
0.0008632800
-0.0009406944
-0.0035383010
-0.0112764221
0.0012931229
0.0081945341
-0.0260955729
-0.0061282637
0.0069440841
-0.0019083865
0.0018892931
-0.0052889055
-0.0212936737
0.0011005780
0.0181266349
-0.0469804890
-0.0262550861
0.0118626067
-0.0059159212
-0.0006436045
0.0000919424
-0.0078565357
-0.0034595819
0.0230119210
-0.0013221290
-0.0028746624
0.0201542526
-0.0000455525
-0.0031401766
0.0024218366
0.0003540094
-0.0013673751
0.0094881747
-0.0035630907
-0.0068661175
0.0101676229
0.0007742924
-0.0035878439
0.0017702635
0.0026855916
-0.0019881043
-0.0032749693
-0.0105928928
-0.0092088915
-0.0025181340
-0.0027645777
-0.0009948863
0.0017076660
0.0008401768
-0.0017974965
0.0054583806
-0.0015350296
-0.0006960083
0.0040745703
0.0011108380
0.0027730151
-0.0000185924
-0.0002534968
0.0007549599
-0.0007107485
-0.0054072058
0.0006544294
-0.0016031549
0.0021101288
0.0023590596
0.0003763847
0.0013957680
0.0012055545
0.0037718129
0.0018519450
0.0014882389
0.0010478013
0.0029194506
0.0039858981
-0.0007967808
0.0001290984
0.0024112167
0.0075178002
-0.0018777004
-0.0026622263
-0.0023894734
-0.0006637571
0.0001559835
-0.0015278640
0.0022664908
0.0065985089
0.0031260410
-0.0057499679
0.0014601523
0.0013379098
-0.0006363620
0.0008724210
-0.0057976274
0.0007670856
-0.0351955965
-0.0545590781
-0.0151263792
-0.0002055708
-0.0009759536
-0.0060790922
0.0001154774
0.0040628565
-0.0066819056
0.0194561668
0.0499313474
-0.0222357977
0.0074964305
0.0043961387
0.0026574375
0.0001644431
0.0042756405
0.0040959166
-0.0056748516
-0.0124534266
-0.0160549320
0.0001637586
0.0060558002
0.0013489249
0.0005248497
0.0005379486
-0.0006465220
-0.0098583642
-0.0023214824
-0.0010351989
-0.0023322240
0.0037789806
-0.0001816380
-0.0008905312
-0.0000963411
0.0008915699
-0.0025850625
0.0021301401
-0.0007598821
-0.0004063734
0.0011544937
0.0013714496
0.0008124449
0.0022926717
0.0021985860
-0.0036267240
-0.0045698830
0.0033404552
0.0019899665
-0.0012658341
-0.0031735504
0.0000703579
0.0018165029
0.0004601347
-0.0011356506
-0.0074804239
-0.0048258645
0.0035278983
0.0010773992
-0.0049668089
-0.0015282026
-0.0042320415
-0.0075240619
-0.0073108072
-0.0272711609
-0.0161035564
0.0021834283
-0.0062105306
-0.0045455000
-0.0002427326
0.0013275787
0.0015225147
0.0031824836
0.0062462841
0.0027521632
-0.0067307404
0.0032693841
-0.0054278756
-0.0056117484
0.0041514840
0.0168380123
0.0054663690
0.0479789563
0.0258781444
-0.0434158556
-0.0003342170
-0.0177286807
0.0009712219
0.0000816428
0.0166529547
-0.0121548641
-0.0407656990
-0.0002222319
-0.0143751148
-0.0005373936
-0.0071655614
0.0044572307
-0.0042969654
0.0132628968
-0.0093998918
-0.0335332267
0.0027736281
0.0006401800
0.0012220424
0.0034755063
-0.0000142999
-0.0015398932
0.0048402203
0.0068149362
0.0145127131
0.0189091191
0.0001732316
-0.0033119214
-0.0005973431
0.0004813343
0.0003943811
-0.0037708348
-0.0041971770
-0.0183434151
-0.0083025638
0.0087796804
0.0035447918
-0.0016346846
0.0055092345
0.0056061954
0.0036981574
0.0000345636
-0.0052875462
-0.0044756364
-0.0025154452
0.0017539780
0.0030436874
0.0008004485
-0.0021489365
-0.0016098176
-0.0002687562
0.0012694601
-0.0016546079
-0.0057617822
-0.0017889896
0.0006013141
-0.0022122627
-0.0042106630
-0.0058236583
-0.0067224586
0.0037703535
0.0190128908
0.0064460211
-0.0109962514
-0.0030540272
0.0089419149
0.0022589746
0.0048403637
0.0101366099
-0.0154272486
-0.0171910860
0.0176672749
-0.0011469789
-0.0030618899
0.0042060409
0.0021279510
0.0025040568
0.0175713617
0.0175839476
-0.0544352755
-0.0223814603
0.0187238064
0.0027622606
0.0014991664
0.0015443867
-0.0029471219
-0.0222684722
0.0044030906
0.0445764624
-0.0043106447
0.0046800571
0.0002573071
-0.0003948340
0.0036027180
0.0104714371
-0.0032873170
-0.0083301235
0.0214922614
0.0162816234
-0.0034762609
0.0015295376
-0.0008194993
-0.0033274468
0.0071619176
0.0049825432
0.0043304665
-0.0084910067
-0.0032958519
-0.0120170237
-0.0031323931
-0.0000819975
-0.0017078444
0.0008165768
-0.0019620070
0.0011405789
-0.0018128731
-0.0016640221
-0.0068707443
0.0009609056
0.0010692142
0.0009932691
0.0013021812
0.0006843080
0.0007149243
0.0038953542
0.0025716340
0.0016845020
0.0002864307
-0.0004751299
-0.0025171977
-0.0011373570
0.0003085601
-0.0027770656
-0.0013685904
-0.0022770062
-0.0020006213
-0.0012442106
0.0010742224
0.0018426478
0.0064090155
0.0029481261
-0.0038808654
-0.0048562787
-0.0054032267
-0.0014803204
0.0019537450
-0.0005631325
0.0003979792
0.0014886993
0.0024792764
0.0082408255
0.0102263140
0.0041586277
0.0018345077
0.0028582646
0.0065078260
-0.0030586813
-0.0159820262
-0.0003854261
0.0003469755
-0.0132031683
0.0018199906
0.0029625860
-0.0030733228
0.0078484518
-0.0005915918
-0.0110522890
0.0118044252
0.0069027492
-0.0385577604
-0.0231748261
0.0059770793
-0.0024744791
0.0036251277
0.0016173871
0.0042641447
0.0046603954
0.0120840250
-0.0018593377
-0.0028848322
0.0130298305
0.0006101505
0.0046528624
0.0012653588
0.0066771116
0.0000534937
0.0100243082
0.0003825641
0.0009636332
0.0152677288
0.0029020230
0.0035640025
0.0001388288
0.0054382943
0.0006356417
-0.0017567831
-0.0020064940
0.0003113313
0.0003117101
0.0005156457
-0.0035938411
-0.0011923723
0.0060302010
0.0052604135
-0.0042412574
-0.0032037208
0.0025522280
0.0024461013
0.0015588551
-0.0003634101
0.0011187359
0.0038344176
-0.0030550684
0.0016154924
0.0028677371
0.0023678944
-0.0014970428
-0.0007922638
-0.0002953387
0.0032779539
0.0077210967
0.0062248106
0.0147774518
0.0066657825
-0.0000771472
-0.0022761438
0.0056544845
-0.0038370914
-0.0024209323
0.0157614872
-0.0016445498
-0.0093277348
-0.0058815526
-0.0010267027
-0.0021075848
0.0007413547
-0.0071532172
0.0033026529
0.0153114023
-0.0501122996
0.0060359389
0.0084616039
-0.0016629925
0.0116180060
0.0065010730
-0.0073620752
0.0060247518
0.0062295990
-0.0108088823
0.0379384346
-0.0109005217
-0.0204338450
0.0208979975
0.0049835974
0.0048665754
0.0034624613
0.0014029463
0.0084751239
0.0154657802
-0.0108642280
-0.0114353206
0.0108839581
-0.0029414853
0.0035112128
-0.0041327360
-0.0053934734
-0.0174184740
-0.0012435496
-0.0059922519
-0.0045690266
0.0053462759
0.0030385170
0.0021539547
-0.0003778119
0.0008384496
0.0004348143
0.0030129417
-0.0025065723
-0.0043896926
0.0002835140
0.0013940962
0.0006238743
0.0018743842
0.0005486728
-0.0000331101
-0.0029859180
-0.0004283289
0.0011054706
0.0040876153
-0.0039181807
-0.0023871856
0.0025111181
-0.0007878694
0.0043742973
0.0058837421
-0.0006969993
-0.0031874927
0.0013390123
-0.0026622603
0.0018263764
0.0049179159
0.0055255182
0.0018974255
0.0098250657
0.0058609894
-0.0000683829
0.0129808700
-0.0035051631
0.0025886677
-0.0010299027
-0.0015142438
0.0023844747
0.0481873751
-0.0191233326
-0.0005761974
0.0084870029
-0.0007323129
0.0016634447
-0.0008832532
-0.0179065522
0.0546586253
0.1536363512
-0.0105814589
-0.0002484136
0.0054577575
0.0021098536
-0.0027089457
-0.0037619499
-0.0063041551
-0.0264210161
-0.0040264488
-0.0115561401
-0.0094823968
0.0095070275
0.0011228046
-0.0033874600
0.0002685986
-0.0087893289
0.0038885456
0.0148524148
-0.0059769917
0.0035716875
0.0056274240
0.0031253216
0.0007225260
-0.0010570305
-0.0000363270
0.0050912360
-0.0077641634
-0.0050782179
-0.0036547619
-0.0036495861
0.0030220142
-0.0006289678
-0.0007939264
-0.0001904502
0.0013599588
0.0030679400
0.0027736740
-0.0001394786
0.0005639289
-0.0007640196
0.0021204506
0.0063149398
0.0031129920
0.0024527614
-0.0004551218
-0.0083254278
0.0012619974
0.0032387960
0.0029391465
-0.0002625079
0.0017134733
-0.0007861208
0.0007760048
0.0028885910
-0.0044228514
0.0032285680
0.0027886624
0.0015038050
0.0039529353
-0.0044500693
-0.0107075972
-0.0083867535
0.0109197767
0.0121546239
0.0120525891
-0.0001515087
0.0010180379
0.0032372561
0.0031752787
0.0023326622
0.0022475033
-0.0032162757
-0.0140256630
-0.0054363119
0.0054281885
0.0038779378
-0.0004967200
0.0056073605
-0.0044547468
0.0138779366
0.0127575919
-0.0412365273
-0.0162404682
0.0165612642
-0.0001324844
0.0023556612
0.0071504642
-0.0271792710
-0.0167824104
0.0442301482
-0.0111314990
0.0048768809
0.0130945165
0.0001674289
-0.0009171096
0.0058159279
-0.0032714140
-0.0160066504
0.0074209529
-0.0080838539
0.0073316884
0.0110215042
0.0025229580
0.0043993420
0.0067688180
0.0052117822
0.0055264006
-0.0081325127
-0.0186044984
-0.0014298912
0.0066858693
-0.0001146794
0.0031491383
0.0042980220
0.0004030926
-0.0023914869
-0.0017874384
-0.0078511862
-0.0005268046
0.0039737704
-0.0000281226
-0.0030103670
-0.0004457021
-0.0009241733
0.0036268211
0.0023097179
0.0057680365
-0.0045072087
0.0000032481
-0.0038846058
-0.0005928047
-0.0004247618
-0.0036764888
0.0067843343
-0.0038272152
0.0043705632
-0.0034821676
0.0001638598
-0.0031782896
-0.0084817074
-0.0040527936
-0.0110998722
0.0192135535
0.0001781062
0.0068552098
-0.0009220567
-0.0013565759
0.0009264856
-0.0076580988
0.0000520418
-0.0064817392
-0.0050105909
0.0082685575
0.0025559103
-0.0119615784
0.0005436186
-0.0018999791
-0.0072274976
-0.0028694593
-0.0105668902
0.0259561185
0.0333670713
0.0104784528
-0.0165764391
0.0050476408
-0.0051103560
-0.0031367585
-0.0017379693
-0.0021269552
0.0535454154
0.0240392350
0.0105806105
-0.0163408983
0.0059755840
-0.0080294097
-0.0018230407
-0.0080626048
-0.0027604632
-0.0053102062
-0.0113795381
-0.0071659056
-0.0244218465
0.0009488180
-0.0072571766
0.0074393512
0.0012816532
-0.0106623555
0.0161257461
0.0045951051
0.0040483074
-0.0024484578
0.0010188695
-0.0006360612
0.0036375036
0.0002837139
-0.0046400996
0.0135705750
0.0031139697
0.0078925602
0.0015882449
0.0009634853
-0.0003884418
0.0022395712
-0.0000120967
0.0018692969
0.0000633834
-0.0051039252
0.0024074556
-0.0000337422
-0.0019217276
0.0003309426
0.0021026996
-0.0021162541
0.0000422484
0.0029321488
-0.0013425795
0.0025833868
0.0058726170
-0.0021650956
0.0014820633
0.0039904914
-0.0031348793
-0.0031610152
0.0044312794
0.0047892951
0.0081713544
0.0068016662
-0.0018170604
0.0073585091
0.0018583747
0.0003484724
-0.0025027245
-0.0069844616
-0.0398915596
0.0091749215
0.0005166600
-0.0055122063
0.0027216335
0.0045537660
0.0083579319
-0.0040411889
0.0117878783
-0.0376580209
-0.0015643141
0.0017744215
-0.0063186707
0.0027114633
0.0048466865
0.0012073505
-0.0114790658
-0.0016659658
-0.0317184664
-0.0013713533
0.0091311568
-0.0002114127
0.0065716649
0.0046868953
0.0015199895
-0.0061809258
0.0029223708
-0.0080009438
0.0069854814
0.0080762170
0.0010668162
0.0031806361
0.0021182369
-0.0009964706
-0.0039217258
0.0072616292
0.0044491552
0.0046646832
0.0032755130
0.0004848987
-0.0009034951
0.0029621131
-0.0013852351
-0.0026390816
0.0041144541
0.0010564495
0.0031848140
0.0046460889
0.0011943090
-0.0000648710
0.0002521703
0.0045943810
0.0051423134
0.0002190882
-0.0035696379
0.0070255478
0.0005350507
-0.0012380563
0.0015371520
-0.0037342142
0.0051368414
0.0080600269
0.0018130441
-0.0049781725
0.0059132022
-0.0048677335
0.0013331206
-0.0002341048
-0.0037229776
0.0081159491
0.0132895801
-0.0011962333
-0.0164821595
0.0048294440
-0.0102761807
0.0011361561
-0.0027869744
-0.0070016277
0.0021246772
0.0132072922
-0.0058883848
-0.0169700198
0.0343194865
-0.0159318019
0.0032627261
0.0037885266
-0.0081655076
0.0047873938
0.0229819641
-0.0137062063
0.0015831044
0.0289946981
-0.0371814556
0.0194749236
0.0034234738
-0.0018096271
0.0093175247
0.0032424026
-0.0102586308
0.0375807695
-0.0307531524
-0.0197987966
0.0311822351
0.0002756915
0.0062673842
0.0058847768
-0.0063316198
0.0063637318
0.0096539576
-0.0243790392
0.0005271106
0.0078887390
-0.0024469215
-0.0003463047
-0.0025550623
0.0028292877
0.0045985938
-0.0011379817
0.0076934868
-0.0074505294
-0.0017791999
0.0042297798
-0.0031358167
0.0024302313
0.0041073402
-0.0005977422
-0.0025272742
0.0023648583
-0.0076003065
0.0012316837
0.0028039790
0.0026689565
0.0003142690
-0.0036223887
0.0005727869
0.0026519017
-0.0030966038
0.0033476944
0.0017054444
-0.0012034007
0.0005266893
-0.0014188798
-0.0026008617
0.0048141289
0.0041483818
-0.0078420481
-0.0020594450
-0.0005779834
-0.0019897325
-0.0044640354
-0.0001618557
0.0030119049
0.0042009354
-0.0026902023
-0.0035984737
-0.0083026784
0.0020076090
0.0009496991
-0.0036953425
0.0023227530
0.0008548388
-0.0135372644
0.0128830196
-0.0031016821
-0.0160605293
0.0194878317
0.0016872804
0.0062157358
0.0013235788
-0.0187545791
-0.0093860812
0.0612747408
-0.0451680310
-0.0050897766
0.0227397475
-0.0020000183
0.0084692966
-0.0023141596
-0.0226911977
0.0301331058
0.0338926017
-0.0571178384
0.0110852094
0.0019679326
-0.0057090954
0.0017696016
-0.0061543812
-0.0112911463
0.0183501784
-0.0066118068
-0.0097496584
0.0107427808
-0.0069358689
-0.0051392913
0.0003705315
0.0001763465
-0.0066811363
-0.0014892718
-0.0086638909
0.0053627011
0.0019200281
-0.0077747479
-0.0008722796
0.0005313259
-0.0002093530
-0.0020753492
0.0039077280
-0.0030546221
0.0050475416
-0.0010419651
-0.0019489761
0.0009125923
0.0009381941
0.0013826002
0.0000174146
-0.0037986753
-0.0001474966
-0.0055856286
-0.0052282210
0.0034421191
0.0017854058
-0.0009512066
0.0019043359
0.0034570233
-0.0007464389
-0.0007911725
-0.0100214304
-0.0064042495
0.0081677092
0.0014910767
0.0014218839
0.0042895316
-0.0028521321
0.0026241227
0.0053275330
-0.0094544161
-0.0016896254
0.0109944493
0.0023892415
-0.0026925392
0.0036963816
-0.0030301004
-0.0089458972
-0.0051954142
-0.0042542960
-0.0115724606
0.0060808430
0.0028045019
-0.0063008871
-0.0006457284
0.0002310957
-0.0407232232
-0.0175593793
0.0021512236
-0.0137708448
-0.0038132903
-0.0022556519
-0.0067756339
0.0014530193
0.0255186968
-0.0200262796
-0.0168604795
0.0116690798
-0.0050214487
0.0027031417
0.0003647826
-0.0003290800
0.0020167136
0.0115711838
-0.0103874356
-0.0054535908
0.0071956082
0.0040341206
0.0057762009
0.0027876718
-0.0055314614
-0.0032559673
-0.0043353559
-0.0128150275
-0.0112689501
-0.0015001151
0.0035415685
-0.0042997152
-0.0050911536
-0.0048917462
0.0011033083
-0.0016572160
-0.0021294826
-0.0050485120
-0.0028997017
0.0039705429
0.0007165547
-0.0034836084
0.0026978150
-0.0013181142
-0.0045751152
-0.0050602858
-0.0003063063
0.0019936322
0.0009975502
-0.0012264951
-0.0002714236
-0.0006659270
0.0039251870
0.0028337045
0.0020596075
0.0003139901
-0.0012830551
0.0014835729
0.0031650087
0.0028976060
-0.0010986701
0.0010796833
0.0080634821
0.0061739413
0.0028997394
-0.0024326071
-0.0024983443
0.0025189982
0.0066469400
0.0012626895
-0.0007351493
0.0004307803
-0.0091635082
-0.0118980445
0.0210482329
0.0032499451
-0.0080817360
0.0008559375
0.0065355147
0.0007808080
0.0002949522
0.0131214848
-0.0232980996
0.0033726834
0.0243273657
-0.0039646532
-0.0056421906
0.0044525592
-0.0023531509
-0.0157983694
0.0077378261
0.0388291664
-0.0325735062
-0.0098935002
0.0059355586
0.0012980449
0.0001579781
0.0069794413
0.0048908093
-0.0122626014
0.0222223867
0.0158763304
-0.0093038948
0.0064808037
0.0027514400
-0.0068513984
-0.0011618077
0.0099774953
0.0008656560
-0.0203078538
-0.0027275218
-0.0014364402
0.0061682505
0.0049495348
0.0014471618
-0.0035122368
-0.0014499414
0.0042452947
-0.0039009165
-0.0024594904
0.0026009574
0.0016138322
0.0033416043
-0.0016719912
-0.0014221293
-0.0011731186
0.0006337091
0.0047430876
0.0087776044
0.0015891807
0.0032226704
0.0036610509
-0.0015647511
-0.0029656913
-0.0020944260
0.0015300096
0.0024368712
-0.0029284614
-0.0018845397
0.0006028445
0.0006667746
-0.0039694207
-0.0038035435
0.0024082123
0.0031264019
-0.0029910561
-0.0182077978
0.0060160025
0.0033611732
-0.0037246975
-0.0009673423
0.0063595404
0.0082642371
-0.0035269673
0.0180591810
0.0243024658
0.0109923631
-0.0049881255
0.0005496552
-0.0069229645
-0.0018580039
-0.0093177650
-0.0270205569
-0.0234778803
0.0091766929
0.0134300804
-0.0074028205
0.0016848964
-0.0046846140
0.0014729444
0.0059301890
0.0050395802
-0.0005892959
-0.0265650805
-0.0063157100
-0.0036528313
-0.0058071800
-0.0068287970
-0.0002615564
-0.0018207319
0.0047850278
0.0264276769
0.0064172656
-0.0070982282
-0.0098703038
-0.0023060269
-0.0015293394
0.0023201490
0.0020982891
-0.0020863831
-0.0057898797
-0.0040829419
0.0092952382
0.0100715654
0.0067478335
-0.0058091637
-0.0033665618
0.0023248193
0.0045554731
0.0018520715
-0.0011315113
0.0006653449
0.0007371766
0.0048523773
-0.0030213520
0.0016319014
0.0005348664
0.0002292700
-0.0019297816
0.0032186441
0.0062164152
0.0069783605
0.0011173778
-0.0018319034
0.0043224986
-0.0005516961
0.0036352198
0.0001628304
0.0007428250
-0.0053068367
-0.0006704610
0.0008359467
0.0000039514
0.0044204877
0.0021358125
0.0163322594
0.0247503035
0.0169491526
-0.0085114855
-0.0018238040
0.0000729382
-0.0018919954
-0.0026513583
-0.0058191242
-0.0033578025
-0.0434917994
-0.0135761984
0.0055764155
-0.0052184896
-0.0049773217
-0.0037923690
0.0082541397
0.0146366330
-0.0284941979
-0.0966174752
-0.0110426582
-0.0002710599
-0.0075155231
-0.0036678181
-0.0040271757
0.0029866660
0.0048529655
0.0154566281
0.0224009398
0.0486703441
0.0017266041
-0.0034179906
-0.0009276362
0.0090549225
0.0042224703
-0.0050453362
0.0097491723
0.0056140018
0.0077154231
0.0063462164
0.0085313721
0.0011332644
0.0025899268
-0.0030568282
-0.0048432504
-0.0098874588
-0.0203556437
-0.0179545302
-0.0049774237
-0.0005694130
-0.0027616667
0.0010582546
0.0017338558
0.0000026400
-0.0000109132
0.0043210792
0.0029007064
-0.0011369389
-0.0027411105
-0.0006925176
-0.0028013512
-0.0003910149
0.0009188576
0.0001727512
0.0034301302
0.0026542097
-0.0013738855
0.0036490562
0.0005100092
-0.0010946094
-0.0009288104
-0.0001167827
-0.0004625824
0.0005977004
-0.0041094646
-0.0027682499
0.0014959305
-0.0013314326
-0.0016970906
-0.0004720534
0.0015798199
0.0045406371
-0.0036698747
-0.0155301411
-0.0061412244
-0.0007413986
-0.0044743279
-0.0007813710
-0.0024464442
-0.0073001767
0.0032513456
0.0054946700
-0.0023608669
0.0044756960
0.0053592669
-0.0026293907
0.0024807570
-0.0010429923
-0.0140272155
-0.0003917310
0.0076674335
-0.0023015116
0.0038014466
0.0127000837
-0.0021266555
0.0038075603
-0.0014655237
-0.0145219918
0.0132249203
0.0152485333
-0.0366807580
-0.0116490573
0.0058020623
-0.0046323780
0.0022889175
-0.0038106774
-0.0100557916
0.0031513732
0.0048457906
-0.0106396899
0.0023922794
-0.0015469660
-0.0013762111
0.0030536160
-0.0009919149
-0.0032349585
0.0012015388
0.0068727033
0.0116478950
0.0088081434
0.0025409323
0.0011975426
-0.0011255473
-0.0001648302
0.0001943072
-0.0010308444
0.0001292485
0.0016201765
0.0014043325
-0.0015663761
-0.0024740410
0.0019387625
0.0023839688
-0.0010175210
0.0001663430
-0.0032432589
0.0026502607
0.0083257034
0.0068135639
-0.0010833303
-0.0020779825
-0.0012552214
-0.0023454204
0.0004556236
-0.0006364916
0.0019711521
-0.0048629981
-0.0031327091
-0.0050034085
0.0042714104
0.0009481556
-0.0109660309
-0.0054659205
-0.0141152488
-0.0024542077
-0.0049289647
-0.0077357246
-0.0116353622
-0.0023920645
0.0003229681
-0.0010315605
0.0018829872
-0.0035830645
0.0018882222
-0.0008031238
0.0114317518
-0.0016999283
-0.0018694460
-0.0011584802
-0.0007003746
0.0326590985
0.0561013781
0.0333142579
-0.0018742479
0.0254827254
0.0019694918
0.0021742331
-0.0065904208
-0.0168831348
-0.0158869829
-0.0477553308
-0.0657385737
-0.0387535095
0.0074734529
-0.0051329671
0.0043294425
-0.0012645746
0.0005016432
0.0038938555
0.0072788126
0.0260572378
0.0098179393
0.0020124326
-0.0027099804
0.0001815479
-0.0024596124
-0.0022970850
0.0006984308
-0.0104816407
-0.0034017353
0.0034587234
-0.0024535214
-0.0083879214
0.0013007518
-0.0005654062
0.0012751283
-0.0050291773
-0.0077010752
0.0009716735
-0.0032586192
-0.0005704874
-0.0074527310
-0.0003691934
0.0015994542
0.0027243202
-0.0022711148
0.0011602150
-0.0020053072
-0.0003020747
-0.0013500736
-0.0007502964
-0.0004079736
0.0023944336
0.0036422689
-0.0013786169
0.0020631955
0.0000643164
0.0014600224
-0.0007051000
-0.0001363856
0.0020702649
0.0037542030
0.0009508100
0.0034441098
0.0173552837
0.0096329525
0.0037803247
-0.0012934575
0.0034112590
0.0070074527
0.0008851279
-0.0076534245
0.0045445012
0.0076989005
-0.0107234642
-0.0038087722
0.0019465325
0.0046376693
0.0030528090
0.0018492854
-0.0033431847
-0.0019675852
-0.0225968156
-0.0427612625
-0.0312938355
-0.0083323205
0.0011497788
0.0079103475
0.0034510267
0.0047185333
0.0010429516
0.0588383265
0.0519363247
0.0081109768
0.0073531517
0.0085160583
0.0019070667
0.0010241632
0.0059252298
-0.0165330842
-0.0175615139
-0.0122678941
0.0006883244
0.0113639031
0.0040919366
-0.0002720307
0.0031228636
0.0038575053
0.0049403091
0.0128342016
0.0042985450
-0.0060171396
-0.0002995301
0.0044204001
0.0031868157
0.0030948068
-0.0052631069
0.0047144415
0.0009793862
-0.0086130165
0.0002774654
-0.0011967119
-0.0008486298
-0.0011129520
-0.0003359987
-0.0018634028
-0.0018226645
0.0013930757
-0.0011129814
-0.0030910983
0.0014977114
-0.0030696162
-0.0011779121
-0.0020139781
0.0009381812
0.0018199317
0.0009391095
-0.0021301787
-0.0022550623
-0.0010979142
-0.0029692645
0.0004769942
0.0065601040
0.0097478190
0.0104346974
0.0177460108
0.0168411806
0.0051508518
0.0029935618
0.0005747137
-0.0024700169
0.0000156569
-0.0016982730
-0.0007292596
0.0209201723
0.0049715703
-0.0149168801
0.0050507868
0.0027285856
-0.0011008964
-0.0009436968
-0.0005175356
0.0051354589
-0.0132570751
-0.0006025464
-0.0041436227
0.0085861664
-0.0023747843
-0.0040015234
-0.0019007107
0.0053768544
-0.0116794612
0.0388098694
0.0227249246
-0.0137511473
0.0013034568
-0.0050586257
-0.0022641865
-0.0034964504
-0.0023721203
0.0022384983
0.0145257907
0.0154778650
0.0046836832
-0.0032158166
-0.0017698730
0.0014298832
0.0001789660
-0.0047408761
0.0045588263
-0.0024011880
-0.0000145865
-0.0008698620
-0.0036303923
-0.0043302546
-0.0000872435
0.0014320172
0.0012513882
0.0052167010
0.0037426625
0.0055250996
0.0009408030
-0.0027730057
-0.0033858321
0.0023738199
0.0006119415
-0.0004830355
-0.0012013623
0.0031395981
-0.0018361516
-0.0009669580
-0.0033525282
-0.0011926946
0.0019370049
-0.0013159944
0.0024538310
-0.0008581039
0.0031467394
-0.0015155374
0.0013757958
-0.0001366006
-0.0001866673
0.0036131805
-0.0029195733
0.0012626767
-0.0092932368
-0.0023255686
0.0004769431
0.0048455638
0.0038883290
0.0001835424
0.0066573541
0.0001660417
0.0070196027
-0.0014357413
0.0024252790
-0.0056860773
-0.0034970602
-0.0030048140
0.0003062711
0.0070461608
-0.0023921039
0.0150221363
-0.0094911726
-0.0187172107
-0.0034518875
0.0067909663
-0.0129186176
0.0014600682
0.0019512385
-0.0037507964
0.0165200457
-0.0276400726
-0.0229080431
0.0215175673
0.0160138328
-0.0163188670
0.0006000565
-0.0020888497
0.0050962307
0.0166475605
-0.0137448199
-0.0118876332
0.0062504392
0.0057095126
-0.0060663624
0.0006477981
-0.0045232670
0.0014543433
0.0135687171
-0.0028138787
-0.0028098891
0.0000485640
0.0035586529
-0.0018817295
-0.0011333228
-0.0026836547
-0.0014609215
0.0042843311
-0.0056255008
-0.0014508945
-0.0022353905
0.0014061874
-0.0004194146
-0.0015688273
-0.0009960547
-0.0010876954
-0.0009279641
0.0028355673
-0.0020156060
-0.0031852524
-0.0022848577
-0.0020169914
0.0006333363
0.0051186141
-0.0013467072
-0.0016335940
0.0065484340
0.0043720035
0.0006018648
-0.0018999921
0.0002642982
0.0030546796
0.0046403999
-0.0026712376
-0.0038564384
0.0110445851
0.0013534777
-0.0020485425
0.0039036844
-0.0072915596
-0.0028865712
0.0052983360
-0.0032970768
-0.0188680440
0.0232644081
0.0125109712
-0.0279675238
0.0207834784
-0.0046176282
-0.0054441239
0.0023166982
0.0027331347
-0.0159206763
0.0144485291
0.0606693514
-0.0704882815
0.0129587464
0.0178322792
0.0008161785
0.0007272200
0.0027754956
-0.0069746119
-0.0242742449
0.0520802140
-0.0366103128
-0.0172314644
0.0251843762
0.0023665268
-0.0009859394
0.0037692548
0.0021231070
-0.0135453232
0.0139068961
0.0073743989
-0.0223439280
0.0132974666
-0.0050099376
-0.0026708769
-0.0006236279
0.0011278817
0.0002771799
-0.0017440848
0.0056830682
-0.0088344058
0.0089237792
0.0003989716
-0.0011460467
-0.0019228812
-0.0009724167
0.0030071042
0.0027551148
0.0003244029
-0.0042024287
0.0032010460
0.0027623766
-0.0009251583
0.0001520872
0.0031384313
0.0035499712
0.0019481422
0.0003182787
-0.0053669051
-0.0057290168
0.0011269021
-0.0009636988
0.0002558267
-0.0008415128
-0.0063939840
-0.0084689585
0.0007793031
0.0065718256
-0.0009673376
0.0024320541
-0.0053457129
0.0029139421
-0.0021341199
-0.0157074966
-0.0149123687
-0.0045431019
0.0070922817
0.0069097965
0.0059884526
-0.0042613973
0.0066430350
0.0091654100
0.0137774441
0.0228180606
0.0064683505
-0.0006381489
-0.0063359709
-0.0005059582
-0.0074620945
0.0082557481
0.0241724942
-0.0198571552
-0.0381622910
0.0077352496
0.0067978231
-0.0179421045
-0.0024679028
-0.0093628950
0.0044933381
0.0136113558
-0.0125783831
-0.0141442036
0.0281109735
0.0250516254
-0.0080831274
0.0020533407
0.0008367132
0.0030043209
-0.0112776831
0.0045357677
0.0094641000
-0.0008406077
0.0073888078
0.0015017013
0.0042672195
0.0032307417
0.0007714946
-0.0106146289
0.0005801991
-0.0148580112
-0.0146104516
0.0038191653
0.0014685993
-0.0016516950
-0.0017636113
0.0033166443
0.0036634831
-0.0017506934
-0.0009696028
0.0009859249
0.0063026082
0.0013877000
-0.0001914527
0.0007457935
0.0005732520
0.0015472309
0.0046061659
0.0028579528
0.0026674350
0.0040368228
0.0026599357
-0.0021372060
0.0000632630
-0.0015607366
0.0003467591
0.0041653281
-0.0018017932
-0.0045629242
0.0015039511
0.0013026072
-0.0001550769
-0.0048567695
-0.0015563087
0.0084200837
0.0086614499
-0.0100320457
-0.0128207402
-0.0032259214
0.0009112565
-0.0008100363
-0.0013313844
-0.0014934646
-0.0024323799
0.0017162946
-0.0052445466
0.0025523088
0.0092562139
0.0003101142
-0.0043591945
-0.0001850489
-0.0031956767
-0.0207951423
0.0187210869
-0.0015536222
-0.0071243308
0.0087888977
-0.0059169233
-0.0069636577
-0.0013076741
-0.0045935917
-0.0149267148
0.0390847325
-0.0183670204
-0.0154040614
0.0050532366
-0.0044038245
-0.0032801030
-0.0017981874
-0.0037026431
-0.0066105197
0.0087198000
-0.0138237830
-0.0015615259
0.0108670667
-0.0033627287
-0.0062529477
-0.0031419441
-0.0018212635
-0.0014789104
0.0013292530
-0.0017741021
-0.0037490586
0.0080293007
0.0001291106
-0.0062689427
-0.0039558122
-0.0016440619
-0.0016193609
-0.0008951501
0.0013910420
0.0045556570
0.0061269244
0.0019493850
-0.0004893641
0.0010852274
0.0016419645
0.0008568708
-0.0027126062
-0.0062897708
-0.0014750030
0.0023474123
0.0022600966
0.0019503846
-0.0001293898
-0.0023511685
0.0013580432
0.0005587357
0.0011511174
0.0050550126
0.0007858740
0.0012268145
-0.0002380985
0.0023747818
0.0031110449
0.0001003117
-0.0039676134
-0.0071957167
-0.0013504582
0.0041394620
-0.0016592748
-0.0059398934
-0.0052576507
0.0018933413
0.0063302522
-0.0046242047
-0.0230860356
0.0245077275
-0.0155366603
0.0002743357
-0.0021917599
-0.0046707662
0.0015025914
0.0020900411
-0.0141204074
-0.0300430674
0.0768903568
-0.0296634287
-0.0048997961
-0.0072707059
-0.0045684329
0.0034898622
0.0063442178
0.0036898192
-0.0297328476
-0.0225526448
-0.0077276090
-0.0038776430
-0.0067174514
0.0002517632
0.0004308115
0.0007451986
0.0073039853
-0.0048096757
0.0147324055
0.0074306391
-0.0032416566
-0.0035138326
-0.0035392938
-0.0016097836
-0.0100056166
-0.0063704872
-0.0139338747
-0.0005629000
0.0061549796
-0.0015859804
-0.0041764234
-0.0029434180
0.0020956874
-0.0014790426
-0.0007320964
-0.0046814452
0.0080775376
0.0025803777
-0.0014851671
-0.0034153191
-0.0000015579
-0.0009992332
-0.0015566312
-0.0011345915
-0.0018118618
-0.0024991387
0.0033327262
-0.0020645973
0.0004754562
-0.0000111303
0.0001632227
0.0036426424
0.0001201725
-0.0015086287
0.0014986369
0.0094760405
-0.0010718437
-0.0005633826
-0.0012414148
0.0008612988
0.0050699031
0.0060738116
0.0121291997
0.0169395469
0.0155182621
0.0015017530
0.0027658502
-0.0005571065
-0.0002341818
-0.0005683118
-0.0101892473
-0.0113666318
-0.0060815578
-0.0034917735
-0.0061834925
-0.0007691386
0.0018848792
-0.0015351739
-0.0049469452
-0.0030924040
-0.0229181740
-0.0338832438
-0.0059530530
-0.0001029776
0.0027727154
0.0042371629
0.0025830732
-0.0009835032
0.0113968085
0.0330568403
0.0251118075
0.0132809933
0.0041762791
0.0025151272
0.0001963033
0.0010701568
0.0006110616
-0.0057563875
-0.0011887464
0.0078567760
0.0105378320
0.0099219689
0.0027811700
0.0026021285
0.0024200350
0.0002783607
-0.0030459387
-0.0093989568
-0.0140317585
-0.0100153703
-0.0036475998
-0.0019361762
-0.0002729397
-0.0004949172
-0.0009939249
-0.0010448842
-0.0050559440
0.0012694241
-0.0018150510
-0.0051404373
-0.0061348346
-0.0036015024
0.0001166075
0.0028060179
0.0029336368
0.0003312867
0.0018413654
-0.0086061871
-0.0046208906
0.0032031317
0.0007140834
0.0036931995
0.0016860582
0.0005420537
-0.0066630114
-0.0069756038
0.0005447532
0.0087123588
0.0025170252
0.0073156678
0.0028002006
-0.0049088174
-0.0156420935
-0.0186045077
0.0098001044
0.0192411896
0.0030522035
-0.0031271938
0.0029058275
-0.0019632289
0.0000048380
0.0288622677
0.0440266468
0.0045818775
-0.0191480760
-0.0080573363
-0.0000444712
-0.0030638017
-0.0024398302
0.0048082508
-0.0060489709
-0.0549341552
-0.0532565564
-0.0224612020
-0.0088699888
-0.0052660797
0.0008680880
0.0025085898
-0.0092616118
-0.0074227513
0.0072305952
0.0524011329
0.0301043577
0.0009757628
-0.0010650891
0.0035484943
0.0030747703
-0.0011773639
0.0153342038
0.0147148333
0.0062829126
0.0011649571
0.0091725700
0.0032442410
0.0002597284
-0.0006506669
-0.0012720785
-0.0151757402
-0.0350904725
-0.0301785525
-0.0172050968
0.0015799075
0.0014124701
-0.0019108646
-0.0002744270
-0.0050523225
-0.0073224124
-0.0092773382
-0.0002351138
0.0001961977
-0.0004940709
-0.0054638986
-0.0001540112
-0.0033201801
-0.0020712649
0.0018853873
-0.0097018918
-0.0059050960
0.0006534447
0.0029082389
-0.0007185478
0.0060671512
-0.0034071149
0.0035538620
0.0064269900
-0.0178635698
0.0005402435
0.0008679060
0.0007380365
0.0013564809
0.0034526014
-0.0065749502
0.0098933280
0.0173501465
-0.0320995934
-0.0030265315
-0.0034567569
-0.0042994986
0.0025996368
0.0057546441
-0.0012997688
-0.0155752143
0.0123005053
-0.0138485134
-0.0098133795
0.0048977043
0.0028839274
0.0006019978
0.0011235732
0.0010984190
-0.0159437563
0.0197110754
0.0332743265
-0.0206356104
0.0101904059
0.0102748415
0.0017882836
0.0010804145
0.0037667167
0.0091633741
-0.0127369231
0.0253106542
-0.0368807577
-0.0032606481
0.0050327755
-0.0010757766
-0.0036649588
0.0017512623
0.0210981369
-0.0218738653
-0.0046080831
-0.0194396246
-0.0089118164
0.0035880620
0.0033326645
-0.0005677865
-0.0028697473
0.0113936588
-0.0062289117
-0.0054558106
0.0091892574
-0.0033686066
0.0020846734
0.0043782839
-0.0027099955
-0.0055314288
0.0003479571
-0.0041638920
-0.0093830097
0.0057394379
0.0031528512
-0.0029576882
0.0055811843
0.0031584243
0.0007191520
0.0001554961
-0.0011926378
-0.0016266990
0.0004594901
0.0028886844
0.0030139924
0.0024513255
0.0000214689
-0.0003431221
0.0000947097
0.0019165126
-0.0013877355
0.0005454072
0.0021775691
-0.0020774002
0.0002649689
0.0017811269
-0.0015165989
-0.0016661929
0.0031877751
0.0029915825
0.0025459842
0.0062344936
-0.0039282166
-0.0019405115
-0.0016488280
-0.0014106599
-0.0017643417
-0.0064766398
-0.0046268832
-0.0004075831
-0.0022083623
0.0002253786
0.0015688457
-0.0082764970
0.0015600522
-0.0011603029
-0.0124746710
0.0118812630
-0.0005504803
-0.0204176512
0.0007550156
-0.0022899369
-0.0080998009
0.0004970242
0.0099676847
-0.0028541638
-0.0027693396
0.0032849479
-0.0025326808
-0.0004659340
-0.0036552537
0.0037162027
-0.0021409160
-0.0074543376
0.0036824727
-0.0387101546
-0.0272223111
0.0071286806
-0.0147305178
-0.0048714136
0.0037416467
0.0033850435
-0.0073644882
0.0171134043
0.0094218347
0.0140736531
0.0133179631
-0.0063209240
-0.0003882128
-0.0036067793
0.0011461512
-0.0018190910
-0.0018646307
-0.0063877567
0.0004192529
0.0006575026
0.0009009599
0.0032711159
-0.0051015005
-0.0035558261
-0.0012854506
-0.0020498065
-0.0098600397
0.0023194712
-0.0018756266
-0.0030619293
-0.0025319937
-0.0017531038
-0.0000643400
-0.0001085028
0.0019606932
-0.0090845088
-0.0008410608
0.0021720915
-0.0016821466
-0.0012269299
0.0017298632
0.0012545094
0.0031353715
0.0028544043
-0.0058289734
-0.0034519325
0.0020528985
-0.0040618246
0.0004033563
-0.0020058432
-0.0017125157
0.0004313348
-0.0014458115
-0.0091334190
0.0154113909
0.0099912221
-0.0035370975
0.0029707351
0.0037119524
-0.0035654872
-0.0076052551
-0.0068606390
-0.0289020296
0.0330738500
0.0171978138
-0.0139564117
0.0072284467
0.0031014273
-0.0046812999
-0.0041630347
0.0351155549
-0.0110517778
-0.0121338135
0.0038784449
-0.0142657692
0.0008766464
0.0021214252
-0.0074213394
-0.0133495284
0.0269785039
-0.0006020187
-0.0124496259
0.0049422914
-0.0077173868
-0.0011065464
-0.0026916864
-0.0011326931
-0.0100773713
-0.0014525201
-0.0069757244
0.0050322409
0.0125914691
-0.0007275513
0.0016101964
-0.0035946716
0.0012004403
-0.0005865109
0.0033338279
-0.0076038442
-0.0002857258
0.0018153973
-0.0001221436
-0.0000814428
-0.0006437373
-0.0011903488
0.0016351468
0.0013640780
0.0050134566
0.0023074008
0.0037100215
-0.0026740062
-0.0021138350
0.0027420553
-0.0017886463
0.0020547505
0.0013131127
-0.0084543684
-0.0056139962
0.0053842450
0.0005587561
0.0030801217
0.0022039034
-0.0015517279
0.0021929552
-0.0006419318
-0.0225437153
-0.0132190259
-0.0066662855
-0.0133894375
0.0049230997
0.0004090981
0.0041735591
0.0172337852
-0.0142974537
-0.0156336762
0.0539512783
0.0041761105
-0.0028461772
0.0160016418
0.0026527708
0.0011941888
0.0049947472
-0.0185497217
0.0031407871
0.0938893706
0.0099387076
-0.0164097156
0.0128680198
0.0011940232
0.0015145229
0.0126988366
-0.0014698339
-0.0333058983
-0.0187685695
-0.0145844836
-0.0131428996
0.0085901404
0.0102029592
0.0059938906
0.0106558520
0.0119867492
0.0291310698
0.0245932229
0.0109046577
0.0057561006
0.0095907822
0.0023251143
-0.0005767400
0.0055939918
-0.0023659945
-0.0017968824
-0.0058385925
0.0018838861
0.0049161501
0.0039357687
0.0000164126
-0.0029553853
0.0008023105
-0.0057867924
-0.0055525289
-0.0085809696
-0.0051700305
-0.0029029858
0.0014775600
-0.0011731019
-0.0025160015
0.0003324859
-0.0068040746
-0.0057549379
-0.0031732188
0.0009509351
0.0019036967
0.0054527125
0.0016116441
0.0002255704
0.0018786358
0.0010293723
0.0058574942
0.0034416800
-0.0032068680
-0.0013296785
0.0046460116
0.0058689294
-0.0003353393
0.0085090287
0.0153167658
0.0093814703
-0.0029217172
-0.0116770184
-0.0090106782
0.0035545111
0.0005296126
-0.0007062068
0.0055159889
-0.0215417538
-0.0134446220
0.0090079885
0.0047229785
-0.0065833549
0.0020935112
-0.0048607113
-0.0016321767
-0.0009285245
-0.0007553542
0.0390843898
0.0308738593
0.0165811647
-0.0052352948
0.0019258821
0.0006526267
0.0019996979
0.0007503897
0.0090041356
-0.0022001981
-0.0280359183
-0.0091347313
-0.0072519304
0.0036221081
0.0024624695
-0.0006494787
-0.0035902928
-0.0035673655
-0.0057097687
-0.0124122193
-0.0021181512
-0.0035683154
0.0014076972
-0.0012885188
-0.0017371525
-0.0021932158
0.0026730082
0.0128620658
0.0252795555
0.0134720914
-0.0022256984
0.0023382031
-0.0025799451
-0.0017430468
-0.0011914644
-0.0000393303
-0.0005142072
0.0020603864
0.0001638915
-0.0028342879
0.0012339222
0.0054107774
0.0013645520
-0.0024361880
0.0021184937
0.0023893325
-0.0048777903
-0.0025875606
-0.0024227719
0.0032761528
0.0005584166
-0.0005525608
-0.0026477599
-0.0025101271
0.0002797852
-0.0009898711
0.0022509235
0.0045859460
0.0031173062
0.0002570369
-0.0030927439
-0.0029624924
-0.0033553450
-0.0028783556
-0.0005888638
0.0030849036
0.0000104878
-0.0031863435
0.0078330301
-0.0021970395
-0.0000244359
0.0034238410
0.0081656910
-0.0105867395
0.0021253589
0.0011090868
0.0031979373
0.0069602132
-0.0059114168
-0.0024839276
-0.0048511401
0.0202029161
-0.0053854976
0.0069565224
0.0058285692
0.0048981537
0.0061038784
-0.0024467560
-0.0080405092
0.0046167159
0.0281140134
-0.0127742477
0.0022552721
0.0031644651
0.0025538444
0.0036135165
-0.0011783156
-0.0064433962
-0.0027803690
0.0082642175
-0.0091839749
0.0068923435
0.0060376800
0.0049265316
0.0002971105
-0.0015128808
-0.0012958075
0.0001355186
0.0185245536
-0.0063366694
0.0006605515
0.0024094163
0.0022591096
-0.0029807142
-0.0001667384
-0.0008156894
-0.0047032717
0.0064626122
-0.0048014158
-0.0011214147
0.0005145488
0.0002346092
-0.0021487009
-0.0003959184
0.0029495724
0.0037646510
0.0046152063
0.0008467324
-0.0031413580
0.0019766784
-0.0005732056
-0.0002932618
-0.0007154160
-0.0003557316
-0.0017938014
-0.0012907743
0.0003392554
0.0007844237
0.0004041826
0.0007327061
-0.0013143859
-0.0003996111
-0.0033961807
-0.0051222453
-0.0119342869
-0.0008942664
-0.0025664307
-0.0021957858
0.0032134226
-0.0018195005
0.0008980135
-0.0002740827
0.0055388701
0.0035465269
-0.0097679412
-0.0076513360
0.0072504599
0.0035614842
0.0059929527
0.0040274751
0.0040296130
0.0292213205
0.0455447361
0.0220824722
0.0049913512
0.0051447982
0.0030404076
-0.0036852723
-0.0045125601
-0.0017029599
-0.0292226300
-0.0377726816
-0.0350631960
-0.0056076134
-0.0047248201
-0.0023815646
-0.0008454746
0.0036987206
0.0137404790
0.0038073803
0.0085977577
-0.0035472650
0.0109037319
0.0084372088
0.0051801964
-0.0013939609
-0.0028789835
-0.0028884951
0.0011597251
-0.0010797750
0.0029282351
0.0034815483
-0.0001751563
0.0019918662
-0.0010311120
-0.0026925935
-0.0029971926
-0.0038430570
-0.0000881623
0.0072335042
0.0024509942
-0.0004720482
-0.0022937250
-0.0004336158
0.0026080944
0.0050146584
-0.0043768906
0.0046704290
0.0036892598
0.0024921675
-0.0033109218
-0.0046978579
0.0028485795
0.0004115991
0.0031494806
-0.0041246889
0.0034555222
0.0026461927
0.0095935883
-0.0012114338
-0.0058780210
0.0062117432
-0.0020788861
-0.0015163609
-0.0020590064
0.0027257625
-0.0014951887
0.0242334735
-0.0028919596
-0.0055460180
0.0052787205
-0.0023134989
-0.0030427242
0.0098717203
-0.0058926167
-0.0053732409
0.0233767498
-0.0280317478
-0.0085406192
0.0008134115
-0.0030854801
0.0024441669
0.0082997521
-0.0409032851
0.0133013027
0.0270300545
-0.0259573590
-0.0032553626
0.0002256865
-0.0040378328
0.0125964042
0.0082405489
-0.0364283025
0.0429193787
0.0022007199
-0.0118362438
0.0009495543
-0.0050765350
-0.0047367983
0.0183143932
-0.0049846834
-0.0099850576
0.0289003011
-0.0086075580
-0.0035684882
-0.0004837719
-0.0075483634
0.0022471966
0.0134904152
-0.0183527451
-0.0047775302
0.0096583869
0.0004887474
-0.0071254475
-0.0039318176
-0.0054335026
0.0029422087
0.0083362535
-0.0100581814
-0.0019492953
0.0040579210
0.0030927530
-0.0062434613
0.0004377325
-0.0020001044
0.0009441366
-0.0017865103
-0.0009896548
-0.0073077232
-0.0081008412
0.0075713089
0.0070000882
0.0015261983
0.0016336248
0.0025857307
-0.0020992057
0.0010651923
0.0025870367
-0.0016421669
0.0021342174
0.0039031340
0.0040097050
0.0044719321
0.0029876858
-0.0042025098
0.0063078883
0.0188630521
0.0021133700
-0.0035709725
-0.0033964855
0.0006970713
0.0027152135
0.0009170049
-0.0006433071
0.0061142682
-0.0004258258
-0.0236263368
0.0043684524
0.0072674076
0.0030326291
-0.0036962088
0.0018488886
0.0153506845
0.0084120622
-0.0500595719
-0.0221220534
0.0165795702
-0.0083859479
0.0011975153
-0.0077676573
0.0052956999
0.0184022300
-0.0120990910
-0.0258394387
0.0580830872
0.0099829081
-0.0198985972
0.0014774335
-0.0065106167
0.0097355135
0.0190637410
-0.0141578065
-0.0109921992
0.0205067433
0.0027967084
-0.0023792021
0.0035854166
-0.0056203203
0.0022973691
0.0053807870
-0.0039610076
-0.0189700797
-0.0115993703
0.0020897633
0.0010770833
0.0038052567
0.0018419578
0.0017082008
0.0031175562
0.0024964302
-0.0060081584
0.0016599004
0.0007751843
-0.0012159789
-0.0009720242
0.0015525213
-0.0009525904
-0.0014691012
-0.0008119684
0.0025698291
0.0008906176
0.0004708267
-0.0020031275
-0.0021978375
-0.0005066785
-0.0012677592
-0.0031113715
0.0000712489
-0.0005950601
-0.0046295528
-0.0010856101
0.0001242352
-0.0029060286
0.0033045500
0.0059396229
0.0018925772
-0.0005182177
0.0041738623
0.0021721325
0.0061934828
0.0116520235
0.0051123961
0.0025152336
0.0001813496
-0.0001296948
0.0019785152
0.0006294730
-0.0079307631
-0.0029340596
0.0057199085
0.0010073780
-0.0070095551
-0.0107971728
-0.0060591605
0.0086169699
0.0179562680
-0.0101445271
-0.0143043175
-0.0052100015
-0.0088271918
0.0041988138
0.0090132132
0.0063961381
0.0006235792
0.0143011520
0.0127586564
0.0109841209
0.0190651864
0.0048723603
-0.0001678715
0.0001446545
-0.0058605685
-0.0026175210
-0.0095555568
-0.0242378227
-0.0158871580
0.0015960213
-0.0006100723
-0.0004297989
0.0000410109
0.0061135981
0.0069530401
0.0077727754
0.0159941595
0.0079309680
-0.0006990911
-0.0001949283
-0.0023970837
0.0003192545
0.0034122823
-0.0038110609
-0.0076294136
-0.0041116262
0.0002489515
0.0008807139
0.0013996714
-0.0042877616
0.0014533610
0.0009986515
-0.0021497298
-0.0041898126
0.0022126751
-0.0036635615
-0.0005449520
-0.0008537275
-0.0065908162
0.0023672685
0.0016228453
-0.0037633530
-0.0029482825
-0.0009419146
-0.0008793992
0.0024375534
-0.0030856035
-0.0114221638
0.0038144304
0.0140618617
-0.0015660133
0.0065013273
0.0070842174
0.0088232607
0.0080867559
-0.0016182438
-0.0075588115
0.0029222523
0.0144763412
-0.0045374101
-0.0019714651
0.0155823780
0.0036753172
-0.0023795562
-0.0026801636
-0.0048334999
-0.0020292946
0.0033352925
0.0061576073
-0.0137566766
0.0325886086
-0.0112228543
-0.0221076682
-0.0050469316
-0.0041071502
-0.0013442646
-0.0025519731
0.0027560336
-0.0390993357
0.0370379128
0.0039120419
-0.0122199981
0.0015380518
-0.0035447748
0.0001738648
0.0060480270
0.0044147600
-0.0209301561
0.0225067884
0.0109065985
-0.0069039580
0.0010359214
0.0016356466
-0.0001362888
0.0017782769
0.0012129218
-0.0005567225
-0.0010062822
-0.0026352063
-0.0014398395
-0.0058835810
0.0036028477
0.0020695191
-0.0006081705
0.0013121415
0.0010898618
0.0010918828
0.0006676096
0.0013889824
-0.0046659438
0.0057864902
-0.0022937555
-0.0042452146
0.0015734844
-0.0022410646
-0.0006815765
0.0060840012
0.0014692849
0.0030667318
0.0037010477
-0.0038792398
-0.0041575562
0.0078001358
0.0016166941
-0.0035004553
0.0042489865
-0.0005151058
0.0015058077
0.0030376581
-0.0042931391
-0.0022793070
0.0173196811
-0.0019076301
-0.0114768967
0.0016646333
0.0026109538
0.0051285811
0.0019386536
-0.0052876440
-0.0116013438
0.0081063928
0.0453023799
0.0199324787
0.0015289647
0.0085096220
0.0036404890
0.0078614140
-0.0034061130
-0.0284695476
0.0633335933
0.3157583773
0.1866690814
0.0083491039
0.0104086762
-0.0031480857
0.0053038723
-0.0014037411
-0.0160255991
0.0623660795
0.2454271913
0.1604931951
0.0238901600
-0.0001090869
0.0020529497
0.0011896575
0.0011410464
-0.0024425434
-0.0146514550
0.0104639996
0.0188723989
0.0068916865
-0.0023045891
0.0080708666
-0.0040724152
-0.0025727658
-0.0001516354
-0.0067309337
-0.0095392838
-0.0012610140
0.0032974975
-0.0052782795
-0.0021968931
-0.0002483796
0.0008843855
0.0032165297
0.0019418705
-0.0029801365
0.0012129311
0.0089976732
-0.0001894639
0.0002338456
-0.0023213781
-0.0007195434
-0.0016223807
-0.0041166651
-0.0087942779
-0.0027627915
-0.0062502064
0.0003233442
-0.0016325982
-0.0011778390
0.0014757130
-0.0002652196
0.0010395386
-0.0018559999
0.0001349397
-0.0054012868
0.0006176516
-0.0016562071
-0.0014496589
-0.0005120141
0.0007680343
0.0026812076
0.0013137088
0.0029503435
-0.0075171567
-0.0034215599
-0.0041006566
0.0008000858
-0.0001695453
-0.0027758044
-0.0062024118
-0.0163864419
0.0097961547
0.0075676674
-0.0006163773
-0.0006283111
-0.0020362425
0.0029767037
-0.0015429487
0.0102397501
-0.0202311929
-0.0236270912
0.0099303406
0.0042463192
0.0052627232
-0.0024133725
-0.0017597860
-0.0055627623
0.0195390359
0.0399969630
0.0007284224
-0.0019402987
0.0007601787
-0.0004405868
-0.0038873164
-0.0049053188
-0.0031106574
-0.0020368127
0.0072545921
-0.0017887052
-0.0039821574
0.0034986127
0.0011942316
-0.0041289628
0.0000578981
0.0015336134
-0.0029669208
-0.0085371016
-0.0090043806
-0.0033137568
0.0019433923
-0.0012918011
-0.0043155965
-0.0014902293
0.0012717750
-0.0001293074
-0.0001306117
-0.0021528353
-0.0031205686
0.0012065140
-0.0008497089
-0.0006302134
-0.0006419353
-0.0006348277
-0.0003848787
-0.0024219868
0.0017664387
0.0004823732
-0.0011607801
-0.0010680526
-0.0019683877
-0.0018991559
-0.0018900413
-0.0014724470
-0.0036742117
-0.0043156012
-0.0038585330
0.0008366529
-0.0014020344
0.0043495423
0.0011740088
-0.0028007675
-0.0024270078
-0.0104575744
-0.0090429066
-0.0048970412
0.0027518158
-0.0014486017
0.0022738941
-0.0014318161
-0.0038264042
0.0040393500
0.0060634939
0.0066284933
0.0024651918
-0.0000781267
-0.0021972365
0.0003597244
-0.0056614610
-0.0028946637
0.0140548758
0.0240111928
0.0143725798
0.0082131187
0.0039270516
0.0011424717
0.0066485945
-0.0000713358
-0.0043641077
-0.0000505781
-0.0229101647
-0.0283039771
-0.0045803720
0.0067662681
0.0028568511
-0.0052156039
-0.0030556177
-0.0044465493
-0.0110241063
-0.0107593732
-0.0054124440
-0.0133264689
-0.0038481888
-0.0012103756
-0.0042560655
-0.0022309436
0.0036494040
-0.0001438919
0.0100104176
0.0190806035
0.0092488192
0.0002743477
-0.0014091720
0.0021035096
-0.0007538875
0.0020861365
0.0044279643
-0.0000028689
-0.0041306759
-0.0006295633
0.0005941660
-0.0000272670
-0.0040214821
0.0020850482
0.0005999273
0.0012175421
0.0018209995
-0.0015605921
-0.0124178911
-0.0054570390
-0.0043539871
-0.0047368887
0.0039197076
0.0051821447
-0.0044223783
-0.0037532134
0.0006429570
-0.0074483012
0.0015935686
-0.0036984631
-0.0122421971
0.0064773089
0.0193428695
-0.0083975503
-0.0022839762
-0.0063193794
-0.0100803226
0.0099077169
-0.0035411413
-0.0064270739
0.0075302441
0.0226214025
0.0012702001
0.0455318354
0.0293500964
-0.0205952469
0.0004834049
-0.0019515769
-0.0060606487
0.0009943311
0.0234985799
0.0231431462
0.0857560858
0.1468148977
0.0323576704
-0.0020123075
-0.0028451767
-0.0065964246
-0.0040245159
-0.0009632243
0.0161741953
0.0888341665
0.1341215670
0.0147618493
-0.0069874655
-0.0117092961
-0.0064101992
-0.0044709337
-0.0036157502
-0.0042110737
-0.0016652661
0.0086469715
-0.0163099784
-0.0045136134
-0.0104110381
0.0034524091
0.0036293964
0.0023921723
0.0091742333
0.0121435281
-0.0024912467
-0.0099630151
0.0073287697
0.0013942621
-0.0003504862
-0.0000072792
-0.0000594800
0.0062007932
0.0052209133
-0.0073927911
-0.0102026528
0.0010096019
-0.0024901968
-0.0027644208
-0.0013693724
-0.0001949790
-0.0014500198
-0.0034524780
0.0018883816
0.0011429853
0.0000013549
-0.0013275712
-0.0039084884
0.0023252852
0.0018369306
-0.0006678196
-0.0012446931
-0.0029209922
0.0011247981
-0.0055973167
-0.0036881317
-0.0026848195
-0.0022817466
0.0047864923
0.0009279664
0.0041031241
0.0145807983
0.0058831149
-0.0011675220
0.0013708076
-0.0013352355
-0.0026622931
-0.0015635892
-0.0004161987
-0.0221472885
-0.0218216553
0.0007860843
-0.0035355974
-0.0017996867
-0.0024802419
0.0000900445
0.0132848695
-0.0101724826
-0.0501536019
0.0202486757
-0.0155141307
-0.0056180777
0.0012226324
-0.0026181026
-0.0015635747
0.0014431323
-0.0028968451
-0.0388956368
0.0211106222
-0.0196045879
-0.0033668110
0.0014182625
-0.0063074003
-0.0040097595
-0.0065411022
0.0023198796
-0.0155712422
-0.0165647306
-0.0027146989
-0.0045369240
-0.0014896524
0.0016266762
0.0001546084
-0.0004625572
0.0052850181
0.0062529244
0.0088012088
0.0072305431
0.0008827124
-0.0012728740
-0.0015567478
-0.0034065307
-0.0005252618
0.0058346260
0.0068764514
-0.0010463161
-0.0042664418
-0.0014166584
-0.0017470259
0.0041319714
-0.0000342782
-0.0034215734
-0.0013675733
-0.0056946166
-0.0038246231
-0.0027884499
-0.0021799917
-0.0024537707
0.0023835730
-0.0030007514
-0.0058218567
0.0000895682
-0.0003760580
0.0013463049
-0.0006403485
0.0023448353
0.0016446463
0.0023793664
-0.0034754835
-0.0056331805
-0.0087655596
-0.0093153827
-0.0117945690
-0.0116496440
0.0062534697
0.0032652286
0.0032644169
-0.0016313510
0.0038417145
-0.0029291296
-0.0109163821
0.0164447278
-0.0011127309
-0.0018925942
-0.0005422472
-0.0014544532
-0.0023450057
0.0101584056
0.0088075092
-0.0284976643
-0.0244643353
0.0018555600
-0.0010600243
0.0082816156
-0.0006903130
-0.0049762032
0.0029127088
-0.0039745639
-0.0541238561
0.0569591597
-0.0053879367
-0.0100454157
0.0000342587
0.0019169102
0.0000475955
0.0023158623
0.0060443520
-0.0279081631
0.0064831586
0.0049860012
0.0014535218
0.0055539268
0.0019611579
-0.0016017735
0.0018656056
-0.0015944102
-0.0072978362
0.0050215148
0.0009801453
-0.0028353890
0.0001561044
0.0011484008
-0.0040584379
-0.0024626749
-0.0041661514
-0.0027095303
0.0026747345
0.0012605056
0.0036588679
0.0029493659
0.0026661083
-0.0014027406
-0.0023859041
0.0046711792
0.0032471265
-0.0020412097
0.0014769160
0.0001035824
0.0042013112
0.0012469348
-0.0012593044
-0.0014270549
0.0049778330
-0.0030851080
-0.0032472194
0.0014540317
-0.0013140285
0.0025444939
-0.0000176656
-0.0002269532
-0.0015599843
0.0096595604
0.0030247548
-0.0055498187
-0.0020181511
-0.0048255101
-0.0020194931
0.0013259831
0.0008379947
-0.0074549243
0.0112223197
0.0191817246
-0.0085855164
0.0089575881
0.0026241501
0.0038270827
0.0035067506
0.0021350952
-0.0142511856
0.0169211663
0.0209893603
-0.0292640086
0.0069610397
0.0084332358
0.0093258750
0.0027847409
0.0016045377
-0.0082440265
0.0143171977
0.0402454473
-0.0229911432
0.0094752731
0.0136501612
0.0082512340
0.0036365970
0.0002863728
-0.0083192764
0.0002451407
0.0230566822
-0.0181808788
-0.0015763189
0.0072204154
0.0016666241
0.0011965581
0.0007612720
-0.0028510096
0.0039220406
0.0108090164
-0.0084988791
-0.0042992900
-0.0005010157
0.0051631159
-0.0000312031
0.0010324598
0.0001474379
-0.0005945786
-0.0015718497
-0.0107244402
-0.0049467301
-0.0044173109
0.0016188609
-0.0041498994
-0.0020348371
-0.0016097227
-0.0020380367
-0.0035663832
-0.0059482735
-0.0025350063
-0.0040209899
-0.0046260939
0.0000956713
0.0027398146
0.0017298226
0.0006830816
0.0055953832
0.0037106837
0.0043477160
0.0036966766
-0.0001259629
0.0040313951
0.0049442453
0.0042071990
0.0108807795
0.0145994127
0.0087613547
0.0058283382
0.0035638753
0.0020129899
0.0004588655
-0.0007279209
0.0012355937
-0.0029072997
-0.0110813081
-0.0144404974
-0.0078546293
-0.0034310643
-0.0032387928
-0.0064019533
-0.0016481979
0.0088486401
-0.0190923046
-0.0313202702
-0.0029819657
-0.0115338126
-0.0218086187
-0.0074946736
0.0010079779
0.0097753908
0.0214247797
-0.0043968428
0.0037992725
0.0492956974
0.0340763293
0.0040217512
0.0091050528
0.0001633090
0.0055114687
0.0039573563
-0.0046237218
0.0059251464
-0.0037027521
-0.0014973747
0.0063200188
0.0015459867
-0.0034361170
0.0006000894
-0.0033000119
-0.0023846726
0.0011861346
-0.0214383882
-0.0196532011
0.0013665911
0.0002766795
-0.0003739669
-0.0010756034
-0.0052772020
-0.0036057206
0.0061191455
0.0016902041
0.0001318610
0.0008464711
-0.0034138844
