-0.0102185020
-0.2168782800
-0.0545320287
0.1212929338
0.1403354555
0.1046592146
0.0829601362
-0.3013963103
-0.1865556240
-0.0735199824
-0.0971961021
-0.1760574430
-0.0429558754
0.1130828410
0.0179302581
-0.0667073205
-0.2857628465
-0.0037173308
0.0783500075
-0.0420873314
-0.1487311721
0.0057669734
-0.0418437645
0.0071159205
0.0199102554
0.1228545159
0.0344679244
-0.0283899494
0.2001150995
0.0514138415
0.1613361537
-0.0908106416
0.0889455155
0.0155728562
0.2346692383
-0.0070823031
0.2331652045
-0.1169698909
-0.0291060004
-0.1070362106
-0.2450039089
0.0131744659
0.1315835863
-0.1508174837
0.0729585439
0.0442390367
0.0771997645
-0.0955277383
-0.1303124279
-0.0464240834
0.0621846579
-0.0408173874
-0.0782279670
-0.0994989872
0.0334990248
-0.1315362304
0.0806942359
-0.0510351025
0.1677768528
-0.0837462172
-0.0535551198
-0.2565165460
0.0192611646
-0.0186415128
-0.0205518492
0.0375025794
-0.2755877376
-0.5384402275
0.0282107852
0.0081585310
0.0113686640
-0.0152376592
0.0754957348
0.1454256773
0.1921596676
-0.0369213931
0.0861456841
0.1931260973
-0.1419735402
-0.1324202567
0.1490986943
-0.1015347764
0.0524802841
-0.0493718795
0.1471921057
0.2759397924
0.0810036957
0.2096938640
0.0506063439
-0.0345795974
-0.0082307793
-0.1234866306
-0.0419275425
0.0136366179
0.2878815234
0.1402099878
-0.0100843264
-0.0508996882
-0.3204205334
0.0110551659
-0.0432208702
0.0460418724
0.0219824035
0.3409533799
0.0242982823
-0.0405588150
0.2394766062
0.1070660502
0.0468493365
-0.0323275663
0.0026401293
-0.2668204606
-0.2221206129
0.1333238184
0.2663245499
0.0784186125
0.0170117356
0.0349442065
0.0511056036
-0.0019329309
0.1193604618
-0.4489665329
0.0298004746
0.0606395677
0.2553831041
-0.0750234649
0.0702103153
-0.0222051013
-0.0603682771
-0.1248369813
-0.4177593589
0.0052534114
-0.0054593757
-0.0651997253
0.1018531471
-0.0400361679
-0.0258311778
0.0112954360
0.4045421779
-0.3437459469
-0.1053499579
-0.0373337939
0.0010378630
-0.0258982442
-0.0012489704
0.0043119909
-0.0293826424
-0.2387446314
-0.1075494736
0.0229396634
0.0788782015
0.0276447125
0.0988051742
-0.0661424026
-0.0490388311
0.0409107953
-0.1035226285
-0.7980043888
0.1014646813
-0.0032959459
-0.0408105478
-0.0056942250
0.0362221599
-0.0868459269
-0.0491063409
-0.3001964688
0.4034818113
-0.0289341416
0.0430735871
0.0585820712
-0.0560508333
0.0065215896
0.0183862429
-0.0044170558
0.0576236136
0.2879516184
-0.0144367116
-0.0165548250
-0.0469302014
-0.0579503775
-0.0178507473
-0.1498195678
-0.0898308530
-0.4109010398
0.0714789256
0.1066651046
-0.0595577322
0.1788631231
-0.0424124002
0.1312348247
-0.0811430067
-0.0240790267
0.0646371841
0.4084958732
0.2169848084
0.1303448677
0.0560280867
-0.1151813045
0.0827009305
0.0284192562
0.0399308279
0.1164197922
-0.2681037188
-0.0613252483
0.0898064896
0.1477394551
0.0067654070
0.0367464982
-0.0842298493
-0.0286803357
-0.0444091745
0.2892492115
0.0214434490
0.0139870616
-0.0879362524
0.0366649888
0.0486812256
-0.0862351954
0.0201021992
-0.2944020331
0.2176066488
-0.0691714138
0.2037723809
0.1056713909
0.0818963572
-0.0033457552
-0.0857847482
0.0152108138
0.0135341547
-0.3220261633
-0.0684035867
-0.0619865805
0.1803086400
-0.0353131518
0.0096179666
-0.0151268020
0.0581000336
0.0408733301
0.3115184903
-0.0709076449
-0.0503462106
-0.0444673598
0.0030038748
-0.1019473970
0.0397122577
0.0206990093
0.1474582404
0.1628528386
0.0530205891
0.0828248262
-0.0206288230
0.0356285721
-0.0679479167
0.0424315780
-0.0719804019
-0.2542161047
-0.0362471268
0.0714942664
-0.0142078698
0.0082860915
0.0264701284
0.0178139284
-0.0680351630
-0.0178338792
-0.0760767087
0.5549826622
-0.0590251945
-0.1505016237
-0.1220222190
-0.0128264343
0.1065504029
-0.0118762068
0.0331323557
-0.1696923524
0.0910130367
-0.0485745557
-0.1173479035
0.0263782833
-0.0161000062
-0.0247495398
-0.0154595803
-0.0175753497
0.0583109967
0.5059188008
-0.0027510119
-0.0468020476
-0.0383097492
0.0074924673
0.0243647695
0.2438691258
0.1016261876
-0.3418465853
-0.2394907326
-0.0679421276
-0.0649535283
0.0879952312
-0.0865905285
0.0860536546
-0.1331385970
0.0979528576
0.1742036641
-0.2903368175
-0.3126081824
0.0486573130
0.0444863699
-0.0456712879
-0.0032806911
-0.0703526586
0.0414178483
0.0342616849
0.0696631148
-0.1354697049
0.1625211686
-0.0033297676
0.0911935270
0.0678773224
-0.0592006594
0.0608893223
-0.0809467509
0.4960129559
-0.1900335848
0.0151182786
-0.0625145733
-0.0397238545
-0.0493654460
-0.1181949377
-0.1189988777
-0.0054634972
-0.1881212145
0.1874065250
-0.0128514329
-0.0039204410
-0.0281136204
0.0090626134
-0.1161982268
-0.0503441915
-0.1009546146
0.5628364682
0.0263472237
-0.0956720263
0.1069123745
0.0088476418
-0.0119127734
0.0882917717
0.0116588874
-0.0603829995
0.5582059026
0.1166610569
-0.0512575619
-0.0016825435
0.0185911022
0.1133145988
-0.2437130064
0.1182208657
0.1136851683
0.0381418280
0.0747997761
0.0386772119
0.1133776382
-0.0042505697
0.1432057768
-0.2465894073
0.0860822350
-0.0066475491
-0.3128449917
0.2166117579
-0.1047744006
0.0378930718
-0.0015697640
-0.0578738451
0.1664703935
-0.0978033543
-0.0297294836
-0.1919139177
-0.1383035779
-0.0343740843
0.0122208502
-0.0220918413
0.0298309196
0.2124785036
-0.0304286424
-0.0657120571
0.1889779568
0.0001310626
-0.1506403238
-0.1821863651
0.0680949539
0.0379224457
0.1437176019
0.0405893698
-0.1658492684
0.4858512878
0.0185935665
-0.0575587377
-0.0886643156
0.0393057205
-0.0894489810
-0.1791279465
0.0548134819
0.1557551175
0.1531422585
-0.0276885256
0.0061585829
0.0058121090
0.0864503458
0.1724937856
-0.1956107616
-0.3634973764
-0.1075570732
0.7777371407
-0.1443239003
-0.0548559949
0.0178216454
0.1717011780
-0.0244863294
-0.0121778119
-0.0326964892
-0.0365657918
0.2042849213
-0.0180126633
-0.0585777760
0.1864131540
-0.0909979567
-0.0660748705
0.3220310509
-0.1593088508
0.1270422786
-0.8379054070
0.0559254922
0.0971975848
0.0516153537
0.1449171603
-0.1592237502
0.0249677803
0.0807967409
-0.2476994991
0.0226840451
-0.0051940298
-0.4362431765
0.0045428993
0.0676757917
-0.0966737121
0.0031175993
-0.0610054918
0.3809275031
0.0862900168
0.1922198981
0.0825380832
-0.3055892885
-0.0665466115
-0.0757454038
-0.0829831883
-0.0492315628
-0.0307492372
-0.7093374133
0.0577279329
-0.0842759982
0.0441808850
0.0480018184
0.0870133191
0.0978946462
-0.1828773767
0.2216966003
-0.2284603268
0.0384002253
0.2665627599
-0.2278040498
-0.0618099831
-0.0121470513
0.0283575654
-0.0442698188
-0.2179288268
0.0739919618
-0.0752007961
-0.2686146796
0.3315075636
0.0338636898
-0.0583790615
-0.1932215542
0.1278467029
-0.1676479727
-0.2001229823
-0.0187372603
-0.0646370128
0.0432096310
0.0600236729
0.0302440580
0.0558875538
-0.0103119779
-0.1874589622
0.3503887951
0.0452044941
-0.1809723675
0.2464857399
0.0180442836
0.0665047541
0.0931139439
-0.0479446352
-0.4149625599
-0.1422919035
-0.0083492575
0.1228348091
0.0687323585
-0.0067791436
0.0223983005
-0.0422657207
-0.1972014457
-0.0738277063
0.0001003754
-0.3575729430
-0.1913846880
0.1195278838
-0.1109778807
-0.0604421981
-0.0671244711
0.1316199303
0.1212847084
-0.3093447089
0.0286996271
0.0116060209
-0.1640412509
-0.1622697413
0.0202417616
0.1039888933
-0.1114112064
-0.0474185422
-0.2355595529
0.2569616735
0.0899905711
-0.2579230368
-0.0626978129
-0.0165809263
-0.0160616338
0.0301328134
0.0096703740
0.1585454196
-0.1539523005
0.1142808944
0.0707318932
-0.1682965755
-0.0240311958
-0.0938273296
-0.0212563965
0.1282162219
0.1704977453
0.1185235232
-0.0983976722
-0.2097496986
0.2579374015
-0.0262513403
0.1427365988
-0.0926985294
0.0097369663
0.0103626242
-0.0597238764
0.0766311139
-0.1269444823
0.0844687968
0.0671137646
0.0101365279
-0.0164234396
-0.1074788198
-0.4246799648
0.1212033629
-0.0619139448
-0.0660602078
0.0629139990
0.0380415358
0.2915863097
0.0582320280
0.3389258385
-0.3937038183
0.0243455544
-0.0114829671
-0.1848187745
-0.0813138559
0.1790996343
0.1812187880
-0.0921175778
0.0271600187
-0.7755064368
0.4001787901
0.0318896659
0.1511448473
0.2009835392
-0.0424316525
-0.0830623806
-0.0735547096
-0.1661053598
0.0548023582
-0.3994182348
0.0862373337
0.2283990979
0.1494685858
0.0284544826
-0.1264169663
0.0390678421
-0.0955532417
-0.7894366384
-0.1372726113
0.0355811156
0.1400882304
-0.0420068577
-0.0554883629
-0.2400823981
0.0555923134
-0.1046729013
-0.1783362478
0.0125916237
0.0708076879
-0.0010136759
-0.0136284688
-0.0062534576
0.2233049721
0.0997510701
-0.0889851674
0.3021477163
-0.2196805775
-0.0485158674
0.2400616556
-0.0367912836
0.0101801557
0.1555497646
0.0586395860
0.0332447141
0.2861047089
-0.6429100037
0.0342973992
-0.1389737725
0.0704309046
0.0057911812
-0.0455624722
0.0756752864
0.0850780085
-0.0290736463
-0.1417171359
-0.1008637398
0.0553307943
-0.0854452178
-0.0026768444
-0.1601799875
0.0651051849
0.0717113614
0.4693021476
-0.1893151402
-0.0458415523
0.0764423236
-0.1564580053
0.0414463282
0.0844334513
0.0344880484
-0.0598710738
-0.2956893444
-0.0958414003
0.0005561678
0.0517385453
0.0276784506
-0.0476075187
-0.0995524153
0.0086105503
-0.0141724376
-0.0524069369
0.0006383969
-0.0451149419
-0.1548762619
0.0012357443
-0.0311074182
-0.0828578249
0.0561916977
0.1210329980
0.0755123347
-0.0300094076
-0.0258163977
0.1283658296
-0.0523165576
-0.0729564875
0.0534291863
-0.0966160148
-0.1904207468
-0.0503628142
0.1324660778
0.1270718277
-0.0099321119
0.0191805195
-0.0819921568
0.1418587714
-0.0975984633
0.0234332345
-0.1876127422
0.0842270255
-0.0323843434
-0.0897294581
0.0547856279
0.0638710633
0.0391987599
0.0939188972
0.2680988908
-0.4028898180
-0.2809267640
-0.1160226837
-0.1629565954
-0.0601733848
0.0213808920
0.0368135795
0.0721624568
0.2112545371
-0.1843755394
0.0501324013
-0.0833872706
-0.0468613617
0.0372800939
0.0378492735
-0.0947961584
0.0149191525
0.0044551319
0.0325447358
-0.0125718787
0.0370377786
0.0111379009
0.0175915547
-0.0132985432
0.3394531906
0.0391514264
-0.0505931973
0.5696954727
-0.1828543991
-0.0827223510
-0.0833501816
-0.0985453799
-0.0166808274
-0.1932648122
0.1664796472
-0.0336266644
0.1284001023
-0.4359330237
-0.0211488288
0.0149736218
-0.1627325416
-0.0313993990
-0.0819989368
-0.0389573351
-0.0781050026
0.2485422343
-0.0170625411
0.1543183029
-0.2350065708
0.0077167912
0.0463307425
-0.0064025768
0.1221060604
-0.1151631176
-0.2100956440
-0.1731788218
-0.0626609474
0.1305261254
-0.1873790175
-0.0458384864
-0.0557892062
0.0027885030
0.1365698278
0.5711245537
-0.2290841341
0.0991292894
0.0414149687
-0.0130861299
-0.0995972306
-0.1825974882
-0.1180670857
-0.0430967510
-0.0566644371
0.0474713929
-0.0650212914
-0.1685695797
-0.0572862178
0.0682914555
0.0247256476
-0.0539038293
0.1850569248
0.4228347838
-0.1830532551
-0.0057502775
0.0259682480
-0.0633686632
-0.0432581417
0.2082798034
-0.0694732293
0.0006407588
0.4588600695
0.1389783919
-0.0564792603
-0.2382857352
0.0287701376
-0.1649148315
0.0580640845
-0.0179195926
-0.2560985386
0.7659789920
-0.3438019454
0.0790199861
0.0619152188
-0.2568113506
0.1111960709
-0.2386484444
0.0340172499
0.0312931389
-0.6088829041
0.0628151596
0.0026862866
0.2722835243
0.2239031047
-0.0425275601
0.0504712127
0.0946905464
-0.4085876048
0.0327539481
-0.0299985874
-0.0524217188
0.1236385182
-0.0456615686
-0.0835491791
0.1038907021
-0.0734133124
-0.1634453535
-0.0414968729
-0.0360887870
0.0563082881
0.0506945811
0.0322324000
0.1728418022
0.3893839717
-0.0157939382
0.0777141824
-0.1539302468
0.2325899452
-0.0744728595
0.2429398596
0.0467922352
-0.1073562428
-0.2316970378
0.1354887784
0.1771807224
0.1694551557
0.1652438641
0.0838980228
-0.0356460810
0.0802520365
-0.0962470472
0.0129076019
-0.0282041486
0.0773383304
-0.1624311805
0.2145252973
0.0667767152
-0.1450878531
0.0900055245
0.0084030703
-0.0106704524
0.0538551733
0.1140139848
-0.2665060759
0.1565759778
0.0750389919
-0.1605296433
-0.0315410905
-0.1635859460
-0.1483980417
0.0410085469
-0.0378120728
0.5143944025
0.2339610606
-0.0541373789
-0.4449804127
-0.1308031082
0.1117976680
0.1608796865
0.0314752944
0.0469767153
0.2204927802
0.1712250859
0.0606966764
0.0630718544
0.0101487767
-0.0410459079
-0.2695623040
-0.0363223962
-0.1023604795
-0.1669952571
0.2152474672
-0.0847720057
-0.1175198928
0.0235751513
0.1421725452
0.3744750321
-0.0766926110
-0.0294414721
-0.7197144628
-0.1535640657
0.1262620538
0.2929800153
-0.0356184207
-0.1059924141
0.0681319088
0.0017116282
-0.2123684287
0.4362124205
0.1580512673
-0.0257738363
-0.3154029846
-0.0496072620
0.0651873425
-0.0289537981
-0.1149329022
-0.1642364562
-0.1241759583
-0.1308196932
-0.1382906735
-0.1645350009
-0.0814446658
-0.1204908937
-0.2192275077
0.0145781124
-0.1311334223
0.3404329419
0.1310123801
0.0877282470
0.1239187196
0.2352507263
0.0875869766
0.2211426646
-0.0483454317
0.2729507983
0.6763593554
-0.1320309490
-0.0149400560
-0.1232848465
-0.0229697376
0.0022522646
-0.1125035211
-0.2545197010
-0.1270864010
-0.1671959311
-0.3894873261
-0.0098505495
-0.1359521151
-0.1213830784
0.0048831226
-0.2182877064
0.0832186490
-0.0285332445
0.0955330729
0.0135169970
-0.0338118337
0.0292866603
0.1695803255
0.0933914706
-0.0744214728
0.0626028702
0.0951390415
-0.1481686085
0.0343984887
0.0010235695
0.0068268888
-0.0271295104
-0.0253363010
-0.1900742650
0.0174784586
0.0645473376
-0.0569841750
-0.0307023861
0.0646966919
0.2646379173
0.1441634595
-0.1278694719
-0.0661742538
0.0673893020
0.1453397721
0.0752302408
-0.1122955754
-0.1556635499
0.0341416448
0.1067662537
0.0728087723
-0.0455959179
-0.0575470589
0.0131703755
-0.0590914339
0.1811694056
-0.1051942557
0.2064555883
-0.0742499903
-0.0151660610
0.0570691414
-0.0478699952
-0.1085148826
0.0172363557
0.0652699023
-0.0971700177
-0.0181849618
0.1124322191
0.0525144562
0.0647202954
-0.0946867019
0.1114857420
-0.4104708135
0.1161489412
0.0256793983
0.0830714852
-0.0460113026
-0.1231065542
0.0835359246
-0.0503969416
0.1806584895
-0.2539128661
-0.0133288838
-0.1336816996
-0.1179700121
0.2935560644
0.0404715165
-0.0672171935
0.0802402794
-0.2269031554
0.4057754576
-0.0891774967
0.0167157743
-0.1437831521
-0.1521598548
-0.1223457530
0.1433834285
0.0009553595
-0.0572061539
0.0855836645
0.1685533077
0.0941078365
-0.1278348267
-0.0556319579
-0.0486186035
0.2290315628
-0.0253895111
0.2895652950
0.3121025860
-0.0147875408
0.0021329639
-0.0499630272
-0.0182076264
0.0021370724
-0.1624758393
-0.0569465682
-0.1680861413
0.0880367383
-0.2069314271
0.1241647378
0.0562512502
-0.1209251657
0.1217786446
-0.1139735207
0.0579501502
-0.0334345065
0.2536990941
0.0874828920
-0.1702045947
0.0887732059
-0.3695209324
-0.1051893160
0.1318743676
-0.0771519095
0.2709833384
-0.3597930074
0.2442436665
-0.1410415769
0.4288654029
-0.2359860688
-0.0460018739
0.0872320905
0.0041855122
0.1512665451
-0.1241998076
-0.0685152560
0.0015643439
0.0766252652
-0.0589718483
-0.0729138032
-0.0055119144
-0.0670966357
0.0167337302
0.4324407876
-0.0437872969
-0.3092719316
0.0930916741
0.0954324901
0.0314884819
0.2040806413
0.1443591714
-0.0353666991
-0.5761963725
-0.2512029707
-0.0277846530
0.1275768280
0.0334049761
-0.0361364782
0.1362574548
0.0387333408
0.0255301669
0.0780983716
-0.0157198384
-0.0591313168
-0.0384121090
0.0542112291
0.1056612730
0.1743907034
0.0963380411
0.0401711948
-0.0712649152
-0.1643745750
0.0768430606
0.0199685022
0.1108473241
-0.1218757257
0.2220027298
0.0077381912
-0.0181841832
0.0714074001
-0.1649441570
-0.2935298383
0.2641902864
-0.0058918358
0.0078772577
-0.0660043582
-0.0458664857
-0.1546862423
-0.2250486016
0.3104178011
0.0705078393
-0.1839473546
-0.0767875537
-0.0993136019
-0.0108824810
-0.0149109717
-0.1713473350
-0.2323494405
-0.0054408028
-0.0918748677
0.1392376125
-0.0533000790
-0.1304487139
-0.1259497255
-0.0584679581
-0.0377697460
0.4293138087
0.0669334158
-0.0449860170
-0.0206832308
-0.0517355129
0.0671840310
0.1545153111
-0.0484726392
0.2585351765
0.0059045553
0.3300175071
-0.1145320460
0.0970418528
-0.0196942389
0.0974858776
0.0923693627
-0.0542624444
-0.1180224940
0.0099996645
0.2598682642
-0.0230919160
0.0124935098
0.1541782618
-0.0947852284
-0.0567479059
0.0778329000
0.1116793007
-0.0089223320
-0.2049640417
-0.0834582746
-0.0589788780
0.2476869076
-0.0295179747
-0.0718105286
-0.0234688409
0.2756027877
0.1620012820
0.1161833853
0.0034150169
-0.1783673465
0.0955852345
-0.1178351194
0.1069273278
0.1231629997
-0.0536853597
-0.2761071920
-0.0653285086
0.0149554545
-0.1694199443
0.0903316662
-0.0264538378
0.1971366554
0.2504598498
0.0449666791
0.0314109921
-0.2596750259
0.0802974552
-0.0114298118
0.0779957026
0.0013600574
-0.0420537554
0.0728176236
-0.0595223457
-0.2292895764
0.0371080711
0.0647993386
0.0717187300
-0.0524978675
0.0052931258
0.0663019791
0.1071687415
0.3688778281
-0.3894163370
-0.0950415581
-0.0548288189
0.1023637056
-0.0251515601
-0.1652032584
0.0692180768
0.1160490736
-0.1568309963
0.4761692584
0.0632765591
0.0988613218
0.0008563242
-0.1272802502
-0.0178513229
-0.2707514763
0.0170299578
-0.2291459292
0.1174654067
0.0314207859
0.1113436222
0.0191635713
0.0393397659
-0.0902359858
0.2340964824
-0.2379509807
-0.2565927505
0.0338835232
-0.0209151693
0.0192197878
0.1394053400
0.0866112858
-0.0361308753
-0.1971746385
0.0479914956
-0.1534396559
-0.3228754103
0.1420958340
0.0117929354
0.0141362576
-0.0273492392
-0.1013827324
0.1384177059
-0.0499717519
-0.1366782039
0.0462354012
-0.1087194830
0.0718790069
0.0166077111
-0.0399670750
0.1337793767
-0.1284903735
-0.2598196268
0.0297324061
-0.1864800602
-0.3389725685
0.1213793904
-0.0252453387
0.2541635036
-0.0792941675
0.0883021876
0.0135332746
0.2171301842
-0.3141146600
-0.1832656860
-0.1702805758
-0.1347777396
0.0571698919
-0.0416640639
-0.0399744026
-0.1846308708
0.1443380266
0.2426701933
-0.1725729853
-0.0247529093
-0.0651550144
0.0142323012
