-0.0107730040
-0.0105106980
-0.0057582431
-0.0098780692
-0.0102995494
-0.0169221163
-0.0173585601
-0.0216385238
-0.0135197593
-0.0014155671
0.0009766982
0.0024011428
-0.0006658771
0.0016860915
0.0038005819
0.0125119351
0.0107587315
0.0067415666
0.0067462716
0.0090481825
0.0027578077
0.0031192380
0.0196497589
0.0236661751
0.0269221775
0.0097060353
0.0092637315
0.0003923998
0.0022670804
0.0028481567
0.0118529582
0.0135707324
-0.0060470039
-0.0117796855
-0.0106687192
0.0025377558
-0.0117005128
-0.0133882854
-0.0090034287
-0.0237511694
-0.0600893609
-0.0519820489
-0.0085514374
-0.0118873846
-0.0128367478
0.0053145406
0.0082576303
0.0011032205
0.0175269786
0.0592321381
0.0612549484
0.0272676069
0.0106910812
0.0084694372
-0.0019247695
0.0037242128
0.0052296501
0.0156058837
0.0110376384
-0.0109968679
-0.0168110877
-0.0045782682
0.0018739868
-0.0088063600
0.0014037162
-0.0049070874
-0.0267978255
-0.0259142108
-0.0140526537
-0.0066618440
-0.0014547460
-0.0057168459
0.0064323414
-0.0022896985
-0.0054633156
0.0022399877
0.0067885979
-0.0022531131
0.0016591540
0.0060495632
0.0015920004
-0.0043653478
-0.0032200052
-0.0008855676
-0.0032113690
0.0037743910
0.0027008790
0.0003612193
0.0017208837
0.0061727297
-0.0015440336
0.0021044475
0.0021552208
-0.0027124670
-0.0034611102
-0.0075233285
-0.0032844075
-0.0039365813
-0.0063525285
0.0002876827
0.0111099835
0.0109384535
-0.0026967756
-0.0124190608
-0.0101479283
0.0023809636
0.0044647688
-0.0001914667
-0.0143358670
-0.0011054636
0.0017409476
-0.0112136593
0.0099582747
-0.0017315471
-0.0086999964
0.0063197576
0.0033044151
-0.0123098036
-0.0040419586
0.0087982621
-0.0152314659
0.0039653918
0.0487654209
-0.0034019568
-0.0197166484
-0.0052151773
0.0011657516
0.0052463058
0.0077205519
-0.0002105812
-0.0468938909
-0.0219480935
0.0072905305
0.0013544868
0.0018428878
0.0022330834
0.0002467069
-0.0047708983
0.0134367999
0.0119180605
-0.0219236780
-0.0063097579
0.0025890509
-0.0026508230
0.0048020543
-0.0003773971
-0.0177062545
-0.0008306063
0.0158036407
0.0137863215
0.0037299357
0.0015388480
-0.0032220341
0.0030979540
0.0058965823
-0.0009869596
0.0034708166
-0.0018792822
0.0067125601
0.0056531429
0.0043396382
0.0025022144
0.0062002139
-0.0007819153
-0.0013081253
-0.0077051944
-0.0030152993
-0.0063615665
-0.0073122694
-0.0165348556
-0.0087909820
0.0052953940
-0.0031803735
-0.0005486417
-0.0045406041
0.0000919904
0.0015204386
0.0076511414
0.0057878280
0.0085203573
0.0068027726
0.0032337238
-0.0019722809
-0.0115953600
-0.0098219439
0.0092112562
0.0211985745
0.0156646445
0.0109030278
0.0055788290
-0.0008427444
-0.0014051094
-0.0040308428
0.0139987841
0.0083553540
-0.0138275987
-0.0053927782
-0.0011122420
0.0108736185
0.0033554269
-0.0034679475
0.0193237979
0.0602187514
-0.0004791757
-0.0192399137
0.0014591061
-0.0011672148
0.0009077940
-0.0056410371
-0.0122934477
-0.0123593239
-0.0060326713
-0.0277912561
0.0037715707
0.0064980634
-0.0009953938
-0.0007586908
-0.0014815773
0.0041149119
-0.0014442020
-0.0012244652
0.0029799640
0.0111598056
0.0113571445
0.0091922767
0.0098025408
0.0087511968
0.0000770108
0.0116555430
0.0214837063
-0.0039448696
-0.0104432730
-0.0091137579
0.0030871884
0.0101774754
0.0037833629
0.0010549958
0.0070864977
0.0073354524
-0.0030523736
0.0066102301
0.0026305409
0.0087604569
0.0060631130
0.0007414886
0.0010409616
0.0015615656
0.0092226630
0.0015290219
0.0025027858
-0.0015761852
-0.0023394322
0.0052554775
-0.0035703413
-0.0023024217
-0.0037390855
0.0029267503
-0.0023277844
0.0009993516
-0.0011201870
-0.0022575941
-0.0013226965
-0.0086894790
-0.0058779670
-0.0126007460
-0.0228846092
-0.0213426203
-0.0096419631
-0.0065320539
-0.0009767343
0.0095464699
0.0060562589
0.0134290168
0.0077694566
0.0321229622
0.0097796647
0.0033429312
0.0097222701
0.0040902696
0.0023268678
-0.0002151845
0.0084327785
-0.0302641485
-0.0027871968
-0.0246680267
-0.0101816840
-0.0015061831
-0.0013943829
0.0014018419
0.0002173334
0.0083664078
-0.0002781931
-0.0070342324
0.0052783117
0.0131183658
-0.0044019814
0.0000128415
0.0002144255
0.0013650394
0.0070810672
-0.0116176270
0.0036790126
0.0049290489
-0.0059514889
-0.0004258382
-0.0018535078
-0.0003871771
-0.0000045129
0.0018772343
-0.0054748408
0.0091244634
0.0057636756
-0.0012121344
-0.0030678695
0.0018144858
0.0038645815
-0.0005123796
0.0004311055
-0.0037655830
0.0047462275
-0.0007806477
0.0022972475
-0.0015345215
0.0015513430
-0.0062869028
-0.0035711001
0.0003005797
-0.0031248091
-0.0046464694
-0.0057172230
-0.0024034288
-0.0061448626
-0.0042310706
0.0000953365
0.0019412205
0.0018564375
0.0006472822
0.0017753779
0.0070949420
0.0051553128
0.0037758802
0.0034916825
0.0009609822
0.0009243531
-0.0022490425
-0.0028965387
0.0015770112
0.0046113608
0.0024447835
0.0038104332
0.0030889320
-0.0039242660
-0.0025257838
-0.0034401244
0.0019918201
-0.0159283821
-0.0085835150
-0.0008572277
-0.0049072304
-0.0044208453
-0.0016914160
-0.0012122848
0.0057757786
-0.0055418531
0.0079255272
0.0080618355
0.0014663538
0.0032392493
-0.0052098921
-0.0053637619
0.0005541506
0.0084714936
-0.0061179749
-0.0179228988
-0.0058527454
-0.0001598065
0.0045834696
0.0024907168
-0.0060311439
0.0002608978
0.0055221091
-0.0011771768
-0.0055736657
-0.0022018536
-0.0055294666
0.0045286533
0.0035608236
-0.0025443754
0.0036783956
0.0061917235
-0.0041914205
-0.0017259872
0.0139414249
0.0003124609
0.0020402858
0.0008691318
-0.0034659060
0.0001732688
0.0014085479
0.0001122701
-0.0084712738
-0.0015726133
-0.0016814405
-0.0012340117
-0.0014629477
-0.0015308423
-0.0049805678
-0.0038184719
-0.0015152944
-0.0027906715
-0.0057421308
-0.0084154885
-0.0008517615
0.0017480825
0.0023340040
0.0012756508
0.0007779663
0.0020024413
0.0066405088
0.0088487230
-0.0055005569
-0.0097066518
-0.0039511393
0.0038074607
-0.0015380704
0.0101540536
0.0015153043
0.0017796715
0.0071314108
0.0040395386
-0.0023255236
-0.0043512117
-0.0010139026
-0.0142024551
-0.0191463903
-0.0054346267
-0.0091219060
-0.0104652066
-0.0053558913
-0.0060588606
-0.0045903339
-0.0045439182
-0.0112233637
-0.0097853653
-0.0100654494
0.0031761683
-0.0054360610
-0.0086675175
-0.0077965865
-0.0067856335
0.0040490655
0.0038180863
0.0174482502
-0.0229971502
-0.0348400250
0.0320410430
0.0181476511
-0.0067313658
-0.0019284145
-0.0002951045
-0.0084613506
0.0161817092
0.0075604781
-0.0126320561
0.0132512888
0.0021167458
-0.0122917499
-0.0038330692
0.0020569812
-0.0016024680
-0.0062093199
-0.0065458673
0.0119805243
0.0093644857
-0.0087780282
-0.0130573213
-0.0050186361
-0.0011848253
-0.0032261442
-0.0043811239
-0.0099608544
0.0001629831
-0.0028117804
-0.0043938784
-0.0020892648
-0.0030986897
-0.0030769147
0.0002634360
0.0020948851
-0.0040848129
-0.0002538873
-0.0012375010
0.0022372310
-0.0014696927
0.0031772929
-0.0010241715
0.0016361874
0.0021619599
-0.0100255730
-0.0060616788
-0.0031930977
-0.0004398970
-0.0007443050
0.0010351040
-0.0014791264
0.0047373185
0.0033753333
-0.0062658074
-0.0025510984
-0.0119813448
0.0015305047
-0.0000762266
-0.0015759185
-0.0008181973
0.0019890873
0.0039962884
-0.0115501117
-0.0177928805
-0.0037480555
0.0154207638
-0.0075763413
-0.0062388075
-0.0074107009
-0.0028433453
0.0026063046
-0.0195819531
0.0311960075
-0.0305095315
0.0209798682
-0.0023243236
-0.0053164321
0.0007012213
0.0045356359
0.0052360487
-0.0059977220
0.0591082200
-0.0109088393
0.0105729923
-0.0032546716
-0.0054959371
0.0014465326
0.0042721243
0.0069967560
-0.0090085855
-0.0129630836
-0.0084899338
0.0010941973
-0.0026773380
-0.0054554008
-0.0013429363
0.0037329323
0.0085502425
-0.0041099899
0.0117555615
-0.0040848944
0.0031818917
0.0051950845
-0.0013516340
-0.0008451804
0.0018995485
0.0065484992
-0.0069268527
-0.0023336725
-0.0063567907
-0.0035155332
-0.0040118098
0.0012131722
-0.0024316916
0.0014870724
-0.0028734691
-0.0023612131
-0.0001664961
-0.0050570988
-0.0025054675
-0.0043962924
0.0008975525
-0.0027349233
0.0026542081
0.0007307258
0.0000345051
-0.0049707633
-0.0043380233
0.0067172120
-0.0051306626
-0.0019216122
-0.0051843408
-0.0009483030
-0.0053198864
-0.0019871765
-0.0072357720
-0.0048640803
0.0042447424
0.0006477879
0.0011875278
-0.0025874202
0.0013023372
-0.0162641089
0.0075692642
0.0283874087
-0.0283903647
-0.0174692720
0.0066523673
0.0050907931
-0.0036065273
-0.0044724485
-0.0157112572
0.0299154595
0.0261909645
-0.0322441272
-0.0162336510
-0.0065188743
-0.0010541525
-0.0027670227
0.0005453378
0.0020887090
-0.0085374424
-0.0360083804
0.0119934296
0.0224749334
-0.0122851022
0.0006559816
-0.0061497330
-0.0002202494
0.0025107677
-0.0174718257
-0.0271224659
0.0178591311
0.0024194438
-0.0139562134
0.0019946911
-0.0081787556
0.0031373096
0.0096963337
0.0076900478
-0.0054224101
0.0076314793
-0.0044652517
-0.0024743266
0.0023856398
-0.0091655776
-0.0022208726
0.0066282279
-0.0007736631
-0.0109495632
-0.0034918853
-0.0039606206
-0.0028505397
-0.0030128919
0.0009720589
-0.0017974499
-0.0032586586
0.0042352104
-0.0074156490
-0.0013401418
-0.0035665208
0.0020329487
0.0022188753
0.0005293806
-0.0022436550
-0.0069807172
-0.0025034279
-0.0139025645
0.0047944859
0.0002481576
0.0014995378
-0.0004296975
0.0045359596
-0.0043513435
-0.0094444100
-0.0023334774
-0.0094608460
0.0001645280
0.0091007426
-0.0051631709
-0.0014787111
0.0021382882
-0.0045300266
-0.0017514374
0.0171465892
-0.0283273291
0.0175950602
0.0209681485
-0.0183461942
-0.0004123124
-0.0022292451
-0.0032768250
0.0110472608
0.0003146352
-0.0648604557
0.0593118891
0.0173463300
-0.0129291778
-0.0035584120
0.0046066558
0.0002076553
-0.0018032955
-0.0201741271
-0.0011672223
0.0141221900
-0.0113200238
0.0013580159
0.0018871942
0.0028022516
-0.0008431815
-0.0168289449
0.0051484904
0.0361092314
-0.0200171378
-0.0046774042
0.0115635889
-0.0006340786
0.0023592957
-0.0051972806
-0.0197851714
0.0124602066
-0.0006843319
-0.0079831081
0.0023292217
0.0045260997
-0.0047332728
0.0036164536
-0.0044954987
-0.0086296434
0.0050579347
-0.0028618684
-0.0032255801
-0.0047495784
-0.0032500203
-0.0008994160
-0.0000668451
-0.0025470117
-0.0007327087
-0.0071914019
-0.0045870882
-0.0031243290
0.0009675816
0.0008294037
0.0004114263
0.0018459002
-0.0009459259
0.0044538863
-0.0027557157
0.0022993202
0.0056512435
0.0016161312
0.0002049711
-0.0015638651
0.0042869714
0.0107381195
0.0190866385
0.0121963136
-0.0000456749
-0.0011607133
0.0024133220
0.0070901420
0.0085060950
-0.0007101207
0.0015586977
0.0070807422
-0.0173432864
-0.0218901783
-0.0005745410
0.0048314780
0.0017288034
0.0017638775
-0.0085645290
-0.0120431464
-0.0183999967
-0.0105902618
0.0460031591
0.0436955579
0.0010076055
-0.0102692824
-0.0053806566
0.0095886523
0.0085228002
0.0142983543
0.0226232409
-0.0102311112
-0.0515256375
-0.0153983124
0.0205926262
0.0130214086
-0.0073564211
-0.0108268661
-0.0123043098
-0.0294737294
-0.0336820260
0.0013475183
0.0055683870
-0.0102265123
-0.0087600211
0.0057899365
0.0065425318
0.0096235992
0.0229293946
0.0378610902
0.0298407171
0.0080798091
0.0022715484
0.0100329639
0.0101079661
0.0156021537
0.0183283854
0.0193827450
0.0166304689
0.0063050673
0.0078898091
0.0121346004
0.0153004890
-0.0019804349
-0.0045309830
-0.0066365926
0.0009821800
-0.0052273404
-0.0048566023
-0.0012205715
-0.0018261028
-0.0054217367
-0.0035956157
-0.0037120592
-0.0087696416
0.0029280414
-0.0009589489
0.0017485175
-0.0033715256
0.0002811252
-0.0009456082
0.0011345322
-0.0022294330
-0.0086034834
0.0027043154
0.0156936962
0.0147068426
0.0034719263
0.0020059454
-0.0000693353
-0.0023502023
-0.0051496290
-0.0164685436
-0.0002114774
0.0033842486
-0.0270776302
-0.0085926903
0.0019155273
-0.0066308058
0.0008379969
-0.0065196096
-0.0226630010
-0.0012456166
0.0154656162
-0.0479507372
-0.0278555658
0.0088412380
-0.0071793334
-0.0017343983
-0.0039214888
-0.0096831052
-0.0040546833
0.0213545952
-0.0008763916
-0.0036745225
0.0185479727
-0.0020137329
-0.0056571360
-0.0025202958
-0.0028539824
-0.0042801220
0.0054901475
-0.0037814437
-0.0082221609
0.0076115010
-0.0030349828
-0.0080309892
-0.0035818564
-0.0019448978
-0.0016106882
-0.0102660358
-0.0098062688
-0.0123308171
-0.0034264335
-0.0075806757
-0.0021884977
-0.0011942029
-0.0028154675
-0.0023393393
-0.0001693653
-0.0039951256
-0.0017304112
0.0027827970
-0.0019053310
0.0022974734
-0.0002027831
0.0012712319
-0.0019320701
-0.0023475019
-0.0050459034
0.0011055203
-0.0013903560
0.0023048152
0.0011402575
-0.0001374798
0.0032220697
-0.0016040138
0.0007493178
0.0016173489
0.0010726093
-0.0010245454
0.0014157856
0.0020886792
-0.0019163192
0.0002826662
-0.0017766173
0.0038221313
-0.0036189007
-0.0039243870
-0.0044413307
-0.0026070054
-0.0007931700
-0.0007946364
0.0045175431
0.0041819490
0.0014500250
-0.0048405393
0.0016314089
0.0013123859
-0.0012827535
-0.0003208981
-0.0057241223
0.0032062263
-0.0360392928
-0.0550854877
-0.0130744660
0.0007958849
0.0007216786
-0.0062842411
-0.0028888278
0.0034445103
-0.0057051266
0.0156383328
0.0455835462
-0.0242989808
0.0051354826
0.0019749554
-0.0001160450
0.0006278761
0.0054898686
0.0068160277
-0.0058036568
-0.0131725483
-0.0141734127
0.0013065188
0.0060683321
0.0017085129
0.0003527348
0.0003751086
0.0000328899
-0.0108952001
-0.0023724427
-0.0012321401
-0.0026412432
0.0043236362
0.0004304513
-0.0022816753
-0.0013874100
0.0016439125
-0.0060347016
-0.0000433999
-0.0019468514
-0.0012624102
0.0004046744
0.0004513254
0.0063432218
0.0031578548
0.0109166373
-0.0037400329
-0.0024675149
0.0099921953
0.0026390876
0.0074940929
-0.0030164574
0.0015210714
-0.0012733688
0.0052004135
-0.0058530495
-0.0115142893
-0.0031868157
0.0017428391
0.0096464008
-0.0080914330
0.0072074328
0.0050430568
0.0037321376
0.0011262434
-0.0205903836
-0.0035684842
0.0113005517
0.0029598649
0.0018249323
-0.0002304044
-0.0027633258
0.0059151081
-0.0016467426
0.0013926211
0.0031693585
-0.0083164545
0.0104990425
-0.0081437305
-0.0052027269
-0.0001529667
0.0200879667
-0.0002143638
0.0442411490
0.0236178935
-0.0448991396
0.0019079871
-0.0192338414
0.0084362598
0.0046171714
0.0272751302
-0.0079443194
-0.0354188308
0.0106738321
-0.0057877414
0.0074666264
-0.0022609464
0.0108426064
-0.0030384695
0.0229357406
-0.0088237897
-0.0313765295
0.0112592103
0.0048965281
0.0081172558
0.0054167248
0.0100988261
0.0013586936
0.0198736992
0.0104917856
0.0225580744
0.0324313045
0.0090587232
0.0099669816
0.0093145547
0.0051497454
-0.0003799926
0.0049542189
-0.0054292586
-0.0183732193
-0.0029353804
0.0106495535
0.0130162518
-0.0002194612
-0.0034945924
-0.0013501934
-0.0000735064
-0.0055119856
-0.0111290524
-0.0118616428
-0.0100593055
-0.0017023733
0.0000014693
0.0036325110
0.0053823204
0.0003142994
0.0010055379
0.0043806317
-0.0014032075
-0.0067456225
0.0000350624
0.0003657888
-0.0028522513
-0.0008078439
-0.0045582848
-0.0069539044
0.0074538393
0.0216786880
0.0099650510
-0.0085242223
-0.0015388258
0.0054300264
0.0019677351
0.0060242717
0.0103857508
-0.0161565300
-0.0182177536
0.0159667060
-0.0020098605
-0.0003254854
-0.0031285929
-0.0001211988
0.0021977476
0.0149691813
0.0127028963
-0.0545259193
-0.0284676868
0.0151506383
-0.0001554585
0.0003586057
0.0030786335
-0.0057933596
-0.0248324685
0.0066418718
0.0417579599
-0.0038210431
0.0041690036
-0.0006388124
0.0006339531
0.0057282741
0.0121359117
-0.0013179681
-0.0087485546
0.0226503909
0.0198765080
-0.0012487146
0.0043035708
-0.0051515531
-0.0065969881
0.0040021604
-0.0019877711
0.0035498408
-0.0152402129
-0.0094743511
-0.0209684148
-0.0100860866
-0.0021481032
-0.0056729862
-0.0021949182
-0.0070779100
0.0013830494
-0.0074235275
-0.0041428306
-0.0123630026
-0.0033319893
-0.0025405800
-0.0021685027
0.0002574576
-0.0005605501
-0.0002080911
0.0014521441
0.0005052803
0.0014647125
-0.0008828371
0.0014415638
0.0004553690
-0.0012607471
0.0021883748
-0.0015495714
-0.0035232257
-0.0043949806
-0.0023671440
-0.0015740235
0.0021521905
0.0036959248
0.0063593006
0.0051356102
-0.0013167977
-0.0065065594
-0.0053168014
-0.0009462092
0.0029880381
0.0023468568
0.0062184748
0.0073207710
0.0065050251
0.0135597615
0.0089986008
0.0082378192
0.0112859644
0.0096323295
0.0058440058
-0.0037773112
-0.0164088048
-0.0017103335
0.0029360568
-0.0121096242
0.0030035917
0.0048744199
-0.0037727971
0.0057353210
-0.0026148204
-0.0104075456
0.0140903471
0.0087963194
-0.0402393155
-0.0236287899
0.0069272453
-0.0035607507
0.0057806121
0.0059950897
0.0090459697
0.0097904187
0.0140998224
0.0028379092
0.0024733415
0.0170186609
0.0043692547
0.0024531507
0.0012449393
0.0066443123
-0.0010370739
0.0095038861
0.0014359751
0.0015134962
0.0174552761
0.0037863592
0.0024802410
0.0018318212
0.0075883917
0.0029920961
0.0022921422
-0.0015808453
0.0025469081
0.0041900468
0.0047790189
0.0002065835
0.0031355922
0.0134463003
0.0041411319
0.0023575381
-0.0049505155
0.0045983330
0.0089284582
0.0052544493
0.0019236460
0.0019867660
0.0115842028
-0.0066551226
0.0085311495
-0.0001959019
0.0042075189
0.0042469115
0.0020359843
0.0018343390
0.0073620747
0.0140738357
0.0058775218
0.0190537143
0.0101459222
0.0055559399
0.0020006804
0.0096375328
-0.0052106893
-0.0024771350
0.0206213593
-0.0066749537
-0.0110058244
-0.0104763256
-0.0034396534
0.0001578172
0.0009168184
-0.0076434957
0.0033792739
0.0197575428
-0.0542057790
0.0068909181
0.0067387004
-0.0034763427
0.0123876417
0.0061912290
-0.0061243447
0.0077037695
0.0157210808
-0.0150011145
0.0416182056
-0.0102043347
-0.0155209014
0.0255758930
0.0090658870
0.0066974689
0.0051891133
0.0079783499
0.0040749828
0.0176376980
-0.0130695645
-0.0105863735
0.0154353855
-0.0008366994
0.0051409379
0.0012328983
0.0065329568
-0.0221793558
0.0045495243
-0.0043683136
0.0036224111
0.0114196753
0.0076595764
0.0041826414
0.0039049720
0.0118056107
-0.0007356707
0.0077644382
-0.0008172743
0.0004174629
0.0077235489
0.0061086686
0.0001293486
0.0017244272
0.0021048789
-0.0018145869
-0.0044442452
-0.0006371812
0.0017573320
0.0049249283
-0.0045293043
-0.0028773211
0.0033349372
0.0016414971
0.0018947879
0.0035298527
0.0001364169
-0.0010617824
0.0045563281
-0.0012949352
0.0025076384
0.0059571969
0.0064280499
0.0013738471
0.0095804967
0.0057675838
0.0006918743
0.0139013128
-0.0020880101
0.0023133552
-0.0000820042
0.0012898734
0.0012681470
0.0465951562
-0.0200098939
0.0004136033
0.0085346242
-0.0005858100
0.0003105177
-0.0026466306
-0.0186293200
0.0520924330
0.1510656327
-0.0129719246
-0.0017011079
0.0033845946
0.0005639109
-0.0018737376
-0.0026080494
-0.0046738083
-0.0261299964
-0.0036288837
-0.0103136152
-0.0082285497
0.0106059844
0.0023492631
-0.0019060679
0.0022018719
-0.0069189607
0.0045595425
0.0146479951
-0.0048325453
0.0050885477
0.0078300619
0.0045965286
-0.0014891756
-0.0007286639
0.0023645877
0.0026140125
-0.0099095050
-0.0058394531
-0.0043512927
-0.0051961769
0.0006595420
-0.0019982352
-0.0011173491
0.0016750148
-0.0004594794
0.0008981954
0.0017642997
-0.0004219486
-0.0004402485
-0.0020148982
0.0005828300
0.0019398819
0.0002362832
-0.0014714864
0.0015251619
-0.0079371203
-0.0018828852
0.0005760838
0.0024409743
0.0000676106
0.0004016345
-0.0034238463
-0.0002836733
0.0045783762
-0.0041928100
0.0008989450
-0.0022342782
0.0001699860
0.0061868601
0.0014892782
-0.0061679999
-0.0015194927
0.0146952616
0.0177297089
0.0105466619
-0.0034730302
0.0020011910
0.0017731916
0.0012692637
-0.0007373131
0.0008700784
-0.0028116354
-0.0126383323
-0.0099722631
-0.0027844450
-0.0014661280
-0.0065137832
0.0011020931
-0.0075499285
-0.0007583565
0.0093410937
-0.0390590206
-0.0185905471
0.0118872877
-0.0051244474
0.0013281613
0.0110897981
-0.0227490067
-0.0150981555
0.0485736281
-0.0045525650
0.0030173466
0.0111994082
0.0016772806
-0.0014813475
0.0098410454
0.0006624174
-0.0105277430
0.0098712454
-0.0046206042
0.0056662229
0.0094254846
0.0028913037
0.0010165669
0.0074922377
0.0006197526
0.0050559952
-0.0069662002
-0.0160841700
-0.0039625028
0.0005399344
-0.0038317768
0.0005289188
-0.0004668102
-0.0062747556
-0.0055466583
-0.0028399243
-0.0057192938
-0.0054099299
-0.0026350098
-0.0039408440
-0.0034940480
0.0000684079
0.0031373473
0.0002391185
0.0020056949
0.0055743633
-0.0039878814
0.0026756092
-0.0032057888
-0.0019913316
-0.0003339362
0.0015244230
0.0026659863
-0.0054569743
0.0037304498
-0.0032355916
-0.0002551323
-0.0044278684
-0.0088792145
-0.0031652306
-0.0087363506
0.0155027183
-0.0002617445
0.0066640764
-0.0002819714
-0.0016489408
0.0006966788
-0.0086829606
0.0012805532
-0.0004390257
-0.0085423775
0.0077795023
0.0026281062
-0.0112855611
0.0029253713
-0.0013300389
-0.0093004610
-0.0046410952
-0.0084361089
0.0227937717
0.0318180770
0.0083440291
-0.0180200078
0.0042634835
-0.0066539827
-0.0032548301
0.0005418250
0.0027897826
0.0487170257
0.0240607504
0.0113507239
-0.0148671139
0.0071920771
-0.0071271318
-0.0015693218
-0.0054096584
0.0018883316
-0.0078594545
-0.0107087130
-0.0059171184
-0.0225829054
0.0027082975
-0.0065373792
0.0065025617
0.0029524185
-0.0057804487
0.0108887162
0.0059953150
0.0042050043
-0.0011503564
0.0029149619
0.0006044041
0.0017871573
0.0000962662
0.0001736120
0.0099186664
0.0021188676
0.0069648218
0.0016200619
0.0012528087
-0.0012314101
0.0001380142
0.0000327282
-0.0029431074
0.0019431954
-0.0051289401
-0.0001857020
-0.0029510381
-0.0025750666
0.0015539307
0.0020905582
-0.0000309852
-0.0021944204
0.0075174836
0.0022190274
0.0001870447
0.0048083016
-0.0031934194
0.0013123468
0.0052048485
-0.0009657695
-0.0015133979
0.0085101966
0.0095389346
0.0103702042
0.0078045274
-0.0003471792
0.0064443895
0.0003226048
-0.0005650680
-0.0091825249
-0.0069964561
-0.0436178371
0.0043690572
-0.0017028255
-0.0082056988
0.0003861289
0.0044314247
0.0089436453
-0.0073939385
0.0145650608
-0.0404113121
-0.0001052832
0.0032007862
-0.0068596154
0.0026478891
0.0034690034
0.0008024173
-0.0138688032
0.0022523787
-0.0290505346
-0.0005489024
0.0100114848
-0.0005642683
0.0055718455
0.0026998110
0.0025254120
-0.0048147589
0.0076430673
-0.0061593181
0.0095214937
0.0099819079
0.0024874443
0.0018789184
-0.0005325042
0.0010589482
-0.0088766618
0.0049223960
0.0020802831
0.0032939706
0.0007821813
0.0010975301
-0.0004131402
0.0021678107
0.0010485194
-0.0060404753
0.0070979530
0.0033584470
0.0027096844
0.0039461958
0.0022156141
0.0008425552
0.0050473763
0.0054804548
0.0085516023
-0.0101150004
-0.0079656336
0.0104398951
0.0002052040
-0.0031865574
-0.0002087523
0.0001871894
0.0024584397
0.0124743022
-0.0096809473
-0.0103762345
0.0104044229
-0.0034209345
0.0041834963
-0.0026121410
-0.0009742956
0.0082346415
0.0173666235
-0.0068539102
-0.0205026213
0.0089395903
-0.0058177002
0.0054775281
0.0006006862
-0.0052229948
-0.0031408037
0.0168931149
-0.0233694278
-0.0235069897
0.0385513641
-0.0192546695
-0.0054369322
-0.0030959987
-0.0057040816
0.0009558881
0.0267204791
-0.0234233905
-0.0035327859
0.0323570557
-0.0369080119
0.0160228759
-0.0012687001
0.0007734683
0.0083251847
0.0098173749
-0.0170388017
0.0321317352
-0.0251029655
-0.0207062252
0.0352837183
-0.0024424172
0.0095403427
0.0050486820
-0.0023511238
-0.0019248337
0.0047242926
-0.0212368816
0.0055381279
0.0129834777
-0.0030591523
0.0041716192
-0.0006778770
0.0086948099
-0.0001343873
-0.0061833416
0.0130195944
-0.0060892305
0.0007132791
0.0022124657
0.0000834078
0.0019265326
0.0079383496
-0.0079234540
-0.0069218269
0.0054511754
-0.0074927253
0.0012438697
0.0002236737
0.0047456734
0.0045795166
0.0003662377
0.0057755900
0.0063973060
-0.0006613724
0.0091120480
0.0119384155
0.0078328857
0.0010392192
0.0010587426
-0.0003631487
0.0101238340
0.0085288426
-0.0098748310
-0.0031415559
0.0037954068
-0.0000768954
-0.0049730218
0.0026535455
0.0067301625
0.0088548185
0.0025950025
0.0008837911
-0.0119092911
0.0024182694
0.0023310219
-0.0060436274
0.0055847289
-0.0003537061
-0.0148341237
0.0105714109
-0.0034073833
-0.0130589446
0.0311714355
0.0063460665
0.0008274668
0.0028792862
-0.0167458169
-0.0072420491
0.0538276471
-0.0403097570
-0.0010873834
0.0314751528
0.0007535291
0.0075335125
0.0058882595
-0.0132662877
0.0344380923
0.0340812653
-0.0474575572
0.0100111496
0.0084682237
-0.0005795784
-0.0012709751
-0.0021520308
-0.0089919912
0.0176711902
-0.0079994584
-0.0080181137
0.0123491520
-0.0012075094
-0.0021784189
-0.0018205327
0.0031683107
-0.0011003772
-0.0012659866
-0.0049673426
0.0101353368
0.0057504857
-0.0044472162
0.0017578306
-0.0008930945
0.0056861243
0.0059997803
0.0038676276
-0.0004548804
0.0100732986
0.0019236378
0.0034910338
0.0028383622
-0.0064535271
0.0019361841
-0.0044374075
-0.0010440968
0.0016575721
-0.0072531430
-0.0074329823
0.0107830428
0.0029653271
-0.0070265522
0.0054398472
-0.0005895181
0.0043787453
-0.0012444427
-0.0123563176
-0.0050389986
0.0173774157
0.0041965377
0.0004798107
0.0076911701
-0.0099965455
0.0081874551
0.0069038854
-0.0103747202
-0.0015625058
0.0206285249
0.0071898978
-0.0072078593
0.0052697659
-0.0124277174
-0.0027070025
-0.0054953545
-0.0070404154
-0.0157991126
0.0147003178
0.0020603079
-0.0085401013
-0.0013230273
-0.0050203945
-0.0293976422
-0.0168191642
-0.0003772717
-0.0171363689
0.0054986482
-0.0000499648
-0.0072683459
-0.0001046574
0.0155952619
-0.0165409129
-0.0174249969
0.0093253097
-0.0076722051
0.0137319239
-0.0022328051
-0.0045843897
-0.0002543268
0.0085106799
-0.0085331723
-0.0054954556
0.0063046305
0.0048520966
0.0142261535
0.0034976632
-0.0039434670
0.0005568150
-0.0083791902
-0.0033867063
-0.0123983864
-0.0035529837
0.0060125613
0.0104683507
-0.0030641500
-0.0048272633
0.0033219201
-0.0073746154
0.0024471572
-0.0069227037
-0.0033997572
0.0047686808
0.0089254780
-0.0034707815
-0.0004411215
-0.0014142136
-0.0075994870
-0.0073810108
0.0010612139
0.0025690976
0.0011897834
0.0006559434
0.0003506294
-0.0045620464
0.0055298903
0.0055390131
0.0046583591
0.0020124442
-0.0043388703
-0.0018783743
0.0060129464
0.0047204499
-0.0005095894
0.0044723568
0.0146767702
0.0105912760
0.0052972655
-0.0007353084
-0.0028527030
0.0034498253
0.0070290281
-0.0041537159
-0.0038563022
-0.0055380552
-0.0148332398
-0.0157048814
0.0181350019
0.0011557593
-0.0133444965
-0.0018592544
0.0008383339
-0.0018426001
-0.0017755704
0.0096484330
-0.0264345128
0.0008390719
0.0237725563
-0.0070271404
-0.0085387416
0.0028509120
0.0006343754
-0.0133854793
0.0063949795
0.0398307145
-0.0310625751
-0.0116050467
0.0038347444
0.0025270097
-0.0024889119
0.0029218968
0.0040048785
-0.0150454026
0.0196753778
0.0151118385
-0.0126278643
0.0028648991
0.0027726984
-0.0063423193
-0.0027604816
0.0095961271
0.0004747298
-0.0235918257
-0.0016439839
-0.0021018013
0.0010258325
0.0030023730
0.0016985994
-0.0042677298
-0.0016029108
0.0014867575
-0.0077068987
-0.0021738056
0.0029240865
-0.0027122942
0.0007222549
0.0008539074
-0.0026258593
-0.0015832012
0.0010559137
0.0059778164
0.0059912321
0.0000251211
0.0066853222
0.0041542575
-0.0011877812
-0.0068312897
-0.0070667122
-0.0011371552
0.0004276752
-0.0094343191
-0.0063256924
-0.0012417616
-0.0032420345
-0.0024495393
-0.0072694593
0.0034589160
0.0040128422
-0.0017205316
-0.0192263667
0.0070766569
0.0044907075
-0.0054436876
0.0027769192
0.0027089992
0.0076257121
-0.0042679561
0.0200343467
0.0218806881
0.0118802916
-0.0016968432
0.0012342172
-0.0041533080
-0.0023934420
-0.0068108980
-0.0267627183
-0.0225001089
0.0078176651
0.0142909409
-0.0029504525
0.0027414197
-0.0064224009
-0.0039143232
0.0050700265
0.0020767499
-0.0027416442
-0.0319126584
-0.0085158758
-0.0017054745
-0.0093421144
-0.0101479236
-0.0056145997
-0.0059686312
0.0000639261
0.0231067296
-0.0027471513
-0.0105707869
-0.0114782406
-0.0072689429
-0.0000019982
0.0015640593
0.0050632330
-0.0005250627
-0.0040104929
-0.0026324219
0.0121983346
0.0147930589
0.0096856486
-0.0040512918
-0.0056574256
0.0060226927
0.0041878247
0.0025833205
-0.0029580919
0.0025499943
0.0052689700
0.0063823340
-0.0020735054
0.0005269224
-0.0001059788
0.0010129032
-0.0053401925
0.0040842989
0.0061442265
0.0046955203
0.0008132795
0.0060648397
0.0062099956
-0.0007757438
0.0088443281
0.0026137794
0.0046445369
-0.0013426859
-0.0004174241
0.0011118816
0.0024502736
0.0048801824
0.0027365522
0.0213508811
0.0280053765
0.0162708424
-0.0100464895
-0.0067635188
-0.0016741654
0.0025062163
0.0015461859
-0.0004730619
0.0021841277
-0.0386970639
-0.0071545187
0.0117096351
-0.0010790363
-0.0012594964
0.0043203221
0.0158369672
0.0228793416
-0.0189544372
-0.0912869945
-0.0026515317
0.0070316182
-0.0075607505
0.0020509704
-0.0071447399
-0.0032541342
-0.0004902903
0.0122720739
0.0165306237
0.0442347378
-0.0018169389
-0.0152819427
-0.0057746056
0.0094634527
0.0064495690
-0.0053125490
0.0117888283
0.0071597267
0.0100299176
0.0085095782
0.0032965292
-0.0011575443
0.0026162229
-0.0007820011
-0.0037419652
-0.0079777185
-0.0194817167
-0.0144015765
-0.0000294134
0.0003793538
0.0005609188
-0.0011158504
0.0056222072
0.0019635896
0.0008552816
0.0014856249
0.0048247972
0.0013463739
-0.0028840296
-0.0005482349
-0.0064210696
-0.0045227781
-0.0051491167
0.0024544043
0.0006645135
0.0002946856
-0.0030532337
0.0003969355
-0.0019139918
-0.0018854296
-0.0002245002
-0.0059898547
0.0041664802
0.0005186339
-0.0038124693
-0.0047796103
0.0010115835
0.0001602654
-0.0038948385
-0.0041731945
-0.0046282853
0.0063146870
-0.0056563206
-0.0165327247
-0.0087732598
-0.0019856775
-0.0041756071
0.0020927377
-0.0023500973
-0.0131227802
0.0093457308
0.0067042680
-0.0013605686
0.0041328450
0.0030391489
-0.0021630840
0.0012061667
-0.0034495248
-0.0198899563
-0.0012095654
0.0043755402
-0.0098995008
-0.0016682959
0.0076823211
-0.0043050381
0.0042226454
-0.0006523037
-0.0140964696
0.0214946028
0.0157569814
-0.0312199593
-0.0102195628
0.0077549294
-0.0008429603
0.0007708445
-0.0051661800
-0.0144200698
0.0040880074
0.0038444216
-0.0105126146
0.0004169506
-0.0072866092
-0.0033571152
0.0010250838
-0.0044562230
-0.0078694951
-0.0004032873
0.0026894398
0.0119982846
0.0046587861
0.0011575165
-0.0005478571
-0.0039682151
-0.0038367754
-0.0084093781
-0.0026006661
-0.0061730421
0.0014908887
-0.0031143646
-0.0044400115
-0.0050173784
0.0028813330
0.0011934253
-0.0013025698
-0.0000244011
-0.0033221359
0.0043937177
0.0090346597
0.0090932902
-0.0000590371
-0.0022095894
-0.0029328244
-0.0039076544
0.0006302820
-0.0018807673
0.0012786188
-0.0060520396
-0.0031357019
-0.0073748720
0.0063410909
0.0036768105
-0.0097824037
-0.0020075624
-0.0122173196
0.0009948547
-0.0029465375
-0.0051990510
-0.0094192373
-0.0052633346
-0.0027652285
-0.0065839477
-0.0019403232
-0.0086556226
-0.0007900473
-0.0052214498
0.0093638636
-0.0068404162
-0.0019906254
-0.0019745154
-0.0008306831
0.0320553556
0.0554386713
0.0328788273
-0.0030743661
0.0229427516
0.0005376961
0.0020333140
-0.0102278683
-0.0159210656
-0.0175338499
-0.0481603593
-0.0635654703
-0.0379142426
0.0113961119
-0.0024027110
0.0022721549
-0.0067663393
-0.0035158822
-0.0029129826
0.0031372374
0.0230795927
0.0070742127
0.0007062405
-0.0042024348
0.0040827990
-0.0029640393
-0.0018184738
0.0006704255
-0.0092691174
-0.0030523669
0.0013091731
-0.0008461984
-0.0094992816
0.0017810441
-0.0027083373
-0.0005360577
-0.0067867031
-0.0092648268
-0.0012174379
-0.0055079791
-0.0014663079
-0.0089785652
0.0040367194
0.0058174003
0.0079830671
0.0007190300
0.0039272490
0.0041279597
0.0040594009
0.0033762432
0.0037502865
0.0033093684
0.0044189505
0.0096658412
-0.0004548394
0.0032065765
0.0039460091
0.0050228308
0.0038971212
0.0033525852
0.0054969531
0.0080038458
0.0047775810
0.0075322869
0.0202067904
0.0142384982
0.0077782241
0.0023828049
0.0080666365
0.0104562463
0.0027414765
-0.0025127931
0.0051800492
0.0082248682
-0.0072764452
-0.0008567313
0.0055411295
0.0070807966
0.0066609522
0.0049206037
0.0023741717
0.0004601326
-0.0204370525
-0.0362294614
-0.0271821693
-0.0028973215
0.0048304927
0.0118858684
0.0052121417
0.0097245350
0.0015614417
0.0603383929
0.0571533591
0.0132301925
0.0116833923
0.0140305646
0.0065048109
0.0048500993
0.0113681927
-0.0134637021
-0.0151393423
-0.0059580370
0.0055362210
0.0171915740
0.0086507965
0.0028208671
0.0062156781
0.0071955980
0.0081336033
0.0160499476
0.0082855280
-0.0027370991
0.0028044281
0.0083212471
0.0075640553
0.0067104395
-0.0006719741
0.0077839755
0.0033905809
-0.0033705162
0.0044452432
0.0035104097
0.0037362736
-0.0033171163
-0.0002616861
-0.0010322469
0.0003336854
0.0022960487
0.0003738051
-0.0006134239
0.0044185561
-0.0009622091
-0.0007059386
0.0006958194
0.0025812797
0.0031354798
0.0011008282
-0.0024151490
-0.0019632163
-0.0010139800
-0.0020791502
-0.0011903533
0.0111314906
0.0126129733
0.0144927232
0.0164605118
0.0178012755
0.0052279965
0.0059740609
0.0015280426
-0.0072527747
0.0000825129
0.0001407654
-0.0017007528
0.0176265743
0.0060077417
-0.0137399314
0.0069098421
0.0050292145
-0.0028709664
-0.0017607521
-0.0007170856
0.0035662835
-0.0145906396
-0.0001167165
-0.0047041140
0.0126332045
0.0012515135
-0.0059032356
-0.0008254754
0.0080511924
-0.0135125415
0.0345702469
0.0215659216
-0.0150414603
0.0018540622
-0.0047555715
-0.0048571783
-0.0033191377
-0.0051540225
0.0012687043
0.0148529904
0.0140120238
0.0016150792
-0.0052787485
-0.0017880659
-0.0013913569
-0.0018688288
-0.0047170306
0.0034292962
-0.0019091414
-0.0026631211
-0.0036388186
-0.0056103305
-0.0047306838
-0.0005633092
0.0020556164
0.0059178253
0.0082206838
0.0082528321
0.0088594081
0.0027290285
-0.0027720931
-0.0006451556
-0.0002160376
-0.0004014432
0.0013177460
-0.0051189708
0.0024905144
-0.0036499125
-0.0018475868
-0.0086550862
-0.0024280064
0.0017555985
-0.0002215019
0.0075584254
-0.0042140237
0.0038170558
-0.0028412852
0.0027384469
-0.0058315806
-0.0008050898
0.0004240950
-0.0044975956
0.0008002481
-0.0169745218
-0.0053265914
-0.0023020785
0.0035770200
-0.0020923577
-0.0021203794
0.0033700655
0.0002438091
0.0109857675
-0.0048331530
0.0030580519
-0.0080522522
-0.0037994410
-0.0064896853
0.0004825548
0.0036715667
-0.0027007090
0.0189167541
-0.0111421049
-0.0188454445
-0.0046009147
0.0062636714
-0.0152259432
0.0001121872
-0.0001997271
-0.0016721451
0.0195491761
-0.0343870334
-0.0272035059
0.0193108004
0.0152208935
-0.0218239762
-0.0021501738
-0.0059606880
0.0058456711
0.0186466556
-0.0189921092
-0.0144428508
0.0041016596
0.0037909285
-0.0117150247
-0.0019824940
-0.0108435880
0.0000277267
0.0156333279
-0.0093612932
-0.0042413096
-0.0031732027
0.0021200012
-0.0059649739
-0.0038847090
-0.0072115213
-0.0021401222
0.0075745331
-0.0083318548
-0.0023251115
-0.0040953229
0.0019692641
-0.0048027635
-0.0024873964
0.0039981361
0.0054335985
0.0063377349
0.0026459512
-0.0080901403
0.0034712229
0.0040454115
0.0037489510
0.0080113616
0.0010696828
-0.0048081409
0.0040184748
-0.0045783194
-0.0044192965
0.0064911623
-0.0046124891
-0.0026827489
0.0008968359
0.0004872802
-0.0039987192
-0.0010803932
-0.0011787522
-0.0074750609
0.0022672303
-0.0064772693
-0.0109548047
-0.0081299609
0.0060938275
0.0000791703
-0.0115347533
0.0208647270
0.0045777732
-0.0214632526
0.0237069353
0.0039556371
-0.0002913050
0.0021380286
0.0051931781
-0.0101204636
0.0147696706
0.0530499369
-0.0641713664
0.0155753260
0.0230983645
0.0043490878
0.0019449744
0.0073608486
-0.0007704770
-0.0239905901
0.0441195704
-0.0286709368
-0.0239102263
0.0252700467
0.0026514560
-0.0015225832
0.0047526765
0.0070453002
-0.0199446604
0.0041662971
0.0128456363
-0.0286336336
0.0068224529
-0.0070977346
0.0003378406
0.0063567408
0.0103655569
-0.0003010738
-0.0100277765
0.0123347770
-0.0029093311
0.0124480771
0.0053367019
-0.0000007949
0.0016282431
0.0066964207
0.0048936210
-0.0053211106
0.0067317435
0.0013237919
0.0053496379
0.0048159254
-0.0024403594
-0.0003603913
0.0030020922
0.0002856223
0.0000441058
-0.0020385906
-0.0057623116
-0.0138148665
-0.0001246577
-0.0037773540
-0.0008267064
0.0001402571
-0.0105419960
-0.0117382780
-0.0014340528
0.0056535434
-0.0105269970
0.0001424136
-0.0073191104
0.0020831865
-0.0031117522
-0.0189699270
-0.0156165268
-0.0055528227
0.0066184765
0.0042833928
0.0051966840
-0.0079903286
0.0057675499
0.0116403932
0.0099137975
0.0189276654
0.0039818059
-0.0007250931
-0.0144872190
-0.0024460335
-0.0084403483
0.0076164096
0.0244216565
-0.0211737286
-0.0402953476
0.0067428364
0.0060011852
-0.0207164362
-0.0038110323
-0.0092820693
0.0048342948
0.0155264894
-0.0140429437
-0.0131460996
0.0300728511
0.0264609177
-0.0088500250
0.0030806654
-0.0042640972
-0.0034913931
-0.0139288707
-0.0051331888
0.0041026883
-0.0058709714
0.0041887164
-0.0049719173
0.0002633623
-0.0003698274
-0.0014400810
-0.0117123388
-0.0050019110
-0.0178673789
-0.0202020034
-0.0000233614
-0.0087185269
-0.0051746303
-0.0047621853
0.0015097845
0.0021185894
-0.0043298830
-0.0036605108
-0.0025475665
0.0036898199
-0.0047716540
-0.0020311319
-0.0010404547
0.0001909011
0.0062209205
-0.0041481345
-0.0005700599
0.0015371996
0.0007590976
-0.0006708427
-0.0004538435
-0.0000662627
0.0034504733
0.0105011286
-0.0024163332
-0.0018877070
-0.0043849875
0.0014608245
0.0000816469
0.0006179286
-0.0062509733
-0.0010788189
0.0117909117
0.0024842427
-0.0080359103
-0.0049337135
0.0001060951
0.0013863595
-0.0017531601
-0.0022816292
-0.0023348564
0.0043725111
-0.0043706140
-0.0103753898
0.0014245233
0.0084966291
0.0019294036
-0.0002262760
-0.0007257775
-0.0016346009
-0.0135887107
0.0156375952
-0.0049998681
-0.0084350416
0.0006714537
-0.0082670599
-0.0039069462
-0.0025842965
0.0001593166
-0.0079235975
0.0332704745
-0.0164528284
-0.0096443556
0.0068141301
-0.0006189632
-0.0012693065
-0.0009692925
0.0025169230
-0.0007896952
0.0086338250
-0.0131087191
-0.0018946887
0.0143821314
-0.0024838410
-0.0029304884
-0.0043249293
-0.0039798976
0.0050352253
-0.0035856459
-0.0011158501
-0.0065956316
0.0043395613
-0.0037305686
-0.0091066482
-0.0067250184
-0.0061674854
0.0027065289
-0.0041439813
-0.0016581415
-0.0019587073
0.0044596586
0.0010591802
-0.0009028782
-0.0009137344
0.0009575082
0.0012174109
-0.0043982319
-0.0081827519
-0.0002266079
0.0024123238
0.0005304515
-0.0000317773
-0.0006386162
-0.0001284551
0.0035964909
0.0005203745
-0.0010428211
0.0085103987
0.0029037541
0.0023697852
0.0007838255
0.0023786020
0.0044176979
0.0009150405
-0.0038428372
-0.0073637860
-0.0004457405
0.0048133181
-0.0019455154
-0.0051847142
-0.0060059126
0.0035210524
0.0087473327
-0.0039706565
-0.0240777917
0.0259987433
-0.0136348112
-0.0011825731
-0.0022280633
-0.0064030821
0.0000711936
0.0016715131
-0.0160674248
-0.0322815329
0.0747381672
-0.0308409687
-0.0071166554
-0.0088895978
-0.0040057283
0.0048082061
0.0077741821
0.0047622779
-0.0283069294
-0.0192185640
-0.0058470448
-0.0031354877
-0.0057295887
0.0010793144
0.0024470876
0.0027329025
0.0095642656
-0.0033153726
0.0175921544
0.0096870093
-0.0022187280
-0.0024456705
-0.0057912641
-0.0016945723
-0.0114805019
-0.0076167379
-0.0173372887
-0.0022142904
0.0047673672
-0.0032207421
-0.0068960828
-0.0051781056
0.0014260408
-0.0024169586
-0.0022100578
-0.0078705316
0.0064021060
0.0018342545
-0.0029992817
-0.0052170223
0.0066060321
0.0057850829
0.0016976580
0.0036057115
0.0015318460
0.0014489959
0.0068387045
0.0039742170
0.0063447757
0.0032340088
0.0006592297
0.0048746369
0.0026576149
-0.0003078657
0.0027776673
0.0134040257
0.0008897817
0.0014727187
-0.0012263499
-0.0006190439
0.0038600850
0.0047567468
0.0091058919
0.0161108281
0.0162559338
0.0001309980
0.0002503113
-0.0009948838
-0.0031123604
-0.0022323686
-0.0121777691
-0.0145400744
-0.0082660932
-0.0052770530
-0.0089839688
-0.0036939981
0.0033234700
0.0002886596
-0.0016293211
-0.0004545618
-0.0189614985
-0.0272490084
-0.0024712305
0.0037369181
0.0046241782
0.0039646388
0.0000219515
0.0007976480
0.0077093672
0.0272388514
0.0240545142
0.0123276021
0.0036156287
0.0016760175
-0.0008515383
-0.0005890200
0.0009741369
-0.0089784982
-0.0041624419
0.0049287174
0.0094200503
0.0089017292
0.0018231695
0.0023365782
0.0022931215
0.0008134199
-0.0036990459
-0.0076125599
-0.0115915770
-0.0092955390
-0.0013244592
-0.0012698072
-0.0009994721
-0.0032531295
-0.0029029569
-0.0050520487
-0.0071341805
-0.0001224276
-0.0021784978
-0.0077526490
-0.0085374089
-0.0050454587
-0.0002197181
0.0019842405
-0.0004075353
0.0000286527
0.0013994894
-0.0064244219
-0.0073902104
-0.0044530719
-0.0026391977
0.0007506481
0.0002391363
-0.0011846739
-0.0067173941
-0.0086950613
-0.0008030781
0.0111103244
0.0031224489
0.0063674278
0.0078241294
0.0019174222
-0.0042607668
-0.0150872851
0.0079277810
0.0181831568
0.0097562503
0.0041918950
-0.0078289323
-0.0073921490
-0.0112344874
0.0116904210
0.0250848085
-0.0059853089
-0.0202945005
-0.0187157579
-0.0117723523
0.0036120981
0.0038037961
0.0133236945
0.0029237114
-0.0397443734
-0.0363210626
-0.0082269218
0.0011054467
-0.0010142220
-0.0095076337
-0.0104203150
-0.0147012034
-0.0145309903
-0.0093566226
0.0299378186
0.0123605309
-0.0095693907
-0.0119040599
-0.0021822320
-0.0012234490
-0.0041341372
0.0080331070
0.0054167355
-0.0034183147
-0.0081403926
0.0008372194
-0.0037005092
0.0026796854
0.0065197870
0.0037005725
-0.0093030501
-0.0269296560
-0.0193053707
-0.0093767894
0.0114178034
0.0063550691
-0.0125107756
-0.0096345702
-0.0175444633
-0.0103994980
-0.0097521991
-0.0057096719
-0.0046102591
-0.0061980216
-0.0097878333
-0.0049641100
-0.0092559215
-0.0004523250
-0.0014133067
-0.0102360388
-0.0090413569
-0.0024604937
0.0072967736
-0.0019882715
0.0058355783
-0.0074119633
0.0048391349
0.0047388328
-0.0204291716
-0.0026571918
-0.0013336155
0.0044827624
-0.0015259522
0.0013558491
-0.0148049798
0.0083727660
0.0150955012
-0.0344501287
-0.0028751604
-0.0049190242
-0.0030646308
0.0015549324
0.0056687137
-0.0080336202
-0.0120086642
0.0102460999
-0.0179532282
-0.0112982998
0.0085874042
0.0058969748
-0.0015744348
-0.0022537976
-0.0013543876
-0.0056002713
0.0060694297
0.0266191848
-0.0198002439
0.0113686305
0.0114267729
-0.0036154529
-0.0030321444
-0.0026429188
0.0137322741
-0.0216937102
0.0226162579
-0.0354456007
-0.0008611316
0.0093951058
-0.0012597936
-0.0076644239
-0.0067407815
0.0234108493
-0.0230231583
-0.0081702042
-0.0204898696
-0.0081608752
0.0093370853
0.0039341343
-0.0014128799
-0.0096331798
0.0109162638
-0.0162258390
-0.0066017383
0.0086281532
-0.0003323117
0.0068566683
0.0006114632
-0.0079359412
-0.0120214541
0.0016029836
-0.0153462617
-0.0150814867
0.0063507748
0.0046864618
-0.0011565660
0.0023427492
0.0025194089
0.0022725943
0.0033631832
-0.0019896613
-0.0021867815
0.0005359774
0.0020458077
0.0049696774
0.0003886448
-0.0017981218
-0.0011901186
0.0006295694
-0.0030372026
-0.0046060621
0.0004237369
0.0011218748
-0.0018602086
-0.0034760837
0.0064906054
0.0036588258
0.0040215924
0.0081477258
0.0070318514
0.0104591288
0.0102581810
0.0035856492
0.0014844997
-0.0003340325
-0.0023517776
0.0011278546
-0.0074454220
-0.0029615962
0.0031560385
-0.0026187021
0.0037361721
0.0023909151
-0.0097319102
-0.0015326793
-0.0030840626
-0.0161088854
0.0101056239
-0.0016058683
-0.0217169132
-0.0007642285
-0.0036722568
-0.0015654861
0.0054725478
0.0188369267
0.0037583087
0.0044761212
0.0121149831
0.0027484719
0.0094261104
0.0013910087
0.0060487203
0.0000287178
-0.0058413944
0.0057717613
-0.0370026603
-0.0244682580
0.0088363066
-0.0122621628
-0.0038075123
0.0038239511
0.0029033485
-0.0062415232
0.0176270567
0.0108527141
0.0175532978
0.0146641871
-0.0029698324
0.0011204317
-0.0032282386
0.0026221361
0.0006612252
-0.0018287079
-0.0056303558
0.0030786865
0.0022872149
0.0028502259
0.0043675685
0.0011575538
0.0008025179
-0.0010052499
0.0041099847
-0.0094169294
0.0075481655
0.0014174083
-0.0002194400
-0.0013422313
0.0013545303
-0.0015390312
-0.0021045329
0.0056908065
-0.0105128270
0.0019101750
0.0048967516
0.0034518086
0.0017401073
0.0060940874
0.0027149119
0.0024114700
0.0073185819
-0.0055333711
-0.0012693115
0.0044064983
0.0017647436
0.0050106817
0.0027996581
-0.0022635958
-0.0024415494
0.0031254687
-0.0104386136
0.0172832143
0.0114957700
-0.0019916375
0.0034726951
0.0090681687
-0.0011167513
-0.0061292290
-0.0015188551
-0.0293761156
0.0401470810
0.0234293323
-0.0121209100
0.0087328432
0.0080456790
-0.0059786132
-0.0088430243
0.0377472676
-0.0134420153
-0.0117720217
0.0047723283
-0.0128209908
0.0015127233
0.0063778418
-0.0085039958
-0.0164327286
0.0319109932
-0.0019654010
-0.0114561599
0.0066092997
-0.0019751280
0.0011319336
0.0036977611
0.0014598919
-0.0115902461
0.0053932676
-0.0075140516
0.0083140330
0.0143676857
0.0006866224
0.0038103252
0.0040562162
0.0068939426
-0.0004725206
0.0103673413
-0.0066979500
0.0061067580
0.0064608986
0.0054626432
0.0042216917
0.0048778867
0.0044079693
0.0093033770
0.0055156508
0.0095900167
0.0108969491
0.0102828071
0.0037919700
0.0042614425
0.0100617474
0.0034258624
0.0127698742
0.0043392773
-0.0040511112
0.0022810008
0.0129534416
0.0075405990
0.0111231077
0.0062144822
0.0043669161
0.0070183054
0.0040068082
-0.0184123404
-0.0080124652
-0.0017356625
-0.0098441383
0.0103747500
0.0049582343
0.0080554606
0.0264899414
-0.0119671421
-0.0130171850
0.0591395311
0.0099882213
0.0020472356
0.0214282870
0.0045991424
0.0029187121
0.0102747642
-0.0178389177
0.0040316875
0.0961060524
0.0127296010
-0.0130272284
0.0156975891
0.0054084072
0.0067351535
0.0184424836
0.0028666258
-0.0278247129
-0.0119151697
-0.0083881831
-0.0089583443
0.0144791640
0.0166132972
0.0147058228
0.0180781577
0.0203015991
0.0360815935
0.0332394838
0.0187581219
0.0118228924
0.0172771588
0.0080078999
0.0040408182
0.0124801798
0.0004678884
0.0017054416
0.0008077446
0.0090478091
0.0093483925
0.0117164273
0.0059472527
0.0029652508
0.0081576668
-0.0009483452
-0.0018495792
-0.0008550012
0.0013106419
0.0044730981
0.0082337037
-0.0024664956
-0.0033332685
0.0015759108
-0.0109684542
-0.0087871570
-0.0024388451
-0.0017332615
-0.0046089999
-0.0008247073
0.0014700850
0.0025345760
0.0052251820
-0.0010354755
0.0044944249
0.0097882934
-0.0009639892
0.0043411744
0.0111372899
0.0077396198
0.0030445962
0.0123862009
0.0161444731
0.0108277341
0.0033683276
-0.0109429015
-0.0031636804
0.0096100066
-0.0040805135
-0.0021831165
0.0021647045
-0.0251907241
-0.0205398388
0.0066922437
0.0000564194
-0.0163478516
-0.0033460413
-0.0047580567
-0.0000024539
0.0011266555
-0.0054708938
0.0346119404
0.0356230699
0.0159890391
-0.0078792535
0.0007517727
0.0000896198
-0.0013082990
0.0020338965
0.0035729075
-0.0074423626
-0.0221427474
-0.0100020841
-0.0082450397
0.0034288315
0.0068610618
0.0007754978
0.0010514893
-0.0025385278
-0.0068300827
-0.0063596214
-0.0003351496
-0.0006694571
0.0052350555
0.0031204214
0.0026657574
0.0019379341
0.0046715355
0.0174795818
0.0316189602
0.0148264961
-0.0012910529
0.0042714351
-0.0011186266
-0.0006463120
0.0010457337
0.0001135715
0.0009336554
0.0053803301
0.0004568093
-0.0025702727
0.0024511453
0.0038114951
-0.0016193950
-0.0068314653
-0.0028507607
-0.0041763186
-0.0096818572
-0.0091427062
-0.0082006613
-0.0023519455
-0.0001727264
-0.0028567391
-0.0041713910
-0.0030876226
-0.0031868331
-0.0014253408
-0.0004090196
0.0032876197
0.0004206675
-0.0013439171
-0.0084088789
-0.0062608239
-0.0078895232
-0.0099113192
-0.0055775829
-0.0011667863
-0.0052866745
-0.0092664827
0.0058322405
-0.0059308885
-0.0048619397
0.0019270529
0.0064780372
-0.0119714243
-0.0015381791
-0.0028184222
-0.0006201079
0.0031092928
-0.0107244765
-0.0084640775
-0.0074438648
0.0177737530
-0.0125900721
0.0019959351
0.0039826781
0.0018183105
0.0042789471
-0.0057503451
-0.0093459645
0.0048637674
0.0258894693
-0.0159288552
0.0016588371
-0.0005824652
-0.0049126768
0.0021668854
-0.0025751437
-0.0071529276
0.0020121671
0.0057336139
-0.0118416240
0.0046236371
0.0060496926
0.0007804414
-0.0029814406
-0.0036273871
-0.0088236472
-0.0028744235
0.0099819219
-0.0081013991
-0.0037812439
-0.0026206621
-0.0051838686
-0.0133072818
-0.0069518271
-0.0100753233
-0.0070760893
0.0015728391
-0.0141045488
-0.0080832113
-0.0048725698
-0.0045051984
-0.0039978428
-0.0017610859
0.0018155527
0.0013832365
0.0017821303
-0.0005297543
-0.0050845486
-0.0009208067
-0.0024846212
-0.0021716461
-0.0009884612
-0.0013997586
-0.0034749382
-0.0046697827
0.0001427651
-0.0004067692
-0.0016530458
-0.0011837628
-0.0029519012
-0.0014563911
-0.0039819730
-0.0059836791
-0.0133154718
-0.0017186536
-0.0034969572
-0.0046983263
0.0020455434
-0.0044945530
0.0005012704
-0.0025658291
0.0037373367
-0.0000451171
-0.0106962994
-0.0106355352
0.0039435741
0.0004442644
0.0042453348
0.0027048450
0.0026547422
0.0274693668
0.0431579463
0.0214707572
0.0033089360
0.0035715248
0.0015577757
-0.0042678299
-0.0033460211
-0.0041844351
-0.0286225937
-0.0390349217
-0.0349810533
-0.0063570421
-0.0064523066
-0.0038178558
-0.0006355486
0.0044787000
0.0135454442
0.0044399421
0.0076549654
-0.0024601272
0.0113708377
0.0082322899
0.0054081283
-0.0020072930
-0.0036441102
-0.0033103088
0.0014038595
-0.0009595488
0.0038479299
0.0031222117
-0.0001185666
0.0020581065
-0.0025168885
-0.0037215832
-0.0039306274
-0.0049470733
-0.0022448294
0.0068429327
0.0015779282
-0.0015178376
-0.0032065657
-0.0070957900
0.0049747396
0.0109511549
-0.0111379977
0.0000693525
0.0055827564
0.0000121020
-0.0057555321
-0.0096261855
-0.0069217132
0.0021353273
0.0074898861
-0.0125882030
-0.0068928264
0.0053676618
0.0123241171
-0.0007842812
-0.0127808182
0.0005200483
0.0029356014
0.0067861103
-0.0039210939
-0.0046764500
0.0075592450
0.0333630517
0.0062565529
-0.0081871944
-0.0015705078
-0.0006057273
0.0021371795
0.0022818595
-0.0061060665
-0.0005857093
0.0185617097
-0.0237629693
-0.0118661374
-0.0022029388
-0.0094018960
-0.0024370712
0.0049075414
-0.0342609361
-0.0015056604
0.0196368061
-0.0146917347
-0.0085979206
0.0017752692
-0.0004108324
0.0126442295
0.0087230075
-0.0355762094
0.0382035635
0.0128513882
0.0040322249
0.0034086599
-0.0090936711
-0.0029076696
0.0269629341
-0.0078265099
-0.0166354794
0.0382851399
-0.0006644027
-0.0059462856
-0.0000352817
-0.0096915895
0.0083045419
0.0209409855
-0.0230696611
-0.0093977358
0.0138943885
0.0051038987
-0.0085954601
-0.0077700191
-0.0097652273
0.0055922847
0.0148455929
-0.0140668079
-0.0064166258
0.0081619555
0.0111652091
-0.0071285591
-0.0038845025
-0.0002265793
0.0025600127
0.0035279570
0.0003265594
-0.0050616874
-0.0026174504
0.0117000258
0.0087898886
0.0033512211
0.0051253345
0.0060045626
0.0029965094
-0.0007809061
0.0000311042
0.0014762495
0.0053883255
0.0019442306
0.0043292404
0.0070401751
0.0032355243
-0.0044258782
0.0058248946
0.0163321327
0.0047380161
-0.0016248367
-0.0025471395
0.0007136013
0.0022838612
-0.0005052891
-0.0013352425
0.0070967530
-0.0017993356
-0.0193489362
0.0045355880
0.0020851903
-0.0023559686
-0.0018092899
0.0034268952
0.0160293709
0.0123584298
-0.0478386879
-0.0228839573
0.0166985355
-0.0094908811
-0.0017167741
-0.0070199468
0.0010685321
0.0184865166
-0.0146697881
-0.0303447153
0.0615809821
0.0173574481
-0.0209446549
0.0002963468
-0.0027959847
0.0112643186
0.0206250735
-0.0162273869
-0.0166868009
0.0248538870
0.0077374834
-0.0049402690
0.0046772384
-0.0071827839
0.0021228378
0.0118625192
-0.0065486901
-0.0258617066
-0.0067247627
0.0037520174
-0.0049613300
-0.0003423886
0.0006028989
-0.0005425135
0.0066207414
-0.0004107897
-0.0126792630
0.0030238614
0.0032038288
-0.0047409288
-0.0049455604
0.0010312054
-0.0003050156
-0.0021823989
-0.0000206183
0.0012135535
0.0001099135
0.0012073065
-0.0027096588
-0.0033097155
-0.0012283578
-0.0021003373
-0.0028380516
-0.0008303889
-0.0028279426
-0.0114960596
-0.0048054210
-0.0006005642
-0.0035906690
0.0030876687
0.0065810829
0.0021041527
0.0007273618
0.0057043331
0.0037909208
0.0083218096
0.0150497509
0.0066256248
0.0058856090
-0.0016797126
0.0001889238
0.0058591897
0.0052222400
-0.0088320188
-0.0016776992
0.0033098659
-0.0010452284
-0.0083642527
-0.0141514661
-0.0085671684
0.0049682814
0.0135103809
-0.0148177594
-0.0169150718
-0.0069877501
-0.0092388829
0.0042895484
0.0096461838
0.0084078945
0.0018238125
0.0160033181
0.0152885746
0.0121627366
0.0215769242
0.0058158827
-0.0053642727
-0.0054533961
-0.0070474208
-0.0053288727
-0.0071960725
-0.0178890172
-0.0114184003
0.0027230573
-0.0024531363
-0.0038493811
0.0015912402
0.0109657710
0.0048739673
0.0062926593
0.0128569286
0.0040734331
-0.0051584472
-0.0031912404
-0.0048688804
0.0074056569
0.0120502235
-0.0064706700
-0.0125417029
0.0000235388
0.0023702721
0.0019106513
0.0036140650
-0.0013827868
0.0006098842
-0.0003215525
0.0012702179
-0.0030501657
0.0033372210
-0.0009770197
-0.0001199215
0.0012160849
0.0009166150
0.0051891957
0.0035282751
0.0018887008
0.0001915970
0.0011615893
0.0032894048
0.0062211170
0.0008956376
-0.0093243942
0.0019950739
0.0095311105
-0.0028013128
0.0055740862
0.0025299506
0.0057418202
0.0046555949
-0.0014277691
-0.0030629246
0.0046542967
0.0126022547
0.0009526496
0.0024490030
0.0180091728
0.0091405762
0.0008576982
0.0019581844
0.0024913375
0.0072109923
0.0049485131
0.0184859410
-0.0073992447
0.0366535820
-0.0060089766
-0.0132511836
0.0028720514
-0.0050120852
-0.0035214126
-0.0128535060
0.0018065750
-0.0408201478
0.0299176872
-0.0036371378
-0.0165746249
-0.0015218686
-0.0036540593
-0.0034031898
-0.0008073376
0.0035241933
-0.0223474372
0.0173754487
0.0063451235
-0.0102697983
-0.0005759812
0.0021259829
0.0000023505
0.0003844942
0.0079402169
-0.0001518883
-0.0006413682
-0.0019976126
-0.0020881388
-0.0038652054
0.0065491749
0.0041248887
-0.0015307276
0.0063887415
0.0029131677
0.0035429157
0.0040080626
0.0036837431
-0.0017872937
-0.0030161880
-0.0099708056
-0.0104218153
-0.0070478879
-0.0112356152
-0.0068411394
-0.0028203139
-0.0027358129
-0.0050520226
-0.0050272662
-0.0099956440
-0.0115016280
0.0004837553
-0.0067995316
-0.0097958380
-0.0042681773
-0.0056445505
-0.0060326923
-0.0036947492
-0.0110352933
-0.0058602258
0.0091804024
-0.0109234313
-0.0136467135
-0.0051405970
0.0015920019
-0.0012126919
-0.0069397436
-0.0115432255
-0.0195515864
0.0006981340
0.0365939215
0.0131406803
-0.0069078300
0.0029479428
-0.0039608441
-0.0012517447
-0.0111248018
-0.0365983769
0.0547788218
0.3063314855
0.1775696427
-0.0006735843
0.0026758178
-0.0115094213
-0.0010123880
-0.0089706592
-0.0172820687
0.0533671193
0.2353552282
0.1603520364
0.0173707921
0.0003468262
-0.0037654834
-0.0068546548
-0.0059500346
-0.0070772031
-0.0225764811
0.0014263154
0.0137519548
-0.0012844903
-0.0056660301
0.0006440434
-0.0109811630
-0.0101986500
-0.0023459045
-0.0156274512
-0.0197144877
-0.0016023236
-0.0036335369
-0.0052096066
-0.0085298829
-0.0085763028
-0.0061598434
-0.0028201181
-0.0060395715
-0.0119145988
-0.0048404532
0.0004817087
-0.0044612424
-0.0074730776
-0.0055618179
-0.0040359693
-0.0062750103
-0.0094477907
-0.0095936134
-0.0118583404
-0.0091531025
-0.0069845114
-0.0061631654
0.0012403531
0.0065963408
0.0025522753
0.0032095071
0.0054827025
-0.0006609950
-0.0025586996
0.0022149247
0.0017854470
-0.0061040181
-0.0024061669
-0.0042527453
0.0019626999
0.0027818384
0.0008433344
-0.0069570085
-0.0015264085
-0.0025262893
-0.0009898270
0.0022296114
-0.0019520289
-0.0066054603
-0.0149819171
0.0080102831
0.0065209642
-0.0040728189
-0.0027108607
-0.0001056851
0.0066395849
0.0005538706
0.0099782646
-0.0168656800
-0.0219477043
0.0144311525
0.0076086265
0.0084799761
-0.0076293685
-0.0068345484
-0.0119223744
0.0126461331
0.0376886018
-0.0083485208
-0.0053532454
0.0004317780
-0.0009422443
-0.0041987901
-0.0035276881
-0.0041254316
-0.0029842758
0.0073974160
-0.0052839313
-0.0059713046
0.0021733106
0.0028671916
-0.0051343646
-0.0015283261
0.0015888597
-0.0027469229
-0.0076382663
-0.0138360411
-0.0036830385
0.0016611764
-0.0008769241
-0.0024826573
-0.0006515710
0.0011111336
0.0005038414
0.0012395688
-0.0049091526
-0.0046010492
0.0029706825
0.0008883410
0.0007664057
0.0016771930
0.0012165634
0.0018578038
-0.0030046995
0.0024580683
0.0018273990
-0.0006897648
-0.0002866207
-0.0048853736
-0.0028679459
-0.0025085344
-0.0018381781
-0.0048932796
-0.0048827990
-0.0036381327
-0.0003959655
-0.0010752685
0.0042864396
0.0025637841
-0.0028675101
-0.0025663462
-0.0107418057
-0.0091861570
-0.0046788543
0.0035630567
-0.0005021169
0.0009152651
-0.0011335388
-0.0039595561
0.0037210570
0.0026447717
0.0046272674
0.0033584223
-0.0022035146
-0.0023834268
-0.0006383079
-0.0079900362
-0.0040662983
0.0116003295
0.0201283526
0.0103772869
0.0062995157
0.0010833608
0.0002921243
0.0065016886
0.0009196901
-0.0026029719
0.0011056202
-0.0217675921
-0.0259124581
-0.0039660204
0.0080229882
0.0033769857
-0.0045801564
-0.0002485790
0.0008802589
-0.0077588269
-0.0060221921
0.0004530941
-0.0104607577
-0.0006999574
-0.0003487133
-0.0080317771
-0.0012444193
0.0056347032
-0.0049256859
0.0062016929
0.0123111373
0.0023658969
-0.0034295935
-0.0055127707
-0.0006936130
-0.0008580672
0.0020854957
0.0005359112
-0.0030541164
-0.0065031601
-0.0023733070
-0.0015879733
-0.0020087487
0.0019520683
0.0051056184
0.0088831680
0.0020899407
0.0063824188
0.0048987935
-0.0061208494
0.0011236689
0.0027094714
0.0001164961
0.0042251851
0.0150782103
-0.0063167778
-0.0031050800
0.0065061837
-0.0032590944
0.0087250229
0.0018003627
-0.0065773558
0.0115520125
0.0267221089
-0.0045139706
0.0032060978
0.0004710455
-0.0031713352
0.0164032187
0.0039781998
-0.0029173084
0.0070799585
0.0311197322
-0.0011417087
0.0444922484
0.0332803130
-0.0178481359
0.0060810298
0.0017619620
-0.0016540200
0.0006686071
0.0300875865
0.0205930769
0.0873921812
0.1507491320
0.0370630473
0.0024126866
0.0024694286
0.0001434742
-0.0005308575
0.0085997935
0.0185274053
0.0955828801
0.1428353935
0.0238638874
0.0009842742
-0.0021449041
0.0014580752
0.0006062972
0.0067418646
-0.0004297509
0.0040983213
0.0173952673
-0.0080350460
0.0044180118
-0.0014543884
0.0079471255
0.0079228776
0.0089235334
0.0122255413
0.0173353795
0.0039333445
-0.0033985784
0.0127032110
0.0080974028
0.0063242689
0.0045984243
0.0080643706
0.0088276705
0.0102571370
-0.0006305160
-0.0029473472
0.0076615443
0.0051954314
-0.0050605517
-0.0018192738
-0.0010179784
-0.0025538306
-0.0051474078
0.0015957722
0.0005146047
-0.0022127284
-0.0029823422
-0.0056543699
0.0035848222
0.0017005734
-0.0007071825
-0.0031297184
-0.0022863250
0.0014925305
-0.0057766279
-0.0039234282
-0.0041018408
-0.0027809201
0.0044629034
0.0007395993
0.0030266000
0.0140357250
0.0056953174
-0.0021452089
0.0010426446
-0.0020807895
-0.0010222961
-0.0004145955
0.0007869815
-0.0229858123
-0.0210991222
0.0024655545
-0.0042505930
-0.0024122521
-0.0041694958
-0.0008779401
0.0124783190
-0.0115635106
-0.0521005988
0.0185713004
-0.0164496973
-0.0082272906
-0.0002642430
-0.0035391029
-0.0013147242
0.0016720186
-0.0025347979
-0.0390469171
0.0227877554
-0.0184361190
-0.0035006129
0.0015310429
-0.0069162436
-0.0024248634
-0.0058074854
0.0045667025
-0.0148039702
-0.0143616917
-0.0005719036
-0.0042826831
-0.0011674077
-0.0008710994
-0.0006260705
-0.0017584035
0.0041064830
0.0024879463
0.0070171906
0.0055190329
-0.0003181722
-0.0036787339
-0.0045811776
-0.0048232190
-0.0021987848
0.0042925137
0.0036025208
-0.0038850040
-0.0053937864
-0.0036247075
-0.0038769564
0.0029096236
0.0010268262
-0.0033919232
-0.0013902639
-0.0067096390
-0.0022290333
-0.0030743896
-0.0035634723
-0.0034419021
-0.0003722856
-0.0025884479
-0.0070064915
-0.0006400392
-0.0031070583
0.0016145693
-0.0018404548
0.0014903208
0.0001687740
-0.0009030927
-0.0058640921
-0.0068271565
-0.0099167451
-0.0122841839
-0.0129613848
-0.0133004691
0.0047421479
0.0012050770
0.0016053154
-0.0005479923
0.0026609001
-0.0028139122
-0.0139261205
0.0170208476
-0.0017939362
-0.0044488362
-0.0037815978
-0.0022756516
-0.0010183725
0.0111242896
0.0101094991
-0.0290844496
-0.0195857696
0.0037839203
-0.0008661409
0.0078474572
-0.0051851263
-0.0069066314
0.0000363066
-0.0059351493
-0.0580874719
0.0553436056
-0.0069050291
-0.0121555412
-0.0030326908
0.0013584872
0.0008487279
0.0031500841
0.0069143088
-0.0286662597
0.0084355082
0.0061756824
0.0017912092
0.0054381546
0.0011609124
-0.0014761528
0.0016656717
-0.0010988202
-0.0078066601
0.0059443624
0.0006305167
-0.0031333980
-0.0004996764
-0.0008026233
-0.0049180412
-0.0034649037
-0.0050699241
-0.0051963371
0.0021500920
0.0005522002
0.0027061454
0.0012578631
0.0071632606
0.0004597306
-0.0019214075
0.0089672236
0.0084984042
0.0003925636
0.0028119851
0.0020924895
0.0072088791
0.0033294680
-0.0048082490
-0.0055972990
0.0047708103
-0.0022175214
-0.0053129778
-0.0004001901
-0.0008337487
0.0029013746
0.0028905533
-0.0015099439
-0.0063228221
0.0088569559
0.0037228465
-0.0068287044
-0.0011554505
-0.0059285546
-0.0028913482
0.0038663154
-0.0008889282
-0.0098739192
0.0129160369
0.0249785893
-0.0082086697
0.0094779972
0.0028503982
0.0041913977
0.0070896489
0.0035338236
-0.0144198108
0.0215182994
0.0282207020
-0.0259747673
0.0107132616
0.0114710610
0.0137418956
0.0067293202
0.0017881107
-0.0118463859
0.0170716532
0.0413312390
-0.0245089158
0.0087059001
0.0153759550
0.0094834892
0.0039949506
-0.0023836736
-0.0143955592
-0.0036809221
0.0197734199
-0.0208807997
-0.0022825492
0.0047781481
-0.0018355038
0.0068816785
0.0026139149
-0.0026813787
0.0075340057
0.0148696806
-0.0059991255
-0.0027035323
0.0001747338
0.0079934066
0.0058349674
0.0056838603
-0.0004927024
0.0040954095
0.0044119381
-0.0071862936
-0.0031682341
0.0007271715
0.0054007228
-0.0056305360
-0.0040437859
-0.0040273108
-0.0024815812
-0.0059830989
-0.0082727904
-0.0031560548
-0.0054764147
-0.0065730526
0.0041928887
0.0035378835
0.0035340104
0.0062993844
0.0072585335
0.0074953353
0.0095086582
0.0112235714
0.0047491491
0.0026141938
0.0038000760
0.0028936467
0.0107745975
0.0137271052
0.0087639531
0.0067271772
0.0044806344
0.0027197504
-0.0009311490
-0.0030093638
-0.0028512191
-0.0028737902
-0.0158475637
-0.0172358323
-0.0103936782
-0.0085557718
-0.0066309804
-0.0049825259
-0.0006087873
0.0104720229
-0.0175505392
-0.0310712382
-0.0024586285
-0.0111826286
-0.0203522854
-0.0059810388
-0.0038565639
0.0048857909
0.0177889932
-0.0084260292
0.0000279719
0.0466580093
0.0304687656
0.0021712792
0.0058368491
-0.0005037204
0.0057989918
0.0032284642
-0.0014835317
0.0078537175
0.0017242574
0.0034325379
0.0119632147
0.0034927784
0.0052651791
0.0076347953
-0.0008961676
0.0098119481
0.0076803202
-0.0168970935
-0.0140689015
0.0034560936
0.0034021901
-0.0005517939
-0.0011686134
-0.0041513420
-0.0023926967
0.0045848028
0.0006071951
-0.0015725347
-0.0000451915
-0.0044642962
