-0.0523548946
0.0076634334
0.0163649786
-0.0587201156
0.0652991757
-0.0765569508
0.0453675278
0.0257564764
0.0142707732
-0.0533798635
0.1975867301
0.0195527337
0.0327698439
0.0033485082
0.0631284192
0.0658893064
-0.0363350399
-0.0214563478
0.0523176640
-0.1112931818
-0.0442919321
0.0098667163
-0.0059596351
0.0577401333
-0.1232958138
-0.1284387112
0.0652116686
-0.0056942208
-0.0010918872
0.0913011059
-0.0306343753
0.5658315420
0.0541797206
-0.0411650687
0.1977658868
-0.0019147801
-0.0562077090
0.2739121616
0.0181803964
0.0306703579
-0.2369408309
0.0678065494
0.0966691673
-0.0416373983
0.0150147853
0.1149797067
0.0211393218
0.0136611760
0.0680906922
0.1488140076
-0.0039027443
0.0403174609
-0.0339567624
-0.0520402230
0.1699305922
0.3606426716
-0.0320760235
0.0616537780
-0.3095664978
0.1210260615
0.0989586636
-0.1214565262
0.0351215675
-0.1113953069
0.0485147685
0.0419777110
0.1633095443
0.0704995394
-0.3015145063
0.0412480198
0.2992812097
-0.0450603031
-0.2727648318
-0.2032114565
-0.1592369825
-0.0437923968
0.0595051572
-0.2058929354
-0.0371096060
0.0947398543
0.0370889679
-0.0724884048
-0.2397335321
-0.0164008960
0.0271523613
0.2710292339
-0.1318027973
-0.0125438701
-0.0633653328
-0.0356550664
0.0589614771
-0.0711707473
-0.0023089065
0.0636013299
-0.0198941696
0.0042642280
0.0213140082
-0.0192547366
0.0192231014
0.0999481678
-0.2490858883
-0.0035045303
0.0307806488
-0.5001564026
0.2086944282
0.0681967288
-0.2900246680
0.0399737246
0.1173960268
0.0547920614
0.1031228527
0.0083974628
-0.0427307189
0.0959292129
0.0791682154
0.1257931590
-0.0124042556
0.0592477061
-0.2422763556
0.0096174888
0.1096782535
0.3187952042
-0.0452061556
-0.0414145701
-0.1378894597
-0.0960615799
-0.2403763533
0.1468911171
-0.1016925052
0.0225461852
0.5470426083
-0.1463660449
-0.0621088371
-0.2352989167
0.0486813672
0.0066168597
-0.0458004475
0.1708698422
-0.2039706856
-0.5673655272
0.0592509247
0.0758317783
0.2884438038
0.0198636930
-0.0180873014
-0.3512376547
0.0291140303
-0.1204213053
-0.2133086324
0.0913493335
-0.1193484291
-0.0862076953
0.0558557324
-0.0027227737
-0.1651535630
0.1033872291
0.0539738052
-0.1310542077
0.0926496014
0.0671012253
0.1925725043
-0.0525158755
-0.0661450624
-0.1356296539
0.0673811287
0.1108170897
0.2750477791
0.0375619456
0.0036682149
0.0576827526
-0.0234059691
-0.1870436966
-0.0934975892
-0.0156153878
0.1106602699
-0.4245795012
-0.0380433053
-0.0671415478
0.0955420285
-0.1281651258
-0.0969839320
0.4474932253
0.0420789644
-0.1008838117
-0.7651262879
-0.1246189550
-0.0465869159
-0.0771749020
-0.1528580934
-0.0620154776
0.2075592279
-0.1952063441
0.0331587866
0.4289372265
-0.2072504014
-0.1448324323
-0.2020031065
-0.0292987600
0.0274621807
-0.2915850282
-0.4002352953
-0.0371947065
0.0755773783
0.1104356721
-0.0342850536
-0.1002366170
0.1221400946
0.0153212268
-0.0901815072
-0.0107279159
-0.3742669523
0.4741702974
-0.0377727449
-0.0272886213
0.0943993926
-0.0522753783
-0.1395479888
-0.0196473133
-0.0437624902
-0.0848032385
-0.0846470892
-0.0952666774
-0.0203510523
-0.0614966638
-0.0292564090
0.0178976897
0.0605112575
-0.0028109113
0.2490942627
-0.0872045308
0.1169275939
0.0599236786
0.0956492722
0.0148680387
0.2856515348
-0.0301308502
0.1335131079
0.0035459925
0.1045255810
-0.1218456551
0.3676876724
0.1077117473
-0.0548561625
-0.1409761608
-0.1113138422
-0.0340678021
-0.0191025231
-0.0698438957
-0.1007158458
-0.2245769352
-0.0191820301
0.0169249810
0.1472963095
-0.1565681696
-0.0551484562
0.3582852185
0.1954384148
-0.1320739239
0.1753154695
-0.1246512830
-0.0876654983
-0.1707389504
0.0450537540
-0.0132632433
0.0983865187
0.6659398675
-0.0868183374
0.0886147693
-0.0332131237
0.0516765863
-0.2110046595
-0.2150592953
-0.0528486259
0.0837471783
0.1538621485
-0.0366991498
0.0371944606
0.0251937956
0.0198944472
0.0686285719
-0.0625152439
-0.1022479385
0.0482884981
0.6591006517
0.2594023645
-0.0769804269
-0.2528593242
0.1145327240
0.2241454870
-0.1331185848
-0.0588952154
-0.1554934382
0.4559384584
0.1185847372
-0.1949869543
0.1505633444
0.0474964380
0.2094473392
0.2990501821
0.1268774569
0.2602849007
-0.4550687969
0.2035698444
0.0564568639
0.0794236362
0.0754339397
0.1435170174
0.3040245175
0.2307937890
0.2355863601
-0.1382506192
0.0239163879
0.0294628814
0.0807202607
-0.0746155083
0.1696469188
0.3067248464
0.1984100938
-0.1812954396
-0.1559647322
0.1979274005
0.0149993813
0.0039597317
0.0711612701
-0.0750527382
-0.0547585934
0.0098806862
-0.1161423400
-0.0587212220
-0.1565552205
-0.0397077948
-0.2240645587
-0.1453352422
0.0154888807
0.0158867091
0.0473541468
0.0405164659
0.2230233699
-0.0182119738
0.0115163261
0.0824371949
0.0896064267
0.0930852294
-0.0358225033
0.0466728732
0.0252675936
-0.3479296565
0.3381569982
0.0806888565
0.2522227764
0.0659317970
0.0408646911
0.0238515176
-0.1044725403
0.0989805758
0.3949708641
-0.3350795507
-0.0365886018
-0.3894995749
0.0181312133
-0.0370227285
0.0102059860
0.0024755357
-0.0390871949
0.5533846617
0.0361159891
0.0944394022
0.2337453514
-0.0095834713
-0.0189387165
-0.1097615808
0.0219024196
0.0322158374
0.4773151577
0.1270558685
0.0786850676
0.0731750354
-0.0565346070
-0.0548965260
-0.2644711733
-0.1366303712
-0.0348584652
-0.0425506383
-0.2613982558
0.2105903327
0.2416047156
0.0695636719
0.0076241074
0.3501068056
-0.0095320307
-0.0083098942
0.1923792362
-0.2330575138
-0.1222360730
-0.1493795663
0.0785918757
0.0408291779
0.2551827431
0.0228426252
-0.0312538072
0.3019930422
0.0615320727
-0.0356315784
-0.1078455299
0.0885209292
0.0433494970
0.3374917209
0.2234994322
0.0793525726
-0.1513729095
0.4745739400
0.0645130128
0.3528277874
0.0481082574
-0.0489571132
0.0871757716
0.0614694729
-0.1069552079
0.2804909647
0.0263039395
-0.0440424345
0.1117620394
-0.0292372648
-0.0153778186
0.2786847353
0.1370709240
0.2049081773
0.0016956673
0.0866081491
0.1853365153
0.4154754877
-0.0791513398
0.1076273769
-0.2217425555
0.0880733728
0.2887151241
-0.3526718915
0.0344940946
-0.1095365137
0.0738204941
0.1882871687
-0.1409693807
-0.2036499530
-0.0415348671
-0.0781393573
-0.2023127973
-0.1786832362
0.0160971005
-0.1741273999
-0.0690698028
-0.1592483670
0.0673634261
-0.3246037662
-0.2151387036
-0.6018416882
0.1404021680
0.1775822937
-0.0211925805
-0.0977778807
-0.0161032863
-0.1436754763
0.0939702690
0.2950667441
0.0754428357
0.0503143370
-0.0898552909
-0.0962829813
-0.1516179740
0.0136329103
-0.2343792021
0.0099344999
0.2208339423
-0.0344129764
0.0040684501
-0.0837766528
0.2324886024
0.0496591851
-0.0553074777
-0.1440095454
0.0862191170
0.0817588344
-0.5874888301
-0.2771310508
-0.0796536133
0.0147532243
-0.0587415695
0.0404055752
0.0969652832
0.1352481246
-0.3214696050
0.8691866994
-0.4432158768
0.0022698813
0.1072707102
-0.0638207197
0.1790994853
0.0108283060
-0.0485478975
0.4045007825
-0.2201544195
-0.1922873557
-0.0211422946
0.0262889862
-0.0380627625
0.1423665434
0.3384427428
0.0118445028
0.2572164237
0.1446234584
-0.1816536635
0.3897753656
0.0753660947
0.0199435931
-0.0855829343
0.2042392492
-0.1849088222
-0.0828914791
-0.2029425502
-0.0310694836
0.1372875720
-0.1340598911
0.0053265132
0.2566297650
-0.3528492749
0.1068085432
0.1935884655
-0.5224913955
0.2924039960
-0.0502379611
0.0226860456
-0.0263883621
-0.1042311788
-0.1914836466
0.0772459954
0.0878221318
-0.0058567869
-0.0474194847
-0.1833799779
0.0730663761
-0.1259736121
0.0746244490
-0.0479905047
-0.0371308401
0.0333969332
0.0484985262
0.0187586192
-0.0876823738
-0.0512241349
0.0013371538
-0.0332160331
-0.0197107028
0.0119941775
-0.0032725709
0.0131672490
-0.0329930969
0.0472850688
0.0289741512
-0.0320162103
-0.0422332622
0.1205614209
-0.0382133573
0.0243246686
0.0930014402
-0.0977355689
0.0201277416
0.0170251168
-0.0262283720
0.0061355336
-0.0501218550
0.0100486726
-0.0671840087
-0.3564211130
0.1282441020
0.0350222737
0.0684407502
-0.0216794014
-0.0518350787
-0.1071217805
0.0112791024
-0.0520564876
0.0785069019
-0.0171722695
0.0146898869
0.1125581786
-0.0124297570
-0.0275750905
-0.0289570093
-0.0406232141
-0.0882741213
0.3904173970
-0.0194082670
0.0094425045
0.0043091956
0.0072977063
-0.0470409468
-0.0230323002
0.0372793414
-0.1381324083
0.0108859278
0.0365102589
0.0153016262
0.0383423269
0.0025105339
0.0363120101
-0.0234071687
0.0274036322
-0.0453429557
0.0570798777
0.0454371423
-0.0173188057
-0.0582963489
-0.0688110664
0.0231152643
-0.0362222455
0.0068274857
-0.0126541685
-0.3020333350
0.1064570844
0.0216955729
0.0376100428
-0.1408946961
-0.0478435643
0.0159133784
-0.0151112676
-0.0059957881
0.9858564734
-0.1219119355
0.0524037108
-0.2097163647
0.0324572809
-0.0675620139
-0.0047176569
-0.0004371835
-0.0146647720
0.0170605499
-0.0129878027
0.0064145662
-0.0582556613
0.0301120710
-0.0297179669
0.0661093742
-0.0320558809
0.0456515364
-0.6639307737
0.1101979986
0.0656661242
-0.0139890919
0.0563577786
-0.0315803811
0.0014321937
-0.0524748601
0.1125908494
-0.2182878256
-0.2073053420
0.0660688952
0.1294627935
0.0527251847
-0.0299152005
0.1681460589
-0.0280928481
-0.0324492417
0.1737050861
0.0376088656
0.0476717390
-0.1526205838
-0.0348578431
0.0233556796
-0.1257516593
-0.0484154820
-0.1994305998
0.4125626981
-0.0566194467
0.0427058451
-0.3022527397
-0.0070982263
0.0955537558
-0.0417334288
0.0133163212
-0.1413087696
0.2409840375
0.1399489492
-0.0323044211
0.2153642029
0.0183029361
0.0113312108
0.1916087866
0.0966756269
-0.1086161956
0.4959675670
-0.0050558699
-0.0048955563
-0.2514980435
-0.0546892732
0.0571844950
0.1232445911
0.1531206965
0.2242916971
0.1251876056
-0.2116420269
0.0731199458
-0.0221973564
0.0587154962
-0.0700013787
-0.0514333174
-0.0979945064
0.2257385701
0.6282806993
0.2518361807
0.0170666557
-0.0665287822
0.0311585944
0.1790320128
-0.0093876068
-0.0154926265
0.1794396937
0.0566939488
-0.0724166259
0.0033159666
0.1248082593
0.0221803449
-0.0633323714
0.1494911164
-0.0296988208
-0.1830187440
-0.0935298651
-0.0942520350
-0.0789797455
0.0553095415
-0.0289628264
0.0201315824
0.0071278429
0.1260161698
0.0323542282
0.0443294495
-0.2364979535
-0.0575009696
-0.1809549183
0.0187239945
-0.0162417274
0.1405473202
0.0855655521
0.0027196023
0.0465021059
-0.0945011750
0.0544617586
-0.1190314740
0.0567778945
-0.0329317413
0.1663186848
0.0148678487
0.0232110936
-0.3382893205
0.1363015920
0.0248084608
-0.3306077719
0.1536955833
0.1075392738
0.2042517215
0.1925893575
0.1973899603
0.1466465443
0.1512653828
0.0730957240
-0.0251814164
0.0632869750
-0.0029815563
-0.0562413000
0.1514659077
0.0562840253
0.0794582739
-0.0149943652
-0.0186900180
-0.0410016812
0.1152580902
-0.3014843762
-0.2887946665
-0.2240040004
-0.3026859760
1.1752835512
0.2816971540
-0.1615383774
0.3668408692
-0.0520285778
-0.0564394146
-0.0586394891
0.1479615569
-0.1568272114
0.4515422285
-0.0337389745
0.0673478320
-0.0920425206
-0.0839995146
-0.0765183419
0.1692971736
0.1981474757
-0.0054108747
-0.0886576176
0.0380455405
-0.0988292098
-0.0050376346
0.0616196617
-0.0945954993
0.0574058630
-0.0362991244
0.0492979176
-0.0118099106
-0.0675044581
0.0678452402
0.1558916867
-0.0636922196
0.0817166269
0.2561209798
0.1748068333
0.0187756065
-0.0600503646
-0.1129243970
0.0373072252
0.1663514674
-0.0858610570
0.0924165025
0.1416222602
-0.1490900666
0.2358221859
-0.0209456012
-0.3132158220
-0.1347450763
-0.1529327333
-0.2027143389
-0.0473825745
0.0434566103
-0.1942297816
-0.2644885182
0.5078330040
0.1993034929
-0.0581931062
0.1333970875
-0.1151782945
-0.0434614792
-0.2480630577
-0.3570705354
-0.0662988424
-0.1149679273
-0.1406728029
-0.0517914332
0.0168078393
0.0021830350
0.0256950334
0.2330839038
-0.0790365338
0.0879211724
-0.1565790176
0.0812044367
-0.0617374741
0.1130290627
-0.0432844870
-0.0291669928
-0.2564497888
-0.1966686547
-0.0633201748
-0.2876557410
-0.4504622221
0.0421900600
-0.0131954961
0.1258025020
0.1929457337
0.0403026082
-0.0341745242
0.3065453470
0.3342033923
-0.1902559996
-0.1022123471
-0.0019032178
-0.0791265592
-0.1541747153
-0.0934015736
0.0973057598
0.0281002466
-0.0751308575
-0.2342662215
0.1447467953
-0.0171910245
-0.0038478447
0.0503486209
0.4021776617
-0.0811547637
-0.2174939364
-0.0189424939
0.0825524032
-0.0522328950
-0.1168976426
0.0823739544
-0.1456526220
0.0059633111
0.0660633221
-0.2478634864
-0.1783487350
0.2190978527
0.1231866777
-0.0276610442
-0.0667885765
-0.1044392958
0.0638319328
0.0576362871
-0.1786263883
0.1682721376
0.0772706047
-0.0205208659
0.1438789070
-0.0416269638
0.0145892585
0.0854106769
0.0959130600
0.1645743251
-0.1133523956
0.0165019836
0.1210588068
0.1603913307
0.0067211054
-0.0893647596
0.0437522493
-0.0101696691
-0.1678403020
0.0288900379
0.3333460093
0.3684457242
0.0571233705
0.1530289948
0.0188933890
0.1182841733
0.3157114685
-0.0712567642
0.0756584406
0.0160144567
0.0208846238
-0.1365922987
0.0593984425
-0.0957750976
-0.0688194856
-0.0740470961
-0.1244305745
0.0232401360
-0.0068134409
0.0117600486
-0.2512181699
-0.0077258511
0.0282205287
-0.2059773356
0.0341753624
-0.3450616300
-0.2114125192
-0.3759622276
-0.0135840671
0.0152370352
0.0913175866
-0.0633407086
-0.0948758051
0.0671008378
0.0036543303
-0.1439292580
0.0279540811
-0.1332390159
0.0388350524
0.0452733748
-0.1117872819
-0.2010471821
0.1149491370
0.0170041993
0.1036197692
0.2181458771
0.1911703348
0.1884551495
-0.0224563181
0.2027193606
-0.0588706583
-0.0263407007
0.2359729111
-0.1786643267
0.1064331979
-0.2095958143
-0.0586045682
0.0249275435
-0.0606460012
0.0579572618
0.0959911719
-0.0108121037
-0.0050997636
0.1219440997
0.1561664790
0.1271079481
-0.0793446451
0.0409408323
-0.0630789921
-0.0973020867
0.0383665338
0.0713180006
-0.3510264754
0.1693297923
-0.0729405582
0.1658398211
-0.0685586631
0.0668346658
0.0073561142
-0.1885390580
-0.2184044421
0.1824275553
0.0172243845
0.0722409859
-0.0924476832
-0.1888254285
-0.0066493349
-0.0309624933
-0.1038908958
-0.1211794317
0.0458251610
0.1124382913
0.2065115422
0.1124841422
-0.0584959686
0.1555841565
-0.1297526658
-0.1710484028
0.3743158579
-0.0028047320
-0.0145622920
-0.0043594060
-0.1059537753
0.0625557005
0.0718386099
-0.0023587735
-0.5878248811
0.2301556915
-0.2675603926
-0.0563854985
0.1285104901
-0.1318841428
-0.0203230157
0.1233039498
-0.0412944332
-0.1545482278
-0.0079228412
0.1721533090
0.0082440320
0.0267299749
-0.1156487018
-0.1510369182
0.1453281194
0.0904982984
-0.0562401377
0.3971174061
-0.0929328501
0.0900724381
0.1357681006
-0.1178454384
-0.2441362143
-0.0258438829
-0.0396403335
-0.0629452690
-0.7747217417
0.1535747051
0.1528079063
-0.0560281128
-0.0362073295
-0.0496478900
-0.1097316369
-0.1149855852
-0.0206026286
-0.0687422156
0.1536961496
0.0025187307
-0.0117810601
0.0634946376
-0.0676935539
-0.0061385874
-0.0574782081
0.2503077686
0.2409917563
0.1704866290
-0.0558492802
0.0004283841
-0.1166287661
0.0679741576
0.0958267376
0.1386212856
0.2352378815
0.0917814225
0.1270827502
0.0780006051
0.1559894383
0.1178600490
-0.1641203314
-0.0468273461
0.0080134161
-0.2675780058
-0.1739477366
-0.0786843598
-0.0474398434
-0.0556522198
-0.0073090168
0.0060784565
0.1715477407
-0.0964438170
-0.0429290831
0.0887043327
-0.1669173241
0.0690838024
-0.2791122496
-0.2294798940
-0.1305017173
-0.2335659713
0.0390317887
-0.3701618314
-0.5252573490
0.0988780707
-0.0272213481
0.2431272417
0.0435232669
-0.0555097982
0.0464680567
0.0490960255
0.0541216284
-0.2119535655
0.0314029083
0.1141538247
-0.1143109053
-0.0020391906
0.0045539937
0.0934250504
0.1700823307
0.0561554991
-0.0497378260
0.1762503833
0.0626629293
0.0865625367
0.0875489861
0.0887185633
0.2176647037
0.0796232596
0.2336426228
0.1157574505
0.1244024485
0.0268170815
-0.0764568523
-0.0385166183
-0.2976104915
0.1533913612
0.1933717728
-0.2851187587
0.0022325648
-0.0556079149
0.2052610815
0.0926285684
-0.0119925244
0.1626016200
0.1132831052
0.0591397174
-0.1748563647
-0.2242712379
0.0961395875
0.0418099798
0.1521039754
0.0671946779
-0.0521580763
-0.1589467227
-0.1350625157
-0.2287550271
0.5238573551
-0.2668278515
-0.0464154445
-0.2773374915
-0.0093874959
-0.1900699586
0.2312185168
-0.0768418834
0.1761978567
-0.2889244258
0.0482745729
-0.0088358913
-0.0914724395
-0.0220218003
-0.1783790886
-0.3749108613
-0.3114587367
-0.1137692928
-0.0707760304
-0.1371748894
-0.0874880552
-0.3620067537
-0.0100704497
0.0413949303
0.1103097498
0.0766771510
0.2154091895
0.0519489162
0.0341849476
0.0583575480
0.1194987148
0.0271493681
-0.0018177929
-0.0874047205
0.0370119810
-0.0415979922
-0.1217040345
0.0226979498
-0.0305375028
-0.0193161666
0.0105083659
0.0663587525
0.0219805073
-0.0044693463
0.0145944050
-0.3817729056
0.0541110970
0.0085877832
0.0178602245
-0.0144723402
-0.1501550227
0.0222527348
0.0499788448
-0.1682581455
0.4472105503
-0.0321358517
0.0894301757
-0.0895075351
0.0111907907
0.0349307247
0.0258367658
0.0458009392
-0.0637062341
-0.1999662220
-0.0187360030
-0.0499008149
-0.0854845122
0.0318641588
0.0672073066
0.0509501845
0.0375974439
0.1168895811
-0.4944420755
-0.0595775433
-0.0031240722
0.0020457190
-0.0843144432
0.0651712492
0.1411659420
0.1114872396
-0.0998059288
0.2031544298
-0.0434299745
-0.0854725763
-0.0489575416
0.0074181082
-0.1317616254
0.1304150373
0.1195128635
-0.0228521861
0.0540064164
0.1195410788
-0.0034962837
-0.0240041763
0.1675706506
-0.2440097034
0.0493731461
-0.0618809350
-0.1147753149
0.2621202171
0.0527394153
0.0114730047
-0.1019054353
0.0308279824
-0.0858017951
0.0895422548
-0.1178412661
0.1246803030
-0.0399425291
0.0522167832
-0.1028628647
0.0171180870
-0.0294170268
0.0854902342
0.0202867314
-0.0590470098
-0.0196583197
-0.1917452514
0.0202021170
-0.0540738776
0.0621308759
-0.0112349577
-0.0782216862
-0.4806333184
-0.0524796806
-0.0860609561
-0.3321363926
-0.1320658773
-0.2059194744
0.1770347953
-0.0873225555
